customerId,recommendedProducts
1069,20424183|20415723|20406349|20370688|20333225|20332419|20307585|20301149|20246068|20246013
1113,4711686006090|4710998000802|4710731060124|4710363382045|4710032601194|4710015103370|4711128668787|4710960892077|4710247005206|4710467221516
1823,4712425010255|20424183|20415723|20406349|20370688|20333225|20332419|20307585|20301149|20246068
6668,20424183|20415723|20406349|20370688|20333225|20332419|20307585|20301149|20246068|20246013
10801,20424183|20415723|20406349|20370688|20333225|20332419|20307585|20301149|20246068|20246013
16049,20424183|20415723|20406349|20370688|20333225|20332419|20307585|20301149|20246068|20246013
16766,20424183|20415723|20406349|20370688|20333225|20332419|20307585|20301149|20246068|20246013
16773,20424183|20415723|20406349|20370688|20333225|20332419|20307585|20301149|20246068|20246013
16803,20424183|20415723|20406349|20370688|20333225|20332419|20307585|20301149|20246068|20246013
18173,20424183|20415723|20406349|20370688|20333225|20332419|20307585|20301149|20246068|20246013
18524,20424183|20415723|20406349|20370688|20333225|20332419|20307585|20301149|20246068|20246013
18821,4711686006090|4710998000802|4710731060124|4710363382045|4710032601194|4710015103370|4711128668787|4710960892077|4710247005206|4710467221516
19545,4711686006090|4710998000802|4710731060124|4710363382045|4710032601194|4710015103370|4711128668787|4710960892077|4710247005206|4710467221516
19750,20424183|20415723|20406349|20370688|20333225|20332419|20307585|20301149|20246068|20246013
19873,20424183|20415723|20406349|20370688|20333225|20332419|20307585|20301149|20246068|20246013
20220,20424183|20415723|20406349|20370688|20333225|20332419|20307585|20301149|20246068|20246013
20459,4711039232190|8712045000199|4710088490247|4710036005608|4710011430524|4710011430517|4710250440186|4710011417099|4710008242123|4710734000318
20596,20424183|20415723|20406349|20370688|20333225|20332419|20307585|20301149|20246068|20246013
20695,20424183|20415723|20406349|20370688|20333225|20332419|20307585|20301149|20246068|20246013
20794,20424183|20415723|20406349|20370688|20333225|20332419|20307585|20301149|20246068|20246013
20848,4711686006090|4710998000802|4710731060124|4710363382045|4710032601194|4710015103370|4711128668787|4710960892077|4710247005206|4710467221516
21432,20424183|20415723|20406349|20370688|20333225|20332419|20307585|20301149|20246068|20246013
21449,20424183|20415723|20406349|20370688|20333225|20332419|20307585|20301149|20246068|20246013
21647,20424183|20415723|20406349|20370688|20333225|20332419|20307585|20301149|20246068|20246013
21678,20424183|20415723|20406349|20370688|20333225|20332419|20307585|20301149|20246068|20246013
21951,20424183|20415723|20406349|20370688|20333225|20332419|20307585|20301149|20246068|20246013
22729,20424183|20415723|20406349|20370688|20333225|20332419|20307585|20301149|20246068|20246013
22736,4711686006090|4710998000802|4710731060124|4710363382045|4710032601194|4710015103370|4711128668787|4710960892077|4710247005206|4710467221516
22903,20424183|20415723|20406349|20370688|20333225|20332419|20307585|20301149|20246068|20246013
22927,20424183|20415723|20406349|20370688|20333225|20332419|20307585|20301149|20246068|20246013
22934,20424183|20415723|20406349|20370688|20333225|20332419|20307585|20301149|20246068|20246013
23146,20424183|20415723|20406349|20370688|20333225|20332419|20307585|20301149|20246068|20246013
23207,20424183|20415723|20406349|20370688|20333225|20332419|20307585|20301149|20246068|20246013
23245,20424183|20415723|20406349|20370688|20333225|20332419|20307585|20301149|20246068|20246013
23474,20424183|20415723|20406349|20370688|20333225|20332419|20307585|20301149|20246068|20246013
23672,20424183|20415723|20406349|20370688|20333225|20332419|20307585|20301149|20246068|20246013
23795,20424183|20415723|20406349|20370688|20333225|20332419|20307585|20301149|20246068|20246013
23863,20424183|20415723|20406349|20370688|20333225|20332419|20307585|20301149|20246068|20246013
24532,20451042|20424183|20415723|20406349|20370688|20333225|20332419|20301149|20246068|20246013
25324,20424183|20415723|20406349|20370688|20333225|20332419|20307585|20301149|20246068|20246013
25362,20424183|20415723|20406349|20370688|20333225|20332419|20307585|20301149|20246068|20246013
25515,20424183|20415723|20406349|20370688|20333225|20332419|20307585|20301149|20246068|20246013
25553,20424183|20415723|20406349|20370688|20333225|20332419|20307585|20301149|20246068|20246013
25577,20424183|20415723|20406349|20370688|20333225|20332419|20307585|20301149|20246068|20246013
25683,4710126152007|4710095958006|4718057701769|4714276280061|20424183|20415723|20406349|20370688|20333225|20332419
25805,4711686006090|4710998000802|4710731060124|4710363382045|4710032601194|4710015103370|4711128668787|4710960892077|4710247005206|4710467221516
25973,20424183|20415723|20406349|20370688|20333225|20332419|20307585|20301149|20246068|20246013
26062,20424183|20415723|20406349|20370688|20333225|20332419|20307585|20301149|20246068|20246013
26321,20424183|20415723|20406349|20370688|20333225|20332419|20307585|20301149|20246068|20246013
26468,4711686006090|4710998000802|4710731060124|4710363382045|4710032601194|4710015103370|4711128668787|4710960892077|4710247005206|4710467221516
26550,4710706902008|20424183|20415723|20406349|20370688|20333225|20332419|20307585|20301149|20246068
26666,20424183|20415723|20406349|20370688|20333225|20332419|20307585|20301149|20246068|20246013
26789,20424183|20415723|20406349|20370688|20333225|20332419|20307585|20301149|20246068|20246013
26925,20424183|20415723|20406349|20370688|20333225|20332419|20307585|20301149|20246068|20246013
27199,20424183|20415723|20406349|20370688|20333225|20332419|20307585|20301149|20246068|20246013
27298,4711686006090|4710998000802|4710731060124|4710363382045|4710032601194|4710015103370|4711128668787|4710960892077|4710247005206|4710467221516
27335,20424183|20415723|20406349|20370688|20333225|20332419|20307585|20301149|20246068|20246013
27632,20424183|20415723|20406349|20370688|20333225|20332419|20307585|20301149|20246068|20246013
28547,4712278884263|4711634000965|47100312|4711686006090|4710998000802|4710731060124|4710363382045|4710247005206|4710032601194|4710015103370
28769,20424183|20415723|20406349|20370688|20333225|20332419|20307585|20301149|20246068|20246013
29117,20424183|20415723|20406349|20370688|20333225|20332419|20307585|20301149|20246068|20246013
29377,20424183|20415723|20406349|20370688|20333225|20332419|20307585|20301149|20246068|20246013
29421,20424183|20415723|20406349|20370688|20333225|20332419|20307585|20301149|20246068|20246013
29964,20424183|20415723|20406349|20370688|20333225|20332419|20307585|20301149|20246068|20246013
30281,20424183|20415723|20406349|20370688|20333225|20332419|20307585|20301149|20246068|20246013
31929,20424183|20415723|20406349|20370688|20333225|20332419|20307585|20301149|20246068|20246013
32100,4710015103288|4710543310059|20451042|20424183|20415723|20370688|20333225|20332419|20307585|20301149
32674,20424183|20415723|20406349|20370688|20333225|20332419|20307585|20301149|20246068|20246013
32827,20424183|20415723|20406349|20370688|20333225|20332419|20307585|20301149|20246068|20246013
32896,20424183|20415723|20406349|20370688|20333225|20332419|20307585|20301149|20246068|20246013
33091,4711686006090|4710998000802|4710731060124|4710363382045|4710032601194|4710015103370|4711128668787|4710960892077|4710247005206|4710467221516
33107,20424183|20415723|20406349|20370688|20333225|20332419|20307585|20301149|20246068|20246013
33169,4711686006090|4710998000802|4710731060124|4710363382045|4710032601194|4710015103370|4711128668787|4710960892077|4710247005206|4710467221516
33770,20424183|20415723|20406349|20370688|20333225|20332419|20307585|20301149|20246068|20246013
33862,20424183|20415723|20406349|20370688|20333225|20332419|20307585|20301149|20246068|20246013
34845,20424183|20415723|20406349|20370688|20333225|20332419|20307585|20301149|20246068|20246013
35996,4711686006090|4710998000802|4710731060124|4710363382045|4710032601194|4710015103370|4711128668787|4710960892077|4710247005206|4710467221516
36450,20424183|20415723|20406349|20370688|20333225|20332419|20307585|20301149|20246068|20246013
38317,20424183|20415723|20406349|20370688|20333225|20332419|20307585|20301149|20246068|20246013
38744,20451042|20424183|20415723|20406349|20370688|20333225|20332419|20307585|20301149|20246068
38836,20424183|20415723|20406349|20370688|20333225|20332419|20307585|20301149|20246068|20246013
39642,20424183|20415723|20406349|20370688|20333225|20332419|20307585|20301149|20246068|20246013
39932,20424183|20415723|20406349|20370688|20333225|20332419|20307585|20301149|20246068|20246013
40068,20424183|20415723|20406349|20370688|20333225|20332419|20307585|20301149|20246068|20246013
40181,20424183|20415723|20406349|20370688|20333225|20332419|20307585|20301149|20246068|20246013
40266,20424183|20415723|20406349|20370688|20333225|20332419|20307585|20301149|20246068|20246013
40488,20424183|20415723|20406349|20370688|20333225|20332419|20307585|20301149|20246068|20246013
40907,20424183|20415723|20406349|20370688|20333225|20332419|20307585|20301149|20246068|20246013
41041,20424183|20415723|20406349|20370688|20333225|20332419|20307585|20301149|20246068|20246013
41133,20424183|20415723|20406349|20370688|20333225|20332419|20307585|20301149|20246068|20246013
41171,20424183|20415723|20406349|20370688|20333225|20332419|20307585|20301149|20246068|20246013
41263,4712278884263|4711634000965|47100312|4711686006090|4710998000802|4710731060124|4710363382045|4710247005206|4710032601194|4710015103370
41928,20424183|20415723|20406349|20370688|20333225|20332419|20307585|20301149|20246068|20246013
42093,20424183|20415723|20406349|20370688|20333225|20332419|20307585|20301149|20246068|20246013
42208,20424183|20415723|20406349|20370688|20333225|20332419|20307585|20301149|20246068|20246013
42666,4719090701051|20307585|4714981010038|20424183|20415723|20406349|20370688|20333225|20332419|20301149
42949,4711686006090|4710998000802|4710731060124|4710363382045|4710032601194|4710015103370|4711128668787|4710960892077|4710247005206|4710467221516
42963,4711686006090|4710998000802|4710731060124|4710363382045|4710032601194|4710015103370|4711128668787|4710960892077|4710247005206|4710467221516
43267,20424183|20415723|20406349|20370688|20333225|20332419|20307585|20301149|20246068|20246013
43359,4711686006090|4710998000802|4710731060124|4710363382045|4710032601194|4710015103370|4711128668787|4710960892077|4710247005206|4710467221516
43472,20424183|20415723|20406349|20370688|20333225|20332419|20307585|20301149|20246068|20246013
43502,20451042|20424183|20415723|20406349|20370688|20333225|20332419|20307585|20301149|20246013
43748,20424183|20415723|20406349|20370688|20333225|20332419|20307585|20301149|20246068|20246013
43816,20424183|20415723|20406349|20370688|20333225|20332419|20307585|20301149|20246068|20246013
43830,20424183|20415723|20406349|20370688|20333225|20332419|20307585|20301149|20246068|20246013
43854,4711686006090|4710998000802|4710731060124|4710363382045|4710032601194|4710015103370|4711128668787|4710960892077|4710247005206|4710467221516
43861,20424183|20415723|20406349|20370688|20333225|20332419|20307585|20301149|20246068|20246013
43915,20424183|20415723|20406349|20370688|20333225|20332419|20307585|20301149|20246068|20246013
44073,20424183|20415723|20406349|20370688|20333225|20332419|20307585|20301149|20246068|20246013
44363,20424183|20415723|20406349|20370688|20333225|20332419|20307585|20301149|20246068|20246013
45377,20424183|20415723|20406349|20370688|20333225|20332419|20307585|20301149|20246068|20246013
45902,4710160013074|4710036006223|4710015103479|4710883000061|20424183|20415723|20406349|20370688|20333225|20332419
45957,20424183|20415723|20406349|20370688|20333225|20332419|20307585|20301149|20246068|20246013
45971,20451042|20424183|20415723|20370688|20333225|20332419|20307585|20301149|20246068|20246013
45995,20424183|20415723|20406349|20370688|20333225|20332419|20307585|20301149|20246068|20246013
46015,20424183|20415723|20406349|20370688|20333225|20332419|20307585|20301149|20246068|20246013
46022,20424183|20415723|20406349|20370688|20333225|20332419|20307585|20301149|20246068|20246013
46053,20424183|20415723|20406349|20370688|20333225|20332419|20307585|20301149|20246068|20246013
46145,4711686006090|4710998000802|4710731060124|4710363382045|4710032601194|4710015103370|4711128668787|4710960892077|4710247005206|4710467221516
46466,20424183|20415723|20406349|20370688|20333225|20332419|20307585|20301149|20246068|20246013
46633,20424183|20415723|20406349|20370688|20333225|20332419|20307585|20301149|20246068|20246013
46855,20424183|20415723|20406349|20370688|20333225|20332419|20307585|20301149|20246068|20246013
46909,20424183|20415723|20406349|20370688|20333225|20332419|20307585|20301149|20246068|20246013
46923,20424183|20415723|20406349|20370688|20333225|20332419|20307585|20301149|20246068|20246013
47067,20424183|20415723|20406349|20370688|20333225|20332419|20307585|20301149|20246068|20246013
47340,20424183|20415723|20406349|20370688|20333225|20332419|20307585|20301149|20246068|20246013
47364,20424183|20415723|20406349|20370688|20333225|20332419|20307585|20301149|20246068|20246013
47395,20424183|20415723|20406349|20370688|20333225|20332419|20307585|20301149|20246068|20246013
47487,20424183|20415723|20406349|20370688|20333225|20332419|20307585|20301149|20246068|20246013
47548,4711686006090|4710998000802|4710731060124|4710363382045|4710032601194|4710015103370|4711128668787|4710960892077|4710247005206|4710467221516
47692,4711686006090|4710998000802|4710731060124|4710363382045|4710032601194|4710015103370|4711128668787|4710960892077|4710247005206|4710467221516
47951,20424183|20415723|20406349|20370688|20333225|20332419|20307585|20301149|20246068|20246013
48019,4711686006090|4710998000802|4710731060124|4710363382045|4710032601194|4710015103370|4711128668787|4710960892077|4710247005206|4710467221516
48064,20424183|20415723|20406349|20370688|20333225|20332419|20307585|20301149|20246068|20246013
48101,20424183|20415723|20406349|20370688|20333225|20332419|20307585|20301149|20246068|20246013
48217,20424183|20415723|20406349|20370688|20333225|20332419|20307585|20301149|20246068|20246013
48286,4711686006090|4710998000802|4710731060124|4710363382045|4710032601194|4710015103370|4711128668787|4710960892077|4710247005206|4710467221516
48309,20424183|20415723|20406349|20370688|20333225|20332419|20307585|20301149|20246068|20246013
48590,4711634002297|4710088430922|4711524001041|4710290007011|4710022102892|4710088432476|4711524000495|4710105051642|4710088424273|4710857472634
48668,20424183|20415723|20406349|20370688|20333225|20332419|20307585|20301149|20246068|20246013
48866,4711686006090|4710998000802|4710731060124|4710363382045|4710032601194|4710015103370|4711128668787|4710960892077|4710247005206|4710467221516
48910,20424183|20415723|20406349|20370688|20333225|20332419|20307585|20301149|20246068|20246013
49122,20451042|20424183|20406349|20370688|20333225|20332419|20307585|20301149|20246068|20246013
49597,4711686006090|4710998000802|4710731060124|4710363382045|4710032601194|4710015103370|4711128668787|4710960892077|4710247005206|4710467221516
50067,20424183|20415723|20406349|20370688|20333225|20332419|20307585|20301149|20246068|20246013
50494,20424183|20415723|20406349|20370688|20333225|20332419|20307585|20301149|20246068|20246013
50920,20451042|20424183|20415723|20406349|20370688|20333225|20332419|20307585|20301149|20246068
50982,20424183|20415723|20406349|20370688|20333225|20332419|20307585|20301149|20246068|20246013
51040,20424183|20415723|20406349|20370688|20333225|20332419|20307585|20301149|20246068|20246013
51347,20424183|20415723|20406349|20370688|20333225|20332419|20307585|20301149|20246068|20246013
52078,20424183|20415723|20406349|20370688|20333225|20332419|20307585|20301149|20246068|20246013
52283,20424183|20415723|20406349|20370688|20333225|20332419|20307585|20301149|20246068|20246013
53488,20424183|20415723|20406349|20370688|20333225|20332419|20307585|20301149|20246068|20246013
53518,20424183|20415723|20406349|20370688|20333225|20332419|20307585|20301149|20246068|20246013
54249,4710088443328|4710011405133|4710105045313|4711524000396|4710094699078|20424183|20415723|20406349|20370688|20333225
55444,20424183|20415723|20406349|20370688|20333225|20332419|20307585|20301149|20246068|20246013
56243,20424183|20415723|20406349|20370688|20333225|20332419|20307585|20301149|20246068|20246013
56588,20424183|20415723|20406349|20370688|20333225|20332419|20307585|20301149|20246068|20246013
56595,4903111345717|4716617500036|4710515533028|4711524000471|4711524000419|4711524000457|4711524000396|8801687000206|4710105045313|4711080010112
56601,20424183|20415723|20406349|20370688|20333225|20332419|20307585|20301149|20246068|20246013
56915,20424183|20415723|20406349|20370688|20333225|20332419|20307585|20301149|20246068|20246013
56922,4711686006090|4710998000802|4710731060124|4710363382045|4710032601194|4710015103370|4711128668787|4710960892077|4710247005206|4710467221516
57028,20424183|20415723|20406349|20370688|20333225|20332419|20307585|20301149|20246068|20246013
57486,4901872506507|41333600017|4710088414311|20424183|20415723|20406349|20370688|20333225|20332419|20307585
57493,20424183|20415723|20406349|20370688|20333225|20332419|20307585|20301149|20246068|20246013
57509,20424183|20415723|20406349|20370688|20333225|20332419|20307585|20301149|20246068|20246013
57677,20424183|20415723|20406349|20370688|20333225|20332419|20307585|20301149|20246068|20246013
57738,20424183|20415723|20406349|20370688|20333225|20332419|20307585|20301149|20246068|20246013
58148,20424183|20415723|20406349|20370688|20333225|20332419|20307585|20301149|20246068|20246013
58551,20424183|20415723|20406349|20370688|20333225|20332419|20307585|20301149|20246068|20246013
58698,20424183|20415723|20406349|20370688|20333225|20332419|20307585|20301149|20246068|20246013
58865,20424183|20415723|20406349|20370688|20333225|20332419|20307585|20301149|20246068|20246013
59138,20424183|20415723|20406349|20370688|20333225|20332419|20307585|20301149|20246068|20246013
59411,20424183|20415723|20406349|20370688|20333225|20332419|20307585|20301149|20246068|20246013
59527,20424183|20415723|20406349|20370688|20333225|20332419|20307585|20301149|20246068|20246013
59831,20424183|20415723|20406349|20370688|20333225|20332419|20307585|20301149|20246068|20246013
59848,20424183|20415723|20406349|20370688|20333225|20332419|20307585|20301149|20246068|20246013
59992,20451042|20424183|20415723|20406349|20370688|20333225|20332419|20301149|20246068|20246013
60172,20424183|20415723|20406349|20370688|20333225|20332419|20307585|20301149|20246068|20246013
60400,20424183|20415723|20406349|20370688|20333225|20332419|20307585|20301149|20246068|20246013
60554,20424183|20415723|20406349|20370688|20333225|20332419|20307585|20301149|20246068|20246013
60592,4711686006090|4710998000802|4710731060124|4710363382045|4710032601194|4710015103370|4711128668787|4710960892077|4710247005206|4710467221516
60776,4711686006090|4710998000802|4710731060124|4710363382045|4710032601194|4710015103370|4711128668787|4710960892077|4710247005206|4710467221516
61681,20424183|20415723|20406349|20370688|20333225|20332419|20307585|20301149|20246068|20246013
61728,20451042|20424183|20415723|20406349|20370688|20333225|20332419|20301149|20246068|20246013
61773,4711686006090|4710998000802|4710731060124|4710363382045|4710032601194|4710015103370|4711128668787|4710960892077|4710247005206|4710467221516
62299,4711686006090|4710998000802|4710731060124|4710363382045|4710032601194|4710015103370|4711128668787|4710960892077|4710247005206|4710467221516
63111,20424183|20415723|20406349|20370688|20333225|20332419|20307585|20301149|20246068|20246013
63227,20424183|20415723|20406349|20370688|20333225|20332419|20307585|20301149|20246068|20246013
63326,20424183|20415723|20406349|20370688|20333225|20332419|20307585|20301149|20246068|20246013
66037,20424183|20415723|20406349|20370688|20333225|20332419|20307585|20301149|20246068|20246013
66594,20424183|20415723|20406349|20370688|20333225|20332419|20307585|20301149|20246068|20246013
66662,20424183|20415723|20406349|20370688|20333225|20332419|20307585|20301149|20246068|20246013
66693,20424183|20415723|20406349|20370688|20333225|20332419|20307585|20301149|20246068|20246013
66730,20424183|20415723|20406349|20370688|20333225|20332419|20307585|20301149|20246068|20246013
66761,4711686006090|4710998000802|4710731060124|4710363382045|4710032601194|4710015103370|4711128668787|4710960892077|4710247005206|4710467221516
67843,4711686006090|4710998000802|4710731060124|4710363382045|4710032601194|4710015103370|4711128668787|4710960892077|4710247005206|4710467221516
68024,20424183|20415723|20406349|20370688|20333225|20332419|20307585|20301149|20246068|20246013
68086,20424183|20415723|20406349|20370688|20333225|20332419|20307585|20301149|20246068|20246013
68604,20424183|20415723|20406349|20370688|20333225|20332419|20307585|20301149|20246068|20246013
68956,20424183|20415723|20406349|20370688|20333225|20332419|20307585|20301149|20246068|20246013
69946,20424183|20415723|20406349|20370688|20333225|20332419|20307585|20301149|20246068|20246013
70232,20424183|20415723|20406349|20370688|20333225|20332419|20307585|20301149|20246068|20246013
70249,20424183|20415723|20406349|20370688|20333225|20332419|20307585|20301149|20246068|20246013
70584,20424183|20415723|20406349|20370688|20333225|20332419|20307585|20301149|20246068|20246013
70591,20424183|20415723|20406349|20370688|20333225|20332419|20307585|20301149|20246068|20246013
70621,4715874000532|4710126010116|4711022100017|4719090790017|4719090790000|20451042|20424183|20415723|20406349|20370688
70669,4711686006090|4710998000802|4710731060124|4710363382045|4710032601194|4710015103370|4711128668787|4710960892077|4710247005206|4710467221516
70805,4712278884263|4711634000965|47100312|4711686006090|4710998000802|4710731060124|4710363382045|4710247005206|4710032601194|4710015103370
70928,20424183|20415723|20406349|20370688|20333225|20332419|20307585|20301149|20246068|20246013
71093,20424183|20415723|20406349|20370688|20333225|20332419|20307585|20301149|20246068|20246013
71178,4710176011194|4710543310059|20451042|20424183|20406349|20370688|20333225|20332419|20307585|20301149
71284,20424183|20415723|20406349|20370688|20333225|20332419|20307585|20301149|20246068|20246013
72045,20451042|20424183|20415723|20406349|20333225|20332419|20307585|20301149|20246068|20246013
73080,20424183|20415723|20406349|20370688|20333225|20332419|20307585|20301149|20246068|20246013
73813,20424183|20415723|20406349|20370688|20333225|20332419|20307585|20301149|20246068|20246013
74353,20424183|20415723|20406349|20370688|20333225|20332419|20307585|20301149|20246068|20246013
74445,20424183|20415723|20406349|20370688|20333225|20332419|20307585|20301149|20246068|20246013
74568,20451042|20424183|20415723|20406349|20370688|20333225|20332419|20301149|20246068|20246013
74612,4712278884263|4711634000965|47100312|4711686006090|4710998000802|4710731060124|4710363382045|4710247005206|4710032601194|4710015103370
74650,20424183|20415723|20406349|20370688|20333225|20332419|20307585|20301149|20246068|20246013
74711,20424183|20415723|20406349|20370688|20333225|20332419|20307585|20301149|20246068|20246013
74797,20424183|20415723|20406349|20370688|20333225|20332419|20307585|20301149|20246068|20246013
74872,4711686006090|4710998000802|4710731060124|4710363382045|4710032601194|4710015103370|4711128668787|4710960892077|4710247005206|4710467221516
75008,20424183|20415723|20406349|20370688|20333225|20332419|20307585|20301149|20246068|20246013
75169,20451042|20424183|20415723|20406349|20370688|20333225|20332419|20307585|20301149|20246013
75275,20424183|20415723|20406349|20370688|20333225|20332419|20307585|20301149|20246068|20246013
75305,20424183|20415723|20406349|20370688|20333225|20332419|20307585|20301149|20246068|20246013
75367,20424183|20415723|20406349|20370688|20333225|20332419|20307585|20301149|20246068|20246013
75374,20424183|20415723|20406349|20370688|20333225|20332419|20307585|20301149|20246068|20246013
75435,4711686006090|4710998000802|4710731060124|4710363382045|4710032601194|4710015103370|4711128668787|4710960892077|4710247005206|4710467221516
75459,20424183|20415723|20406349|20370688|20333225|20332419|20307585|20301149|20246068|20246013
75602,4715874000532|4710126010116|4711022100017|4719090790017|4719090790000|20424183|20415723|20406349|20370688|20333225
75664,20424183|20415723|20406349|20370688|20333225|20332419|20307585|20301149|20246068|20246013
75800,20424183|20415723|20406349|20370688|20333225|20332419|20307585|20301149|20246068|20246013
75879,20424183|20415723|20406349|20370688|20333225|20332419|20307585|20301149|20246068|20246013
75930,20424183|20415723|20406349|20370688|20333225|20332419|20307585|20301149|20246068|20246013
75954,20424183|20415723|20406349|20370688|20333225|20332419|20307585|20301149|20246068|20246013
75985,20424183|20415723|20406349|20370688|20333225|20332419|20307585|20301149|20246068|20246013
76043,20424183|20415723|20406349|20370688|20333225|20332419|20307585|20301149|20246068|20246013
76050,20424183|20415723|20406349|20370688|20333225|20332419|20307585|20301149|20246068|20246013
76180,4711686006090|4710998000802|4710731060124|4710363382045|4710032601194|4710015103370|4711128668787|4710960892077|4710247005206|4710467221516
76623,20424183|20415723|20406349|20370688|20333225|20332419|20307585|20301149|20246068|20246013
76654,20424183|20415723|20406349|20370688|20333225|20332419|20307585|20301149|20246068|20246013
77118,20424183|20415723|20406349|20370688|20333225|20332419|20307585|20301149|20246068|20246013
77279,20424183|20415723|20406349|20370688|20333225|20332419|20307585|20301149|20246068|20246013
78436,20424183|20415723|20406349|20370688|20333225|20332419|20307585|20301149|20246068|20246013
80729,20424183|20415723|20406349|20370688|20333225|20332419|20307585|20301149|20246068|20246013
80842,20451042|20424183|20415723|20406349|20370688|20333225|20332419|20301149|20246068|20246013
81252,20424183|20415723|20406349|20370688|20333225|20332419|20307585|20301149|20246068|20246013
81269,20424183|20415723|20406349|20370688|20333225|20332419|20307585|20301149|20246068|20246013
81375,4711686006090|4710998000802|4710731060124|4710363382045|4710032601194|4710015103370|4711128668787|4710960892077|4710247005206|4710467221516
81412,4710154058319|4710126012066|4710098162806|20333225|4902757160906|4711926724012|4710583350701|4710736570031|4710105045320|4710105031811
81757,20424183|20415723|20406349|20370688|20333225|20332419|20307585|20301149|20246068|20246013
81894,20424183|20415723|20406349|20370688|20333225|20332419|20307585|20301149|20246068|20246013
81979,20424183|20415723|20406349|20370688|20333225|20332419|20307585|20301149|20246068|20246013
81986,20424183|20415723|20406349|20370688|20333225|20332419|20307585|20301149|20246068|20246013
82174,4711686006090|4710998000802|4710731060124|4710363382045|4710032601194|4710015103370|4711128668787|4710960892077|4710247005206|4710467221516
82723,20424183|20415723|20406349|20370688|20333225|20332419|20307585|20301149|20246068|20246013
82990,20424183|20415723|20406349|20370688|20333225|20332419|20307585|20301149|20246068|20246013
83140,20424183|20415723|20406349|20370688|20333225|20332419|20307585|20301149|20246068|20246013
84185,20424183|20415723|20406349|20370688|20333225|20332419|20307585|20301149|20246068|20246013
84253,20424183|20415723|20406349|20370688|20333225|20332419|20307585|20301149|20246068|20246013
84277,4711686006090|4710998000802|4710731060124|4710363382045|4710032601194|4710015103370|4711128668787|4710960892077|4710247005206|4710467221516
84697,20424183|20415723|20406349|20370688|20333225|20332419|20307585|20301149|20246068|20246013
85229,20424183|20415723|20406349|20370688|20333225|20332419|20307585|20301149|20246068|20246013
86059,4711686006090|4710998000802|4710731060124|4710363382045|4710032601194|4710015103370|4711128668787|4710960892077|4710247005206|4710467221516
86240,20424183|20415723|20406349|20370688|20333225|20332419|20307585|20301149|20246068|20246013
86394,20424183|20415723|20406349|20370688|20333225|20332419|20307585|20301149|20246068|20246013
86400,20424183|20415723|20406349|20370688|20333225|20332419|20307585|20301149|20246068|20246013
86882,20424183|20415723|20406349|20370688|20333225|20332419|20307585|20301149|20246068|20246013
87001,20424183|20415723|20406349|20370688|20333225|20332419|20307585|20301149|20246068|20246013
87049,20424183|20415723|20406349|20370688|20333225|20332419|20307585|20301149|20246068|20246013
87063,20424183|20415723|20406349|20370688|20333225|20332419|20307585|20301149|20246068|20246013
88008,20424183|20415723|20406349|20370688|20333225|20332419|20307585|20301149|20246068|20246013
88343,20424183|20415723|20406349|20370688|20333225|20332419|20307585|20301149|20246068|20246013
88435,20424183|20415723|20406349|20370688|20333225|20332419|20307585|20301149|20246068|20246013
88541,20424183|20415723|20406349|20370688|20333225|20332419|20307585|20301149|20246068|20246013
89203,4715874000532|4710126010116|4719090701051|4711022100017|20424183|20415723|20406349|20370688|20333225|20332419
89517,20424183|20415723|20406349|20370688|20333225|20332419|20307585|20301149|20246068|20246013
89715,4711686006090|4710998000802|4710731060124|4710363382045|4710032601194|4710015103370|4711128668787|4710960892077|4710247005206|4710467221516
89975,20424183|20415723|20406349|20370688|20333225|20332419|20307585|20301149|20246068|20246013
89982,20424183|20415723|20406349|20370688|20333225|20332419|20307585|20301149|20246068|20246013
90629,4711686006090|4710998000802|4710731060124|4710363382045|4710247005206|4710032601194|4710015103370|4711634000965|4710126392199|47100312
91022,20424183|20415723|20406349|20370688|20333225|20332419|20307585|20301149|20246068|20246013
91206,20415723|4710126012066|4710105045313|4710154058319|4710098162806|4710036221015|4710736570031|4972045758337|4902757160906|4711926724012
91343,20424183|20415723|20406349|20370688|20333225|20332419|20307585|20301149|20246068|20246013
91473,20424183|20415723|20406349|20370688|20333225|20332419|20307585|20301149|20246068|20246013
92043,20424183|20415723|20406349|20370688|20333225|20332419|20307585|20301149|20246068|20246013
93842,4711686006090|4710998000802|4710731060124|4710363382045|4710032601194|4710015103370|4711128668787|4710960892077|4710247005206|4710467221516
95112,4711686006090|4710998000802|4710731060124|4710363382045|4710032601194|4710015103370|4711128668787|4710960892077|4710247005206|4710467221516
95334,20424183|20415723|20406349|20370688|20333225|20332419|20307585|20301149|20246068|20246013
95549,20424183|20415723|20406349|20370688|20333225|20332419|20307585|20301149|20246068|20246013
95563,20424183|20415723|20406349|20370688|20333225|20332419|20307585|20301149|20246068|20246013
95877,20424183|20415723|20406349|20370688|20333225|20332419|20307585|20301149|20246068|20246013
95907,8999118015100|37000337270|4710866000507|20424183|20415723|20406349|20370688|20333225|20332419|20307585
95921,20424183|20415723|20406349|20370688|20333225|20332419|20307585|20301149|20246068|20246013
96232,4711686006090|4710998000802|4710731060124|4710363382045|4710032601194|4710015103370|4711128668787|4710960892077|4710247005206|4710467221516
97215,4711686006090|4710998000802|4710731060124|4710363382045|4710032601194|4710015103370|4711128668787|4710960892077|4710247005206|4710467221516
98779,20424183|20415723|20406349|20370688|20333225|20332419|20307585|20301149|20246068|20246013
98946,4710191020003|4710452110115|4710290004096|4710126392007|4710583996008|4710063312120|4710063312106|4710022209591|4710088434692|2230124000022
99790,4710626844013|8934614019061|4710247005299|4718429100077|4710172030069|4710105015125|20424183|20415723|20406349|20370688
99851,20424183|20415723|20406349|20370688|20333225|20332419|20307585|20301149|20246068|20246013
100021,20424183|20415723|20406349|20370688|20333225|20332419|20307585|20301149|20246068|20246013
100175,4711686006090|4710998000802|4710731060124|4710363382045|4710032601194|4710015103370|4711128668787|4710960892077|4710247005206|4710467221516
100410,20424183|20415723|20406349|20370688|20333225|20332419|20307585|20301149|20246068|20246013
100519,20424183|20415723|20406349|20370688|20333225|20332419|20307585|20301149|20246068|20246013
100588,20424183|20415723|20406349|20370688|20333225|20332419|20307585|20301149|20246068|20246013
100625,4711686006090|4710998000802|4710731060124|4710363382045|4710032601194|4710015103370|4711128668787|4710960892077|4710247005206|4710467221516
100960,20424183|20415723|20406349|20370688|20333225|20332419|20307585|20301149|20246068|20246013
100991,20424183|20415723|20406349|20370688|20333225|20332419|20307585|20301149|20246068|20246013
101868,4711686006090|4710998000802|4710731060124|4710363382045|4710032601194|4710015103370|4711128668787|4710960892077|4710247005206|4710467221516
101981,20424183|20415723|20406349|20370688|20333225|20332419|20307585|20301149|20246068|20246013
101998,4711686006090|4710998000802|4710731060124|4710363382045|4710032601194|4710015103370|4711128668787|4710960892077|4710247005206|4710467221516
102100,4710105045313|4712278884263|4711634000965|47100312|4711686006090|4710998000802|4710731060124|4710363382045|4710247005206|4710032601194
102292,20424183|20415723|20406349|20370688|20333225|20332419|20307585|20301149|20246068|20246013
102308,20424183|20415723|20406349|20370688|20333225|20332419|20307585|20301149|20246068|20246013
102438,20451042|20424183|20415723|20406349|20370688|20333225|20332419|20307585|20246068|20246013
102728,20424183|20415723|20406349|20370688|20333225|20332419|20307585|20301149|20246068|20246013
102803,20424183|20415723|20406349|20370688|20333225|20332419|20307585|20301149|20246068|20246013
103077,20424183|20415723|20406349|20370688|20333225|20332419|20307585|20301149|20246068|20246013
103114,20424183|20415723|20406349|20370688|20333225|20332419|20307585|20301149|20246068|20246013
103176,4711686006090|4710998000802|4710731060124|4710363382045|4710032601194|4710015103370|4711128668787|4710960892077|4710247005206|4710467221516
103220,20424183|20415723|20406349|20370688|20333225|20332419|20307585|20301149|20246068|20246013
103251,20424183|20415723|20406349|20370688|20333225|20332419|20307585|20301149|20246068|20246013
103350,4901872506507|4710126392007|41333600017|4718429100060|4710134024242|4710632001660|4714981010038|20451042|20424183|20406349
103541,20424183|20415723|20406349|20370688|20333225|20332419|20307585|20301149|20246068|20246013
103718,20424183|20415723|20406349|20370688|20333225|20332419|20307585|20301149|20246068|20246013
103763,20424183|20415723|20406349|20370688|20333225|20332419|20307585|20301149|20246068|20246013
103800,4711686006090|4710998000802|4710731060124|4710363382045|4710032601194|4710015103370|4711128668787|4710960892077|4710247005206|4710467221516
104036,20424183|20415723|20406349|20370688|20333225|20332419|20307585|20301149|20246068|20246013
105347,20424183|20415723|20406349|20370688|20333225|20332419|20307585|20301149|20246068|20246013
106412,20424183|20415723|20406349|20370688|20333225|20332419|20307585|20301149|20246068|20246013
106849,20424183|20415723|20406349|20370688|20333225|20332419|20307585|20301149|20246068|20246013
107426,20424183|20415723|20406349|20370688|20333225|20332419|20307585|20301149|20246068|20246013
107839,20424183|20415723|20406349|20370688|20333225|20332419|20307585|20301149|20246068|20246013
110839,20424183|20415723|20406349|20370688|20333225|20332419|20307585|20301149|20246068|20246013
110860,20424183|20415723|20406349|20370688|20333225|20332419|20307585|20301149|20246068|20246013
110969,20424183|20415723|20406349|20370688|20333225|20332419|20307585|20301149|20246068|20246013
113397,20451042|20424183|20415723|20406349|20370688|20333225|20332419|20301149|20246068|20246013
116893,20424183|20415723|20406349|20370688|20333225|20332419|20307585|20301149|20246068|20246013
116947,20424183|20415723|20406349|20370688|20333225|20332419|20307585|20301149|20246068|20246013
116985,20424183|20415723|20406349|20370688|20333225|20332419|20307585|20301149|20246068|20246013
117173,20424183|20415723|20406349|20370688|20333225|20332419|20307585|20301149|20246068|20246013
117968,4711686006090|4710998000802|4710731060124|4710363382045|4710032601194|4710015103370|4711128668787|4710960892077|4710247005206|4710467221516
118118,20424183|20415723|20406349|20370688|20333225|20332419|20307585|20301149|20246068|20246013
119283,20424183|20415723|20406349|20370688|20333225|20332419|20307585|20301149|20246068|20246013
119979,20424183|20415723|20406349|20370688|20333225|20332419|20307585|20301149|20246068|20246013
120258,20424183|20415723|20406349|20370688|20333225|20332419|20307585|20301149|20246068|20246013
121514,20451042|20424183|20415723|20406349|20370688|20333225|20332419|20307585|20301149|20246068
122764,20424183|20415723|20406349|20370688|20333225|20332419|20307585|20301149|20246068|20246013
123075,4711686006090|4710998000802|4710731060124|4710363382045|4710032601194|4710015103370|4711128668787|4710960892077|4710247005206|4710467221516
124218,20424183|20415723|20406349|20370688|20333225|20332419|20307585|20301149|20246068|20246013
126076,20424183|20415723|20406349|20370688|20333225|20332419|20307585|20301149|20246068|20246013
126502,4711686006090|4710998000802|4710731060124|4710363382045|4710032601194|4710015103370|4711128668787|4710960892077|4710247005206|4710467221516
126809,20424183|20415723|20406349|20370688|20333225|20332419|20307585|20301149|20246068|20246013
127233,20424183|20415723|20406349|20370688|20333225|20332419|20307585|20301149|20246068|20246013
127936,20424183|20415723|20406349|20370688|20333225|20332419|20307585|20301149|20246068|20246013
128506,20424183|20415723|20406349|20370688|20333225|20332419|20307585|20301149|20246068|20246013
128612,20424183|20415723|20406349|20370688|20333225|20332419|20307585|20301149|20246068|20246013
128797,20451042|20424183|20415723|20406349|20370688|20333225|20332419|20301149|20246068|20246013
129183,20424183|20415723|20406349|20370688|20333225|20332419|20307585|20301149|20246068|20246013
130769,20424183|20415723|20406349|20370688|20333225|20332419|20307585|20301149|20246068|20246013
131353,20424183|20415723|20406349|20370688|20333225|20332419|20307585|20301149|20246068|20246013
131780,20424183|20415723|20406349|20370688|20333225|20332419|20307585|20301149|20246068|20246013
133265,20424183|20415723|20406349|20370688|20333225|20332419|20307585|20301149|20246068|20246013
134521,20451042|20424183|20415723|20406349|20370688|20333225|20332419|20301149|20246068|20246013
134941,20424183|20415723|20406349|20370688|20333225|20332419|20307585|20301149|20246068|20246013
135153,4711686006090|4710998000802|4710731060124|4710363382045|4710032601194|4710015103370|4711128668787|4710960892077|4710247005206|4710467221516
135375,4711686006090|4710998000802|4710731060124|4710363382045|4710032601194|4710015103370|4711128668787|4710960892077|4710247005206|4710467221516
135474,4711686006090|4710998000802|4710731060124|4710363382045|4710032601194|4710015103370|4711128668787|4710960892077|4710247005206|4710467221516
135627,20424183|20415723|20406349|20370688|20333225|20332419|20307585|20301149|20246068|20246013
135672,20424183|20415723|20406349|20370688|20333225|20332419|20307585|20301149|20246068|20246013
135801,20424183|20415723|20406349|20370688|20333225|20332419|20307585|20301149|20246068|20246013
136051,9556121008032|9556121008025|4717101101265|4714276113888|4712397000261|4710105051628|4710871000356|4710583920003|20246013|4711039232190
136099,20424183|20415723|20406349|20370688|20333225|20332419|20307585|20301149|20246068|20246013
136136,20451042|20424183|20415723|20406349|20370688|20333225|20307585|20301149|20246068|20246013
136143,20424183|20415723|20406349|20370688|20333225|20332419|20307585|20301149|20246068|20246013
136174,20424183|20415723|20406349|20370688|20333225|20332419|20307585|20301149|20246068|20246013
136235,20424183|20415723|20406349|20370688|20333225|20332419|20307585|20301149|20246068|20246013
136273,20424183|20415723|20406349|20370688|20333225|20332419|20307585|20301149|20246068|20246013
136303,4712019100607|4710200000019|4710719000333|4710047502066|20424183|20415723|20406349|20370688|20333225|20332419
136396,20424183|20415723|20406349|20370688|20333225|20332419|20307585|20301149|20246068|20246013
136471,20424183|20415723|20406349|20370688|20333225|20332419|20307585|20301149|20246068|20246013
136822,20424183|20415723|20406349|20370688|20333225|20332419|20307585|20301149|20246068|20246013
137027,20424183|20415723|20406349|20370688|20333225|20332419|20307585|20301149|20246068|20246013
137072,20424183|20415723|20406349|20370688|20333225|20332419|20307585|20301149|20246068|20246013
137928,20424183|20415723|20406349|20370688|20333225|20332419|20307585|20301149|20246068|20246013
138352,20424183|20415723|20406349|20370688|20333225|20332419|20307585|20301149|20246068|20246013
138499,20424183|20415723|20406349|20370688|20333225|20332419|20307585|20301149|20246068|20246013
138628,20424183|20415723|20406349|20370688|20333225|20332419|20307585|20301149|20246068|20246013
139526,20424183|20415723|20406349|20370688|20333225|20332419|20307585|20301149|20246068|20246013
139847,20424183|20415723|20406349|20370688|20333225|20332419|20307585|20301149|20246068|20246013
139854,20424183|20415723|20406349|20370688|20333225|20332419|20307585|20301149|20246068|20246013
139861,20424183|20415723|20406349|20370688|20333225|20332419|20307585|20301149|20246068|20246013
139977,20424183|20415723|20406349|20370688|20333225|20332419|20307585|20301149|20246068|20246013
140355,4711686006090|4710998000802|4710731060124|4710363382045|4710032601194|4710015103370|4711128668787|4710960892077|4710247005206|4710467221516
140379,4710126012066|20333225|4710105045313|4972045758337|4710583350701|4710154058319|4710098162806|4710036221015|4710736570031|4902757160906
140461,20424183|20415723|20406349|20370688|20333225|20332419|20307585|20301149|20246068|20246013
140546,20424183|20415723|20406349|20370688|20333225|20332419|20307585|20301149|20246068|20246013
140607,20424183|20415723|20406349|20370688|20333225|20332419|20307585|20301149|20246068|20246013
141833,4710011401142|4710126392199|4710247001765|4717101101265|4714276113888|4710504000128|4710011432825|4713985863121|4711039232190|4710043131703
143370,20424183|20415723|20406349|20370688|20333225|20332419|20307585|20301149|20246068|20246013
143516,20424183|20415723|20406349|20370688|20333225|20332419|20307585|20301149|20246068|20246013
143851,4711686006090|4710998000802|4710731060124|4710363382045|4710032601194|4710015103370|4711128668787|4710960892077|4710247005206|4710467221516
145930,4711686006090|4710998000802|4710731060124|4710363382045|4710032601194|4710015103370|4711128668787|4710960892077|4710247005206|4710467221516
146265,20424183|20415723|20406349|20370688|20333225|20332419|20307585|20301149|20246068|20246013
146470,20424183|20415723|20406349|20370688|20333225|20332419|20307585|20301149|20246068|20246013
147743,20451042|20424183|20415723|20406349|20370688|20333225|20332419|20301149|20246068|20246013
148740,20451042|20424183|20415723|20406349|20370688|20333225|20332419|20301149|20246068|20246013
148887,20424183|20415723|20406349|20370688|20333225|20332419|20307585|20301149|20246068|20246013
149266,20424183|20415723|20406349|20370688|20333225|20332419|20307585|20301149|20246068|20246013
149556,20424183|20415723|20406349|20370688|20333225|20332419|20307585|20301149|20246068|20246013
151153,20424183|20415723|20406349|20370688|20333225|20332419|20307585|20301149|20246068|20246013
151337,20424183|20415723|20406349|20370688|20333225|20332419|20307585|20301149|20246068|20246013
151832,20424183|20415723|20406349|20370688|20333225|20332419|20307585|20301149|20246068|20246013
152525,20424183|20415723|20406349|20370688|20333225|20332419|20307585|20301149|20246068|20246013
152884,4711686006090|4710998000802|4710731060124|4710363382045|4710032601194|4710015103370|4711128668787|4710960892077|4710247005206|4710467221516
153362,20424183|20415723|20406349|20370688|20333225|20332419|20307585|20301149|20246068|20246013
153454,20424183|20415723|20406349|20370688|20333225|20332419|20307585|20301149|20246068|20246013
153485,20424183|20415723|20406349|20370688|20333225|20332419|20307585|20301149|20246068|20246013
154369,20424183|20415723|20406349|20370688|20333225|20332419|20307585|20301149|20246068|20246013
154413,20424183|20415723|20406349|20370688|20333225|20332419|20307585|20301149|20246068|20246013
154451,4711686006090|4710998000802|4710731060124|4710363382045|4710032601194|4710015103370|4711128668787|4710960892077|4710247005206|4710467221516
154468,20424183|20415723|20406349|20370688|20333225|20332419|20307585|20301149|20246068|20246013
154550,20424183|20415723|20406349|20370688|20333225|20332419|20307585|20301149|20246068|20246013
154574,20424183|20415723|20406349|20370688|20333225|20332419|20307585|20301149|20246068|20246013
154581,20424183|20415723|20406349|20370688|20333225|20332419|20307585|20301149|20246068|20246013
154628,20424183|20415723|20406349|20370688|20333225|20332419|20307585|20301149|20246068|20246013
154727,20424183|20415723|20406349|20370688|20333225|20332419|20307585|20301149|20246068|20246013
154901,20424183|20415723|20406349|20370688|20333225|20332419|20307585|20301149|20246068|20246013
154970,4711686006090|4710998000802|4710731060124|4710363382045|4710032601194|4710015103370|4711128668787|4710960892077|4710247005206|4710467221516
155144,20424183|20415723|20406349|20370688|20333225|20332419|20307585|20301149|20246068|20246013
155694,20424183|20415723|20406349|20370688|20333225|20332419|20307585|20301149|20246068|20246013
156196,20424183|20415723|20406349|20370688|20333225|20332419|20307585|20301149|20246068|20246013
156264,20424183|20415723|20406349|20370688|20333225|20332419|20307585|20301149|20246068|20246013
156493,20424183|20415723|20406349|20370688|20333225|20332419|20307585|20301149|20246068|20246013
156578,4711686006090|4710998000802|4710731060124|4710363382045|4710032601194|4710015103370|4711128668787|4710960892077|4710247005206|4710467221516
156615,20424183|20415723|20406349|20370688|20333225|20332419|20307585|20301149|20246068|20246013
156776,20424183|20415723|20406349|20370688|20333225|20332419|20307585|20301149|20246068|20246013
157025,4711686006090|4710998000802|4710731060124|4710363382045|4710032601194|4710015103370|4711128668787|4710960892077|4710247005206|4710467221516
157285,4711686006090|4710998000802|4710731060124|4710363382045|4710032601194|4710015103370|4711128668787|4710960892077|4710247005206|4710467221516
157742,4710068331553|4711985100024|4710088414311|4712278884263|4711634000965|47100312|4710998000802|4710731060124|4710363382045|4710247005206
158183,4711686006090|4710998000802|4710731060124|4710363382045|4710032601194|4710015103370|4711128668787|4710960892077|4710247005206|4710467221516
158312,20424183|20415723|20406349|20370688|20333225|20332419|20307585|20301149|20246068|20246013
158626,20424183|20415723|20406349|20370688|20333225|20332419|20307585|20301149|20246068|20246013
158848,20424183|20415723|20406349|20370688|20333225|20332419|20307585|20301149|20246068|20246013
159135,20424183|20415723|20406349|20370688|20333225|20332419|20307585|20301149|20246068|20246013
159234,20424183|20415723|20406349|20370688|20333225|20332419|20307585|20301149|20246068|20246013
159401,20424183|20415723|20406349|20370688|20333225|20332419|20307585|20301149|20246068|20246013
159456,20424183|20415723|20406349|20370688|20333225|20332419|20307585|20301149|20246068|20246013
159487,20424183|20415723|20406349|20370688|20333225|20332419|20307585|20301149|20246068|20246013
159760,20424183|20415723|20406349|20370688|20333225|20332419|20307585|20301149|20246068|20246013
159791,4719859015078|4719859015061|4719090701051|20307585|4712278884263|4711634000965|47100312|4711686006090|4710998000802|4710731060124
160445,20424183|20415723|20406349|20370688|20333225|20332419|20307585|20301149|20246068|20246013
160889,20424183|20415723|20406349|20370688|20333225|20332419|20307585|20301149|20246068|20246013
160896,20424183|20415723|20406349|20370688|20333225|20332419|20307585|20301149|20246068|20246013
161053,20424183|20415723|20406349|20370688|20333225|20332419|20307585|20301149|20246068|20246013
161084,20424183|20415723|20406349|20370688|20333225|20332419|20307585|20301149|20246068|20246013
161404,20424183|20415723|20406349|20370688|20333225|20332419|20307585|20301149|20246068|20246013
161527,20424183|20415723|20406349|20370688|20333225|20332419|20307585|20301149|20246068|20246013
161541,20424183|20415723|20406349|20370688|20333225|20332419|20307585|20301149|20246068|20246013
161879,4711686006090|4710998000802|4710731060124|4710363382045|4710032601194|4710015103370|4711128668787|4710960892077|4710247005206|4710467221516
162517,4711686006090|4710998000802|4710731060124|4710363382045|4710032601194|4710015103370|4711128668787|4710960892077|4710247005206|4710467221516
162555,20424183|20415723|20406349|20370688|20333225|20332419|20307585|20301149|20246068|20246013
162722,20424183|20415723|20406349|20370688|20333225|20332419|20307585|20301149|20246068|20246013
163590,20451042|20424183|20415723|20406349|20333225|20332419|20307585|20301149|20246068|20246013
163835,20424183|20415723|20406349|20370688|20333225|20332419|20307585|20301149|20246068|20246013
163934,20424183|20415723|20406349|20370688|20333225|20332419|20307585|20301149|20246068|20246013
164016,4711686006090|4710998000802|4710731060124|4710363382045|4710032601194|4710015103370|4711128668787|4710960892077|4710247005206|4710467221516
164122,4711686006090|4710998000802|4710731060124|4710363382045|4710032601194|4710015103370|4711128668787|4710960892077|4710247005206|4710467221516
164252,20424183|20415723|20406349|20370688|20333225|20332419|20307585|20301149|20246068|20246013
165570,20424183|20415723|20406349|20370688|20333225|20332419|20307585|20301149|20246068|20246013
166324,20424183|20415723|20406349|20370688|20333225|20332419|20307585|20301149|20246068|20246013
167710,20424183|20415723|20406349|20370688|20333225|20332419|20307585|20301149|20246068|20246013
168311,20424183|20415723|20406349|20370688|20333225|20332419|20307585|20301149|20246068|20246013
170161,20424183|20415723|20406349|20370688|20333225|20332419|20307585|20301149|20246068|20246013
170215,4711686006090|4710998000802|4710731060124|4710363382045|4710032601194|4710015103370|4711128668787|4710960892077|4710247005206|4710467221516
170376,20424183|20415723|20406349|20370688|20333225|20332419|20307585|20301149|20246068|20246013
170949,20424183|20415723|20406349|20370688|20333225|20332419|20307585|20301149|20246068|20246013
171113,20424183|20415723|20406349|20370688|20333225|20332419|20307585|20301149|20246068|20246013
171311,20424183|20415723|20406349|20370688|20333225|20332419|20307585|20301149|20246068|20246013
171403,20424183|20415723|20406349|20370688|20333225|20332419|20307585|20301149|20246068|20246013
171434,4711686006090|4710998000802|4710731060124|4710363382045|4710032601194|4710015103370|4711128668787|4710960892077|4710247005206|4710467221516
171557,20424183|20415723|20406349|20370688|20333225|20332419|20307585|20301149|20246068|20246013
171755,20424183|20415723|20406349|20370688|20333225|20332419|20307585|20301149|20246068|20246013
171854,20424183|20415723|20406349|20370688|20333225|20332419|20307585|20301149|20246068|20246013
171878,20424183|20415723|20406349|20370688|20333225|20332419|20307585|20301149|20246068|20246013
172417,20514235|20451042|20424183|20415723|20370688|20333225|20332419|20301149|20246068|20246013
172431,20424183|20415723|20406349|20370688|20333225|20332419|20307585|20301149|20246068|20246013
173018,4711686006090|4710998000802|4710731060124|4710363382045|4710032601194|4710015103370|4711128668787|4710960892077|4710247005206|4710467221516
173094,4711686006090|4710998000802|4710731060124|4710363382045|4710032601194|4710015103370|4711128668787|4710960892077|4710247005206|4710467221516
173216,4711686006090|4710998000802|4710731060124|4710363382045|4710032601194|4710015103370|4711128668787|4710960892077|4710247005206|4710467221516
173339,20424183|20415723|20406349|20370688|20333225|20332419|20307585|20301149|20246068|20246013
173360,20424183|20415723|20406349|20370688|20333225|20332419|20307585|20301149|20246068|20246013
173391,20424183|20415723|20406349|20370688|20333225|20332419|20307585|20301149|20246068|20246013
173414,20424183|20415723|20406349|20370688|20333225|20332419|20307585|20301149|20246068|20246013
174183,4711686006090|4710998000802|4710731060124|4710363382045|4710032601194|4710015103370|4711128668787|4710960892077|4710247005206|4710467221516
174909,20424183|20415723|20406349|20370688|20333225|20332419|20307585|20301149|20246068|20246013
175173,20424183|20415723|20406349|20370688|20333225|20332419|20307585|20301149|20246068|20246013
175357,20424183|20415723|20406349|20370688|20333225|20332419|20307585|20301149|20246068|20246013
175364,20424183|20415723|20406349|20370688|20333225|20332419|20307585|20301149|20246068|20246013
176323,4710098162806|4710063333194|4902757160906|4711926724012|4710105045450|20424183|20415723|20406349|20370688|20333225
176408,20424183|20415723|20406349|20370688|20333225|20332419|20307585|20301149|20246068|20246013
179430,20424183|20415723|20406349|20370688|20333225|20332419|20307585|20301149|20246068|20246013
180436,20424183|20415723|20406349|20370688|20333225|20332419|20307585|20301149|20246068|20246013
181402,4716545201104|20424183|20415723|20406349|20370688|20333225|20332419|20307585|20301149|20246068
182317,20424183|20415723|20406349|20370688|20333225|20332419|20307585|20301149|20246068|20246013
182409,20424183|20415723|20406349|20370688|20333225|20332419|20307585|20301149|20246068|20246013
183031,4710105010182|20424183|20415723|20406349|20370688|20333225|20332419|20307585|20301149|20246068
184311,20424183|20415723|20406349|20370688|20333225|20332419|20307585|20301149|20246068|20246013
184571,20424183|20415723|20406349|20370688|20333225|20332419|20307585|20301149|20246068|20246013
186339,4717101101265|4714276113888|4711039232190|4710011405133|4710088410139|20424183|20415723|20406349|20370688|20333225
187183,4711686006090|4710998000802|4710731060124|4710363382045|4710032601194|4710015103370|4711128668787|4710960892077|4710247005206|4710467221516
187626,20424183|20415723|20406349|20370688|20333225|20332419|20307585|20301149|20246068|20246013
188760,20424183|20415723|20406349|20370688|20333225|20332419|20307585|20301149|20246068|20246013
188920,4710105020341|4710626521716|4710105020358|4714381003128|4710857472634|20424183|20415723|20406349|20370688|20333225
189019,20451042|20424183|20415723|20370688|20333225|20332419|20307585|20301149|20246068|20246013
189248,20424183|20415723|20406349|20370688|20333225|20332419|20307585|20301149|20246068|20246013
190138,4711686006090|4710998000802|4710731060124|4710363382045|4710247005206|4710032601194|4710015103370|4710683100015|4710088410207|4710065234567
190411,20424183|20415723|20406349|20370688|20333225|20332419|20307585|20301149|20246068|20246013
190695,4711686006090|4710998000802|4710731060124|4710363382045|4710032601194|4710015103370|4711128668787|4710960892077|4710247005206|4710467221516
190916,4711686006090|4710998000802|4710731060124|4710363382045|4710032601194|4710015103370|4711128668787|4710960892077|4710247005206|4710467221516
191050,20424183|20415723|20406349|20370688|20333225|20332419|20307585|20301149|20246068|20246013
191159,20424183|20415723|20406349|20370688|20333225|20332419|20307585|20301149|20246068|20246013
191265,20424183|20415723|20406349|20370688|20333225|20332419|20307585|20301149|20246068|20246013
191432,20424183|20415723|20406349|20370688|20333225|20332419|20307585|20301149|20246068|20246013
191548,20424183|20415723|20406349|20370688|20333225|20332419|20307585|20301149|20246068|20246013
191593,20424183|20415723|20406349|20370688|20333225|20332419|20307585|20301149|20246068|20246013
191685,20424183|20415723|20406349|20370688|20333225|20332419|20307585|20301149|20246068|20246013
191715,20424183|20415723|20406349|20370688|20333225|20332419|20307585|20301149|20246068|20246013
194600,20424183|20415723|20406349|20370688|20333225|20332419|20307585|20301149|20246068|20246013
194655,20424183|20415723|20406349|20370688|20333225|20332419|20307585|20301149|20246068|20246013
194778,20424183|20415723|20406349|20370688|20333225|20332419|20307585|20301149|20246068|20246013
194846,20424183|20415723|20406349|20370688|20333225|20332419|20307585|20301149|20246068|20246013
194921,4710105045443|4710126012066|4710154058319|4710098162806|4710036221015|20333225|4710105045221|4710088443328|4710105031613|4711926724012
195195,20424183|20415723|20406349|20370688|20333225|20332419|20307585|20301149|20246068|20246013
195751,20424183|20415723|20406349|20370688|20333225|20332419|20307585|20301149|20246068|20246013
195782,20424183|20415723|20406349|20370688|20333225|20332419|20307585|20301149|20246068|20246013
195812,4711686006090|4710998000802|4710731060124|4710363382045|4710032601194|4710015103370|4711128668787|4710960892077|4710247005206|4710467221516
196222,20424183|20415723|20406349|20370688|20333225|20332419|20307585|20301149|20246068|20246013
196567,20514235|20451042|20424183|20406349|20370688|20333225|20332419|20307585|20301149|20246013
196666,7610053910800|4713608210035|4711634002754|4710114105046|4710094012686|4710063312168|4711080010112|20424183|20415723|20406349
196673,20424183|20415723|20406349|20370688|20333225|20332419|20307585|20301149|20246068|20246013
196680,20424183|20415723|20406349|20370688|20333225|20332419|20307585|20301149|20246068|20246013
196734,20424183|20415723|20406349|20370688|20333225|20332419|20307585|20301149|20246068|20246013
196765,4712278884263|4711634000965|47100312|4711686006090|4710998000802|4710731060124|4710363382045|4710247005206|4710032601194|4710015103370
196895,20424183|20415723|20406349|20370688|20333225|20332419|20307585|20301149|20246068|20246013
196918,20424183|20415723|20406349|20370688|20333225|20332419|20307585|20301149|20246068|20246013
197007,20424183|20415723|20406349|20370688|20333225|20332419|20307585|20301149|20246068|20246013
197038,20424183|20415723|20406349|20370688|20333225|20332419|20307585|20301149|20246068|20246013
197212,4710114606048|4710035311106|4710114128038|20424183|20415723|20406349|20370688|20333225|20332419|20307585
197243,4711686006090|4710998000802|4710731060124|4710363382045|4710032601194|4710015103370|4711128668787|4710960892077|4710247005206|4710467221516
197670,20424183|20415723|20406349|20370688|20333225|20332419|20307585|20301149|20246068|20246013
197946,20424183|20415723|20406349|20370688|20333225|20332419|20307585|20301149|20246068|20246013
197960,4711686006090|4710998000802|4710731060124|4710363382045|4710032601194|4710015103370|4711128668787|4710960892077|4710247005206|4710467221516
198035,20424183|20415723|20406349|20370688|20333225|20332419|20307585|20301149|20246068|20246013
198127,4710892100028|4710085104116|4714981010038|20424183|20415723|20406349|20370688|20333225|20332419|20307585
198202,20424183|20415723|20406349|20370688|20333225|20332419|20307585|20301149|20246068|20246013
198653,20424183|20415723|20406349|20370688|20333225|20332419|20307585|20301149|20246068|20246013
198738,20424183|20415723|20406349|20370688|20333225|20332419|20307585|20301149|20246068|20246013
198813,20424183|20415723|20406349|20370688|20333225|20332419|20307585|20301149|20246068|20246013
199056,4711686006090|4710998000802|4710731060124|4710363382045|4710032601194|4710015103370|4711128668787|4710960892077|4710247005206|4710467221516
199346,4711686006090|4710998000802|4710731060124|4710363382045|4710247005206|4710032601194|4710015103370|4714681951181|4710088431295|4710290003082
199360,20424183|20415723|20406349|20370688|20333225|20332419|20307585|20301149|20246068|20246013
199384,20424183|20415723|20406349|20370688|20333225|20332419|20307585|20301149|20246068|20246013
199407,20424183|20415723|20406349|20370688|20333225|20332419|20307585|20301149|20246068|20246013
199469,20424183|20415723|20406349|20370688|20333225|20332419|20307585|20301149|20246068|20246013
199513,20424183|20415723|20406349|20370688|20333225|20332419|20307585|20301149|20246068|20246013
199599,20424183|20415723|20406349|20370688|20333225|20332419|20307585|20301149|20246068|20246013
199995,20424183|20415723|20406349|20370688|20333225|20332419|20307585|20301149|20246068|20246013
201056,4710247001765|4710011409056|4710857000042|4710011401128|4710011432825|4710011405133|4710011401142|4710670200506|4710357343700|4711080010112
201629,20424183|20415723|20406349|20370688|20333225|20332419|20307585|20301149|20246068|20246013
201964,20424183|20415723|20406349|20370688|20333225|20332419|20307585|20301149|20246068|20246013
202190,20424183|20415723|20406349|20370688|20333225|20332419|20307585|20301149|20246068|20246013
202749,4711686006090|4710998000802|4710731060124|4710363382045|4710032601194|4710015103370|4711128668787|4710960892077|4710247005206|4710467221516
202794,20424183|20415723|20406349|20370688|20333225|20332419|20307585|20301149|20246068|20246013
202879,20424183|20415723|20406349|20370688|20333225|20332419|20307585|20301149|20246068|20246013
203005,20424183|20415723|20406349|20370688|20333225|20332419|20307585|20301149|20246068|20246013
203173,20451042|20424183|20406349|20370688|20333225|20332419|20307585|20301149|20246068|20246013
203739,20424183|20415723|20406349|20370688|20333225|20332419|20307585|20301149|20246068|20246013
203746,20424183|20415723|20406349|20370688|20333225|20332419|20307585|20301149|20246068|20246013
203838,20424183|20415723|20406349|20370688|20333225|20332419|20307585|20301149|20246068|20246013
204040,20424183|20415723|20406349|20370688|20333225|20332419|20307585|20301149|20246068|20246013
204095,20424183|20415723|20406349|20370688|20333225|20332419|20307585|20301149|20246068|20246013
204118,20424183|20415723|20406349|20370688|20333225|20332419|20307585|20301149|20246068|20246013
204446,20451042|20424183|20406349|20370688|20333225|20332419|20307585|20301149|20246068|20246013
204637,20424183|20415723|20406349|20370688|20333225|20332419|20307585|20301149|20246068|20246013
205115,20424183|20415723|20406349|20370688|20333225|20332419|20307585|20301149|20246068|20246013
205207,20424183|20415723|20406349|20370688|20333225|20332419|20307585|20301149|20246068|20246013
205221,20424183|20415723|20406349|20370688|20333225|20332419|20307585|20301149|20246068|20246013
205498,20424183|20415723|20406349|20370688|20333225|20332419|20307585|20301149|20246068|20246013
205504,20424183|20415723|20406349|20370688|20333225|20332419|20307585|20301149|20246068|20246013
205689,4711686006090|4710998000802|4710731060124|4710363382045|4710032601194|4710015103370|4711128668787|4710960892077|4710247005206|4710467221516
205818,20424183|20415723|20406349|20370688|20333225|20332419|20307585|20301149|20246068|20246013
205863,20424183|20415723|20406349|20370688|20333225|20332419|20307585|20301149|20246068|20246013
206655,20424183|20415723|20406349|20370688|20333225|20332419|20307585|20301149|20246068|20246013
206679,20424183|20415723|20406349|20370688|20333225|20332419|20307585|20301149|20246068|20246013
207126,4710247006562|4710105020327|4710105015125|4710105026411|4710105015118|4711080010112|20424183|20415723|20406349|20370688
207744,20424183|20415723|20406349|20370688|20333225|20332419|20307585|20301149|20246068|20246013
208963,20424183|20415723|20406349|20370688|20333225|20332419|20307585|20301149|20246068|20246013
209236,20424183|20415723|20406349|20370688|20333225|20332419|20307585|20301149|20246068|20246013
209991,20424183|20415723|20406349|20370688|20333225|20332419|20307585|20301149|20246068|20246013
210188,20424183|20415723|20406349|20370688|20333225|20332419|20307585|20301149|20246068|20246013
210249,20424183|20415723|20406349|20370688|20333225|20332419|20307585|20301149|20246068|20246013
210324,20451042|20424183|20406349|20370688|20333225|20332419|20307585|20301149|20246068|20246013
211338,20424183|20415723|20406349|20370688|20333225|20332419|20307585|20301149|20246068|20246013
211734,20424183|20415723|20406349|20370688|20333225|20332419|20307585|20301149|20246068|20246013
212649,4711686006090|4710998000802|4710731060124|4710363382045|4710032601194|4710015103370|4711128668787|4710960892077|4710247005206|4710467221516
213301,20424183|20415723|20406349|20370688|20333225|20332419|20307585|20301149|20246068|20246013
214223,20424183|20415723|20406349|20370688|20333225|20332419|20307585|20301149|20246068|20246013
214339,4711686006090|4710998000802|4710731060124|4710363382045|4710032601194|4710015103370|4711128668787|4710960892077|4710247005206|4710467221516
214384,20424183|20415723|20406349|20370688|20333225|20332419|20307585|20301149|20246068|20246013
214414,20424183|20415723|20406349|20370688|20333225|20332419|20307585|20301149|20246068|20246013
214544,4710107021285|20424183|20415723|20406349|20370688|20333225|20332419|20307585|20301149|20246068
216371,20424183|20415723|20406349|20370688|20333225|20332419|20307585|20301149|20246068|20246013
216449,20424183|20415723|20406349|20370688|20333225|20332419|20307585|20301149|20246068|20246013
216531,20451042|20424183|20415723|20406349|20370688|20333225|20332419|20301149|20246068|20246013
216869,20424183|20415723|20406349|20370688|20333225|20332419|20307585|20301149|20246068|20246013
216937,20424183|20415723|20406349|20370688|20333225|20332419|20307585|20301149|20246068|20246013
217361,20424183|20415723|20406349|20370688|20333225|20332419|20307585|20301149|20246068|20246013
217408,20424183|20415723|20406349|20370688|20333225|20332419|20307585|20301149|20246068|20246013
218962,20424183|20415723|20406349|20370688|20333225|20332419|20307585|20301149|20246068|20246013
219259,20424183|20415723|20406349|20370688|20333225|20332419|20307585|20301149|20246068|20246013
219310,4711686006090|4710998000802|4710731060124|4710363382045|4710032601194|4710015103370|4711128668787|4710960892077|4710247005206|4710467221516
219334,20424183|20415723|20406349|20370688|20333225|20332419|20307585|20301149|20246068|20246013
219389,20424183|20415723|20406349|20370688|20333225|20332419|20307585|20301149|20246068|20246013
219440,20424183|20415723|20406349|20370688|20333225|20332419|20307585|20301149|20246068|20246013
219549,20424183|20415723|20406349|20370688|20333225|20332419|20307585|20301149|20246068|20246013
219570,20424183|20415723|20406349|20370688|20333225|20332419|20307585|20301149|20246068|20246013
219747,20424183|20415723|20406349|20370688|20333225|20332419|20307585|20301149|20246068|20246013
219891,4710054380619|4710114128038|20424183|20415723|20406349|20370688|20333225|20332419|20307585|20301149
219969,20424183|20415723|20406349|20370688|20333225|20332419|20307585|20301149|20246068|20246013
220026,20424183|20415723|20406349|20370688|20333225|20332419|20307585|20301149|20246068|20246013
220149,20424183|20415723|20406349|20370688|20333225|20332419|20307585|20301149|20246068|20246013
220170,20424183|20415723|20406349|20370688|20333225|20332419|20307585|20301149|20246068|20246013
220361,4711686006090|4710998000802|4710731060124|4710363382045|4710032601194|4710015103370|4711128668787|4710960892077|4710247005206|4710467221516
220385,20424183|20415723|20406349|20370688|20333225|20332419|20307585|20301149|20246068|20246013
220392,20424183|20415723|20406349|20370688|20333225|20332419|20307585|20301149|20246068|20246013
220552,4711686006090|4710998000802|4710731060124|4710363382045|4710032601194|4710015103370|4711128668787|4710960892077|4710247005206|4710467221516
220644,4711686006090|4710998000802|4710731060124|4710363382045|4710032601194|4710015103370|4711128668787|4710960892077|4710247005206|4710467221516
220682,20451042|20424183|20415723|20406349|20370688|20333225|20332419|20307585|20301149|20246068
220828,20424183|20415723|20406349|20370688|20333225|20332419|20307585|20301149|20246068|20246013
220842,20424183|20415723|20406349|20370688|20333225|20332419|20307585|20301149|20246068|20246013
220972,20424183|20415723|20406349|20370688|20333225|20332419|20307585|20301149|20246068|20246013
221016,20424183|20415723|20406349|20370688|20333225|20332419|20307585|20301149|20246068|20246013
221023,20424183|20415723|20406349|20370688|20333225|20332419|20307585|20301149|20246068|20246013
221177,4710098162806|4711220111112|4710063333194|4902757160906|4711926724012|20424183|20415723|20406349|20370688|20333225
221573,20424183|20415723|20406349|20370688|20333225|20332419|20307585|20301149|20246068|20246013
221634,20424183|20415723|20406349|20370688|20333225|20332419|20307585|20301149|20246068|20246013
222204,20424183|20415723|20406349|20370688|20333225|20332419|20307585|20301149|20246068|20246013
223119,20424183|20415723|20406349|20370688|20333225|20332419|20307585|20301149|20246068|20246013
225588,20424183|20415723|20406349|20370688|20333225|20332419|20307585|20301149|20246068|20246013
225793,20424183|20415723|20406349|20370688|20333225|20332419|20307585|20301149|20246068|20246013
226394,20424183|20415723|20406349|20370688|20333225|20332419|20307585|20301149|20246068|20246013
227773,4710105051017|20424183|20415723|20406349|20370688|20333225|20332419|20307585|20301149|20246068
230278,20424183|20415723|20406349|20370688|20333225|20332419|20307585|20301149|20246068|20246013
230483,20424183|20415723|20406349|20370688|20333225|20332419|20307585|20301149|20246068|20246013
231909,20424183|20415723|20406349|20370688|20333225|20332419|20307585|20301149|20246068|20246013
231961,20424183|20415723|20406349|20370688|20333225|20332419|20307585|20301149|20246068|20246013
232005,4711686006090|4710998000802|4710731060124|4710363382045|4710032601194|4710015103370|4711128668787|4710960892077|4710247005206|4710467221516
232012,20424183|20415723|20406349|20370688|20333225|20332419|20307585|20301149|20246068|20246013
232265,20424183|20415723|20406349|20370688|20333225|20332419|20307585|20301149|20246068|20246013
233262,20451042|20424183|20415723|20406349|20370688|20333225|20332419|20301149|20246068|20246013
233484,20424183|20415723|20406349|20370688|20333225|20332419|20307585|20301149|20246068|20246013
233606,4711686006090|4710998000802|4710731060124|4710363382045|4710032601194|4710015103370|4711128668787|4710960892077|4710247005206|4710467221516
233705,20424183|20415723|20406349|20370688|20333225|20332419|20307585|20301149|20246068|20246013
234467,20424183|20415723|20406349|20370688|20333225|20332419|20307585|20301149|20246068|20246013
235266,4711686006090|4710998000802|4710731060124|4710363382045|4710032601194|4710015103370|4711128668787|4710960892077|4710247005206|4710467221516
235617,20424183|20415723|20406349|20370688|20333225|20332419|20307585|20301149|20246068|20246013
235648,20424183|20415723|20406349|20370688|20333225|20332419|20307585|20301149|20246068|20246013
236058,20424183|20415723|20406349|20370688|20333225|20332419|20307585|20301149|20246068|20246013
236645,20424183|20415723|20406349|20370688|20333225|20332419|20307585|20301149|20246068|20246013
236874,20424183|20415723|20406349|20370688|20333225|20332419|20307585|20301149|20246068|20246013
237109,20424183|20415723|20406349|20370688|20333225|20332419|20307585|20301149|20246068|20246013
237130,4711686006090|4710998000802|4710731060124|4710363382045|4710032601194|4710015103370|4711128668787|4710960892077|4710247005206|4710467221516
238243,20424183|20415723|20406349|20370688|20333225|20332419|20307585|20301149|20246068|20246013
238540,20424183|20415723|20406349|20370688|20333225|20332419|20307585|20301149|20246068|20246013
238717,20424183|20415723|20406349|20370688|20333225|20332419|20307585|20301149|20246068|20246013
239448,9300644131759|4710105011011|4711128668787|4710960892077|4710583910004|4710362010093|47106710|4710467221516|4711163000603|4710088414328
239530,20424183|20415723|20406349|20370688|20333225|20332419|20307585|20301149|20246068|20246013
242110,20424183|20415723|20406349|20370688|20333225|20332419|20307585|20301149|20246068|20246013
247962,4711686006090|4710998000802|4710731060124|4710363382045|4710032601194|4710015103370|4711128668787|4710960892077|4710247005206|4710467221516
248433,4711686006090|4710998000802|4710731060124|4710363382045|4710032601194|4710015103370|4711128668787|4710960892077|4710247005206|4710467221516
248655,20424183|20415723|20406349|20370688|20333225|20332419|20307585|20301149|20246068|20246013
249713,20424183|20415723|20406349|20370688|20333225|20332419|20307585|20301149|20246068|20246013
250870,20424183|20415723|20406349|20370688|20333225|20332419|20307585|20301149|20246068|20246013
251006,20424183|20415723|20406349|20370688|20333225|20332419|20307585|20301149|20246068|20246013
251402,20424183|20415723|20406349|20370688|20333225|20332419|20307585|20301149|20246068|20246013
255202,20424183|20415723|20406349|20370688|20333225|20332419|20307585|20301149|20246068|20246013
255431,4711686006090|4710998000802|4710731060124|4710363382045|4710032601194|4710015103370|4711128668787|4710960892077|4710247005206|4710467221516
256735,20424183|20415723|20406349|20370688|20333225|20332419|20307585|20301149|20246068|20246013
257916,4711686006090|4710998000802|4710731060124|4710363382045|4710032601194|4710015103370|4711128668787|4710960892077|4710247005206|4710467221516
257930,20424183|20415723|20406349|20370688|20333225|20332419|20307585|20301149|20246068|20246013
258067,20424183|20415723|20406349|20370688|20333225|20332419|20307585|20301149|20246068|20246013
258098,4711686006090|4710998000802|4710731060124|4710594412009|4710363382045|4710247005206|4710032601194|4710015103370|4710290003082|4710088410382
260411,20424183|20415723|20406349|20370688|20333225|20332419|20307585|20301149|20246068|20246013
261715,20424183|20415723|20406349|20370688|20333225|20332419|20307585|20301149|20246068|20246013
262965,4711686006090|4710998000802|4710731060124|4710363382045|4710032601194|4710015103370|4711128668787|4710960892077|4710247005206|4710467221516
265713,4711686006090|4710998000802|4710731060124|4710363382045|4710032601194|4710015103370|4711128668787|4710960892077|4710247005206|4710467221516
266215,4714981010038|20424183|20415723|20406349|20370688|20333225|20332419|20307585|20301149|20246068
266444,20424183|20415723|20406349|20370688|20333225|20332419|20307585|20301149|20246068|20246013
267854,20424183|20415723|20406349|20370688|20333225|20332419|20307585|20301149|20246068|20246013
267960,4711686006090|4710998000802|4710731060124|4710363382045|4710032601194|4710015103370|4711128668787|4710960892077|4710247005206|4710467221516
268653,20424183|20415723|20406349|20370688|20333225|20332419|20307585|20301149|20246068|20246013
268745,20424183|20415723|20406349|20370688|20333225|20332419|20307585|20301149|20246068|20246013
269032,20424183|20415723|20406349|20370688|20333225|20332419|20307585|20301149|20246068|20246013
269414,4710421090011|20424183|20415723|20406349|20370688|20333225|20332419|20307585|20301149|20246068
270083,20424183|20415723|20406349|20370688|20333225|20332419|20307585|20301149|20246068|20246013
270236,4710126152007|4710095958006|4718057701769|4710085120697|4714276280061|20424183|20415723|20406349|20370688|20333225
270700,20424183|20415723|20406349|20370688|20333225|20332419|20307585|20301149|20246068|20246013
270786,20424183|20415723|20406349|20370688|20333225|20332419|20307585|20301149|20246068|20246013
273534,4711686006090|4710998000802|4710731060124|4710363382045|4710032601194|4710015103370|4711128668787|4710960892077|4710247005206|4710467221516
274975,20424183|20415723|20406349|20370688|20333225|20332419|20307585|20301149|20246068|20246013
274999,4711686006090|4710998000802|4710731060124|4710363382045|4710032601194|4710015103370|4711128668787|4710960892077|4710247005206|4710467221516
275095,20424183|20415723|20406349|20370688|20333225|20332419|20307585|20301149|20246068|20246013
281799,20424183|20415723|20406349|20370688|20333225|20332419|20307585|20301149|20246068|20246013
281980,4711686006090|4711178200012|4710998000802|4710731060124|4710594412009|4710363382045|4710247005206|4710032601194|4710015103370|4710290003082
288095,20424183|20415723|20406349|20370688|20333225|20332419|20307585|20301149|20246068|20246013
288149,20424183|20415723|20406349|20370688|20333225|20332419|20307585|20301149|20246068|20246013
290852,20424183|20415723|20406349|20370688|20333225|20332419|20307585|20301149|20246068|20246013
291200,20424183|20415723|20406349|20370688|20333225|20332419|20307585|20301149|20246068|20246013
291552,20424183|20415723|20406349|20370688|20333225|20332419|20307585|20301149|20246068|20246013
292177,4711686006090|4710998000802|4710731060124|4710363382045|4710032601194|4710015103370|4711128668787|4710960892077|4710247005206|4710467221516
292306,4711686006090|4710998000802|4710731060124|4710363382045|4710032601194|4710015103370|4711128668787|4710960892077|4710247005206|4710467221516
292504,20424183|20415723|20406349|20370688|20333225|20332419|20307585|20301149|20246068|20246013
292528,20424183|20415723|20406349|20370688|20333225|20332419|20307585|20301149|20246068|20246013
293044,20424183|20415723|20406349|20370688|20333225|20332419|20307585|20301149|20246068|20246013
293174,20424183|20415723|20406349|20370688|20333225|20332419|20307585|20301149|20246068|20246013
294560,20424183|20415723|20406349|20370688|20333225|20332419|20307585|20301149|20246068|20246013
295260,4711686006090|4710998000802|4710731060124|4710363382045|4710032601194|4710015103370|4711128668787|4710960892077|4710247005206|4710467221516
296106,20424183|20415723|20406349|20370688|20333225|20332419|20307585|20301149|20246068|20246013
296311,20424183|20415723|20406349|20370688|20333225|20332419|20307585|20301149|20246068|20246013
296717,20424183|20415723|20406349|20370688|20333225|20332419|20307585|20301149|20246068|20246013
297325,20424183|20415723|20406349|20370688|20333225|20332419|20307585|20301149|20246068|20246013
299893,20424183|20415723|20406349|20370688|20333225|20332419|20307585|20301149|20246068|20246013
300179,20424183|20415723|20406349|20370688|20333225|20332419|20307585|20301149|20246068|20246013
300285,4710247005299|4718429100077|4710105046013|20424183|20415723|20406349|20370688|20333225|20332419|20307585
300421,20424183|20415723|20406349|20370688|20333225|20332419|20307585|20301149|20246068|20246013
300490,20424183|20415723|20406349|20370688|20333225|20332419|20307585|20301149|20246068|20246013
300735,20424183|20415723|20406349|20370688|20333225|20332419|20307585|20301149|20246068|20246013
300919,20424183|20415723|20406349|20370688|20333225|20332419|20307585|20301149|20246068|20246013
301657,4711686006090|4710998000802|4710731060124|4710363382045|4710032601194|4710015103370|4711128668787|4710960892077|4710247005206|4710467221516
301923,20424183|20415723|20406349|20370688|20333225|20332419|20307585|20301149|20246068|20246013
302135,4711022100031|4710057830012|51000024237|4712278884263|4711634000965|47100312|20557003|8801047271024|4710998000802|4710731060124
302142,20424183|20415723|20406349|20370688|20333225|20332419|20307585|20301149|20246068|20246013
302647,4711686006090|4710998000802|4710731060124|4710363382045|4710032601194|4710015103370|4711128668787|4710960892077|4710247005206|4710467221516
302777,20424183|20415723|20406349|20370688|20333225|20332419|20307585|20301149|20246068|20246013
302845,20424183|20415723|20406349|20370688|20333225|20332419|20307585|20301149|20246068|20246013
303392,20424183|20415723|20406349|20370688|20333225|20332419|20307585|20301149|20246068|20246013
303514,4711022100031|4710057830012|51000024237|20557003|8801047271024|4710043981513|4710176023098|4710583910004|4710247006562|47106710
303668,20424183|20415723|20406349|20370688|20333225|20332419|20307585|20301149|20246068|20246013
303743,4712278884263|4711634000965|47100312|4711686006090|4710998000802|4710731060124|4710363382045|4710247005206|4710032601194|4710015103370
303873,20424183|20415723|20406349|20370688|20333225|20332419|20307585|20301149|20246068|20246013
303880,20424183|20415723|20406349|20370688|20333225|20332419|20307585|20301149|20246068|20246013
303910,4711686006090|4710998000802|4710731060124|4710363382045|4710032601194|4710015103370|4711128668787|4710960892077|4710247005206|4710467221516
304092,20424183|20415723|20406349|20370688|20333225|20332419|20307585|20301149|20246068|20246013
304153,20424183|20415723|20406349|20370688|20333225|20332419|20307585|20301149|20246068|20246013
304184,20424183|20415723|20406349|20370688|20333225|20332419|20307585|20301149|20246068|20246013
304207,20424183|20415723|20406349|20370688|20333225|20332419|20307585|20301149|20246068|20246013
304290,20424183|20415723|20406349|20370688|20333225|20332419|20307585|20301149|20246068|20246013
304474,4710126031906|20424183|20415723|20406349|20370688|20333225|20332419|20307585|20301149|20246068
304511,20424183|20415723|20406349|20370688|20333225|20332419|20307585|20301149|20246068|20246013
304580,4711686006090|4710998000802|4710731060124|4710363382045|4710032601194|4710015103370|4711128668787|4710960892077|4710247005206|4710467221516
304818,20424183|20415723|20406349|20370688|20333225|20332419|20307585|20301149|20246068|20246013
304832,20424183|20415723|20406349|20370688|20333225|20332419|20307585|20301149|20246068|20246013
304849,20424183|20415723|20406349|20370688|20333225|20332419|20307585|20301149|20246068|20246013
304856,20424183|20415723|20406349|20370688|20333225|20332419|20307585|20301149|20246068|20246013
305082,20424183|20415723|20406349|20370688|20333225|20332419|20307585|20301149|20246068|20246013
305143,20424183|20415723|20406349|20370688|20333225|20332419|20307585|20301149|20246068|20246013
305167,20424183|20415723|20406349|20370688|20333225|20332419|20307585|20301149|20246068|20246013
305211,20424183|20415723|20406349|20370688|20333225|20332419|20307585|20301149|20246068|20246013
305228,4710126184268|4711022100031|4710057830012|51000024237|8801047271024|4710043981513|4710176023098|4710583910004|4710247006562|47106710
305358,20424183|20415723|20406349|20370688|20333225|20332419|20307585|20301149|20246068|20246013
306010,20424183|20415723|20406349|20370688|20333225|20332419|20307585|20301149|20246068|20246013
306539,20424183|20415723|20406349|20370688|20333225|20332419|20307585|20301149|20246068|20246013
306997,20424183|20415723|20406349|20370688|20333225|20332419|20307585|20301149|20246068|20246013
307437,20424183|20415723|20406349|20370688|20333225|20332419|20307585|20301149|20246068|20246013
307444,20424183|20415723|20406349|20370688|20333225|20332419|20307585|20301149|20246068|20246013
307451,20424183|20415723|20406349|20370688|20333225|20332419|20307585|20301149|20246068|20246013
307482,20424183|20415723|20406349|20370688|20333225|20332419|20307585|20301149|20246068|20246013
308359,20424183|20415723|20406349|20370688|20333225|20332419|20307585|20301149|20246068|20246013
308373,20424183|20415723|20406349|20370688|20333225|20332419|20307585|20301149|20246068|20246013
308410,20424183|20415723|20406349|20370688|20333225|20332419|20307585|20301149|20246068|20246013
308472,4712278884263|4711634000965|47100312|4711686006090|4710998000802|4710731060124|4710363382045|4710247005206|4710032601194|4710015103370
309448,20424183|20415723|20406349|20370688|20333225|20332419|20307585|20301149|20246068|20246013
309486,4711686006090|4710998000802|4710731060124|4710363382045|4710032601194|4710015103370|4711128668787|4710960892077|4710247005206|4710467221516
310970,4711686006090|4710998000802|4710731060124|4710363382045|4710032601194|4710015103370|4711128668787|4710960892077|4710247005206|4710467221516
311014,20451042|20424183|20415723|20406349|20370688|20333225|20332419|20301149|20246068|20246013
311021,4711686006090|4710998000802|4710731060124|4710363382045|4710032601194|4710015103370|4711128668787|4710960892077|4710247005206|4710467221516
311762,20424183|20415723|20406349|20370688|20333225|20332419|20307585|20301149|20246068|20246013
311786,4711686006090|4710998000802|4710731060124|4710363382045|4710032601194|4710015103370|4711128668787|4710960892077|4710247005206|4710467221516
311960,20424183|20415723|20406349|20370688|20333225|20332419|20307585|20301149|20246068|20246013
312561,20424183|20415723|20406349|20370688|20333225|20332419|20307585|20301149|20246068|20246013
312578,4711686006090|4710998000802|4710731060124|4710363382045|4710032601194|4710015103370|4711128668787|4710960892077|4710247005206|4710467221516
312721,20424183|20415723|20406349|20370688|20333225|20332419|20307585|20301149|20246068|20246013
312998,20424183|20415723|20406349|20370688|20333225|20332419|20307585|20301149|20246068|20246013
313025,4711686006090|4710998000802|4710731060124|4710363382045|4710032601194|4710015103370|4711128668787|4710960892077|4710247005206|4710467221516
313162,20424183|20415723|20406349|20370688|20333225|20332419|20307585|20301149|20246068|20246013
313247,20424183|20415723|20406349|20370688|20333225|20332419|20307585|20301149|20246068|20246013
314084,20424183|20415723|20406349|20370688|20333225|20332419|20307585|20301149|20246068|20246013
315647,20424183|20415723|20406349|20370688|20333225|20332419|20307585|20301149|20246068|20246013
315852,20424183|20415723|20406349|20370688|20333225|20332419|20307585|20301149|20246068|20246013
316354,20424183|20415723|20406349|20370688|20333225|20332419|20307585|20301149|20246068|20246013
317856,20424183|20415723|20406349|20370688|20333225|20332419|20307585|20301149|20246068|20246013
318020,20424183|20415723|20406349|20370688|20333225|20332419|20307585|20301149|20246068|20246013
318211,20424183|20415723|20406349|20370688|20333225|20332419|20307585|20301149|20246068|20246013
319829,20424183|20415723|20406349|20370688|20333225|20332419|20307585|20301149|20246068|20246013
319850,4711686006090|4710998000802|4710731060124|4710363382045|4710032601194|4710015103370|4711128668787|4710960892077|4710247005206|4710467221516
320313,4710126152007|4710095958006|4710998000802|4710731060124|4710431330282|4710363382045|4710247005206|4710032601194|4710015103370|20563554
320351,20451042|20424183|20415723|20406349|20370688|20333225|20332419|20301149|20246068|20246013
320627,20424183|20415723|20406349|20370688|20333225|20332419|20307585|20301149|20246068|20246013
321341,20424183|20415723|20406349|20370688|20333225|20332419|20307585|20301149|20246068|20246013
321396,20424183|20415723|20406349|20370688|20333225|20332419|20307585|20301149|20246068|20246013
321433,20424183|20415723|20406349|20370688|20333225|20332419|20307585|20301149|20246068|20246013
321709,20424183|20415723|20406349|20370688|20333225|20332419|20307585|20301149|20246068|20246013
321839,20424183|20415723|20406349|20370688|20333225|20332419|20307585|20301149|20246068|20246013
322010,20451042|20424183|20415723|20406349|20370688|20333225|20332419|20307585|20301149|20246068
322140,4710105045450|4710126012066|20333225|4710105045313|4710063312120|4710583350701|4710088432353|4710736570031|4710105031811|20424183
322201,20424183|20415723|20406349|20370688|20333225|20332419|20307585|20301149|20246068|20246013
322720,20424183|20415723|20406349|20370688|20333225|20332419|20307585|20301149|20246068|20246013
322775,20451042|20424183|20415723|20406349|20333225|20332419|20307585|20301149|20246068|20246013
322867,20424183|20415723|20406349|20370688|20333225|20332419|20307585|20301149|20246068|20246013
322904,20424183|20415723|20406349|20370688|20333225|20332419|20307585|20301149|20246068|20246013
322966,20424183|20415723|20406349|20370688|20333225|20332419|20307585|20301149|20246068|20246013
323215,20424183|20415723|20406349|20370688|20333225|20332419|20307585|20301149|20246068|20246013
323369,20424183|20415723|20406349|20370688|20333225|20332419|20307585|20301149|20246068|20246013
324977,20424183|20415723|20406349|20370688|20333225|20332419|20307585|20301149|20246068|20246013
325172,4711686006090|4710998000802|4710731060124|4710363382045|4710032601194|4710015103370|4711128668787|4710960892077|4710247005206|4710467221516
325301,4711686006090|4710998000802|4710731060124|4710363382045|4710032601194|4710015103370|4711128668787|4710960892077|4710247005206|4710467221516
326063,20424183|20415723|20406349|20370688|20333225|20332419|20307585|20301149|20246068|20246013
326438,20424183|20415723|20406349|20370688|20333225|20332419|20307585|20301149|20246068|20246013
326919,20424183|20415723|20406349|20370688|20333225|20332419|20307585|20301149|20246068|20246013
328548,20424183|20415723|20406349|20370688|20333225|20332419|20307585|20301149|20246068|20246013
329002,20424183|20415723|20406349|20370688|20333225|20332419|20307585|20301149|20246068|20246013
329224,20424183|20415723|20406349|20370688|20333225|20332419|20307585|20301149|20246068|20246013
329637,20424183|20415723|20406349|20370688|20333225|20332419|20307585|20301149|20246068|20246013
331586,20424183|20415723|20406349|20370688|20333225|20332419|20307585|20301149|20246068|20246013
331708,20514235|20451042|20424183|20415723|20406349|20370688|20333225|20332419|20301149|20246068
331746,4711686006090|4710998000802|4710731060124|4710363382045|4710032601194|4710015103370|4711128668787|4710960892077|4710247005206|4710467221516
331784,4711686006090|4710998000802|4710731060124|4710363382045|4710032601194|4710015103370|4711128668787|4710960892077|4710247005206|4710467221516
332118,20424183|20415723|20406349|20370688|20333225|20332419|20307585|20301149|20246068|20246013
333122,20424183|20415723|20406349|20370688|20333225|20332419|20307585|20301149|20246068|20246013
334563,20424183|20415723|20406349|20370688|20333225|20332419|20307585|20301149|20246068|20246013
334662,20424183|20415723|20406349|20370688|20333225|20332419|20307585|20301149|20246068|20246013
336154,20424183|20415723|20406349|20370688|20333225|20332419|20307585|20301149|20246068|20246013
336420,20424183|20415723|20406349|20370688|20333225|20332419|20307585|20301149|20246068|20246013
336796,20424183|20415723|20406349|20370688|20333225|20332419|20307585|20301149|20246068|20246013
337182,20424183|20415723|20406349|20370688|20333225|20332419|20307585|20301149|20246068|20246013
337557,20424183|20415723|20406349|20370688|20333225|20332419|20307585|20301149|20246068|20246013
338110,20424183|20415723|20406349|20370688|20333225|20332419|20307585|20301149|20246068|20246013
338349,20424183|20415723|20406349|20370688|20333225|20332419|20307585|20301149|20246068|20246013
338509,20424183|20415723|20406349|20370688|20333225|20332419|20307585|20301149|20246068|20246013
338707,20424183|20415723|20406349|20370688|20333225|20332419|20307585|20301149|20246068|20246013
339278,20424183|20415723|20406349|20370688|20333225|20332419|20307585|20301149|20246068|20246013
339391,20424183|20415723|20406349|20370688|20333225|20332419|20307585|20301149|20246068|20246013
339728,20424183|20415723|20406349|20370688|20333225|20332419|20307585|20301149|20246068|20246013
339896,20424183|20415723|20406349|20370688|20333225|20332419|20307585|20301149|20246068|20246013
340137,20424183|20415723|20406349|20370688|20333225|20332419|20307585|20301149|20246068|20246013
340588,4711686006090|4710998000802|4710731060124|4710363382045|4710032601194|4710015103370|4711128668787|4710960892077|4710247005206|4710467221516
340625,20424183|20415723|20406349|20370688|20333225|20332419|20307585|20301149|20246068|20246013
340670,20424183|20415723|20406349|20370688|20333225|20332419|20307585|20301149|20246068|20246013
341042,4711686006090|4710998000802|4710731060124|4710363382045|4710032601194|4710015103370|4711128668787|4710960892077|4710247005206|4710467221516
341257,20424183|20415723|20406349|20370688|20333225|20332419|20307585|20301149|20246068|20246013
342605,20424183|20415723|20406349|20370688|20333225|20332419|20307585|20301149|20246068|20246013
344708,4711686006090|4710998000802|4710731060124|4710363382045|4710032601194|4710015103370|4711128668787|4710960892077|4710247005206|4710467221516
344784,20424183|20415723|20406349|20370688|20333225|20332419|20307585|20301149|20246068|20246013
344999,20424183|20415723|20406349|20370688|20333225|20332419|20307585|20301149|20246068|20246013
346672,4711686006090|4710998000802|4710731060124|4710363382045|4710032601194|4710015103370|4711128668787|4710960892077|4710247005206|4710467221516
347877,20424183|20415723|20406349|20370688|20333225|20332419|20307585|20301149|20246068|20246013
348362,20424183|20415723|20406349|20370688|20333225|20332419|20307585|20301149|20246068|20246013
348508,20424183|20415723|20406349|20370688|20333225|20332419|20307585|20301149|20246068|20246013
349857,9556121008032|9556121008025|4717101101265|4714276113888|4712397000261|4710105051628|4710871000356|20246013|4711039232190|4710043131703
350846,20424183|20415723|20406349|20370688|20333225|20332419|20307585|20301149|20246068|20246013
351218,20424183|20415723|20406349|20370688|20333225|20332419|20307585|20301149|20246068|20246013
351454,4711686006090|4710998000802|4710731060124|4710363382045|4710032601194|4710015103370|4711128668787|4710960892077|4710247005206|4710467221516
352079,20424183|20415723|20406349|20370688|20333225|20332419|20307585|20301149|20246068|20246013
353397,20424183|20415723|20406349|20370688|20333225|20332419|20307585|20301149|20246068|20246013
353540,20424183|20415723|20406349|20370688|20333225|20332419|20307585|20301149|20246068|20246013
353656,20424183|20415723|20406349|20370688|20333225|20332419|20307585|20301149|20246068|20246013
353908,20424183|20415723|20406349|20370688|20333225|20332419|20307585|20301149|20246068|20246013
355322,4710126152007|4710095958006|4710085120697|4710085120680|4714276280061|20424183|20415723|20406349|20370688|20333225
355537,20424183|20415723|20406349|20370688|20333225|20332419|20307585|20301149|20246068|20246013
355643,20424183|20415723|20406349|20370688|20333225|20332419|20307585|20301149|20246068|20246013
355780,20424183|20415723|20406349|20370688|20333225|20332419|20307585|20301149|20246068|20246013
356190,20424183|20415723|20406349|20370688|20333225|20332419|20307585|20301149|20246068|20246013
356220,20424183|20415723|20406349|20370688|20333225|20332419|20307585|20301149|20246068|20246013
356299,4711686006090|4710998000802|4710731060124|4710363382045|4710032601194|4710015103370|4711128668787|4710960892077|4710247005206|4710467221516
356824,20424183|20415723|20406349|20370688|20333225|20332419|20307585|20301149|20246068|20246013
357159,20424183|20415723|20406349|20370688|20333225|20332419|20307585|20301149|20246068|20246013
359856,20424183|20415723|20406349|20370688|20333225|20332419|20307585|20301149|20246068|20246013
361606,20424183|20415723|20406349|20370688|20333225|20332419|20307585|20301149|20246068|20246013
361873,20424183|20415723|20406349|20370688|20333225|20332419|20307585|20301149|20246068|20246013
362276,20424183|20415723|20406349|20370688|20333225|20332419|20307585|20301149|20246068|20246013
362344,4719859015078|4719859015061|4710105015521|4719090701051|20451042|20424183|20415723|20406349|20370688|20333225
364881,4718433614669|4710233101035|2230124000022|4710011405133|4710105051147|4710088432353|4711524000396|4710088410610|20424183|20415723
366540,20424183|20415723|20406349|20370688|20333225|20332419|20307585|20301149|20246068|20246013
367431,20424183|20415723|20406349|20370688|20333225|20332419|20307585|20301149|20246068|20246013
367677,20424183|20415723|20406349|20370688|20333225|20332419|20307585|20301149|20246068|20246013
367851,20424183|20415723|20406349|20370688|20333225|20332419|20307585|20301149|20246068|20246013
368322,4711713290065|4710140601512|4710626055310|4710189600101|4710543214012|4714981010038|20451042|20424183|20415723|20406349
368476,4710670200100|4710011406123|4710105045313|4712278884263|4711634000965|47100312|4710998000802|4710731060124|4710363382045|4710247005206
368568,20424183|20415723|20406349|20370688|20333225|20332419|20307585|20301149|20246068|20246013
368674,20424183|20415723|20406349|20370688|20333225|20332419|20307585|20301149|20246068|20246013
369176,20424183|20415723|20406349|20370688|20333225|20332419|20307585|20301149|20246068|20246013
371261,20424183|20415723|20406349|20370688|20333225|20332419|20307585|20301149|20246068|20246013
375764,20424183|20415723|20406349|20370688|20333225|20332419|20307585|20301149|20246068|20246013
375917,20424183|20415723|20406349|20370688|20333225|20332419|20307585|20301149|20246068|20246013
377904,20424183|20415723|20406349|20370688|20333225|20332419|20307585|20301149|20246068|20246013
379144,4711686006090|4710998000802|4710731060124|4710363382045|4710032601194|4710015103370|4711128668787|4710960892077|4710247005206|4710467221516
380300,20424183|20415723|20406349|20370688|20333225|20332419|20307585|20301149|20246068|20246013
380393,20424183|20415723|20406349|20370688|20333225|20332419|20307585|20301149|20246068|20246013
380713,4711686006090|4710998000802|4710731060124|4710363382045|4710032601194|4710015103370|4711128668787|4710960892077|4710247005206|4710467221516
380942,20424183|20415723|20406349|20370688|20333225|20332419|20307585|20301149|20246068|20246013
381147,20424183|20415723|20406349|20370688|20333225|20332419|20307585|20301149|20246068|20246013
381321,20424183|20415723|20406349|20370688|20333225|20332419|20307585|20301149|20246068|20246013
384421,20424183|20415723|20406349|20370688|20333225|20332419|20307585|20301149|20246068|20246013
385138,20424183|20415723|20406349|20370688|20333225|20332419|20307585|20301149|20246068|20246013
385329,20424183|20415723|20406349|20370688|20333225|20332419|20307585|20301149|20246068|20246013
387828,20424183|20415723|20406349|20370688|20333225|20332419|20307585|20301149|20246068|20246013
388726,20424183|20415723|20406349|20370688|20333225|20332419|20307585|20301149|20246068|20246013
388993,20424183|20415723|20406349|20370688|20333225|20332419|20307585|20301149|20246068|20246013
389006,20424183|20415723|20406349|20370688|20333225|20332419|20307585|20301149|20246068|20246013
389051,20424183|20415723|20406349|20370688|20333225|20332419|20307585|20301149|20246068|20246013
390071,20424183|20415723|20406349|20370688|20333225|20332419|20307585|20301149|20246068|20246013
390514,20424183|20415723|20406349|20370688|20333225|20332419|20307585|20301149|20246068|20246013
391146,4711686006090|4710998000802|4710731060124|4710363382045|4710032601194|4710015103370|4711128668787|4710960892077|4710247005206|4710467221516
391481,20424183|20415723|20406349|20370688|20333225|20332419|20307585|20301149|20246068|20246013
392198,20424183|20415723|20406349|20370688|20333225|20332419|20307585|20301149|20246068|20246013
392433,20424183|20415723|20406349|20370688|20333225|20332419|20307585|20301149|20246068|20246013
392709,20451042|20424183|20406349|20370688|20333225|20332419|20307585|20301149|20246068|20246013
393805,20451042|20424183|20406349|20370688|20333225|20332419|20307585|20301149|20246068|20246013
393997,20424183|20415723|20406349|20370688|20333225|20332419|20307585|20301149|20246068|20246013
395519,20424183|20415723|20406349|20370688|20333225|20332419|20307585|20301149|20246068|20246013
397124,20424183|20415723|20406349|20370688|20333225|20332419|20307585|20301149|20246068|20246013
397391,4714617943044|20424183|20415723|20406349|20370688|20333225|20332419|20307585|20301149|20246068
397872,20424183|20415723|20406349|20370688|20333225|20332419|20307585|20301149|20246068|20246013
399180,20424183|20415723|20406349|20370688|20333225|20332419|20307585|20301149|20246068|20246013
399203,20424183|20415723|20406349|20370688|20333225|20332419|20307585|20301149|20246068|20246013
399326,20451042|20424183|20415723|20406349|20333225|20332419|20307585|20301149|20246068|20246013
399401,20424183|20415723|20406349|20370688|20333225|20332419|20307585|20301149|20246068|20246013
399425,20424183|20415723|20406349|20370688|20333225|20332419|20307585|20301149|20246068|20246013
399449,20424183|20415723|20406349|20370688|20333225|20332419|20307585|20301149|20246068|20246013
399524,20424183|20415723|20406349|20370688|20333225|20332419|20307585|20301149|20246068|20246013
399838,20424183|20415723|20406349|20370688|20333225|20332419|20307585|20301149|20246068|20246013
400176,20424183|20415723|20406349|20370688|20333225|20332419|20307585|20301149|20246068|20246013
401470,20424183|20415723|20406349|20370688|20333225|20332419|20307585|20301149|20246068|20246013
402071,20424183|20415723|20406349|20370688|20333225|20332419|20307585|20301149|20246068|20246013
402224,20424183|20415723|20406349|20370688|20333225|20332419|20307585|20301149|20246068|20246013
402293,20424183|20415723|20406349|20370688|20333225|20332419|20307585|20301149|20246068|20246013
402590,9300644131759|4710105011011|4711128668787|4710960892077|4710583910004|4710362010093|47106710|4710467221516|4711163000603|4710043981513
404495,4710068331553|4711985100024|4710088414311|4714981010038|20451042|20424183|20406349|20370688|20333225|20332419
405843,4715874000228|4710722000474|4711634002587|20424183|20415723|20406349|20370688|20333225|20332419|20307585
406734,20424183|20415723|20406349|20370688|20333225|20332419|20307585|20301149|20246068|20246013
410083,20424183|20415723|20406349|20370688|20333225|20332419|20307585|20301149|20246068|20246013
410168,20424183|20415723|20406349|20370688|20333225|20332419|20307585|20301149|20246068|20246013
410212,20424183|20415723|20406349|20370688|20333225|20332419|20307585|20301149|20246068|20246013
410434,20424183|20415723|20406349|20370688|20333225|20332419|20307585|20301149|20246068|20246013
410472,20424183|20415723|20406349|20370688|20333225|20332419|20307585|20301149|20246068|20246013
411035,20424183|20415723|20406349|20370688|20333225|20332419|20307585|20301149|20246068|20246013
411271,20424183|20415723|20406349|20370688|20333225|20332419|20307585|20301149|20246068|20246013
411967,20424183|20415723|20406349|20370688|20333225|20332419|20307585|20301149|20246068|20246013
412803,20451042|20424183|20415723|20406349|20370688|20333225|20332419|20307585|20301149|20246013
413497,20424183|20415723|20406349|20370688|20333225|20332419|20307585|20301149|20246068|20246013
413572,20424183|20415723|20406349|20370688|20333225|20332419|20307585|20301149|20246068|20246013
414425,20424183|20415723|20406349|20370688|20333225|20332419|20307585|20301149|20246068|20246013
414609,20424183|20415723|20406349|20370688|20333225|20332419|20307585|20301149|20246068|20246013
414760,20424183|20415723|20406349|20370688|20333225|20332419|20307585|20301149|20246068|20246013
415408,20424183|20415723|20406349|20370688|20333225|20332419|20307585|20301149|20246068|20246013
415484,20424183|20415723|20406349|20370688|20333225|20332419|20307585|20301149|20246068|20246013
416207,20424183|20415723|20406349|20370688|20333225|20332419|20307585|20301149|20246068|20246013
416221,20424183|20415723|20406349|20370688|20333225|20332419|20307585|20301149|20246068|20246013
418683,20424183|20415723|20406349|20370688|20333225|20332419|20307585|20301149|20246068|20246013
418874,20451042|20424183|20415723|20406349|20370688|20333225|20332419|20301149|20246068|20246013
418997,20424183|20415723|20406349|20370688|20333225|20332419|20307585|20301149|20246068|20246013
419895,20424183|20415723|20406349|20370688|20333225|20332419|20307585|20301149|20246068|20246013
420099,20424183|20415723|20406349|20370688|20333225|20332419|20307585|20301149|20246068|20246013
420501,20424183|20415723|20406349|20370688|20333225|20332419|20307585|20301149|20246068|20246013
420655,4710022209591|4718433614669|4710233101035|2230124000022|4710011405133|4710105051147|4710088432353|4711524000396|4710088410610|20424183
420679,20424183|20415723|20406349|20370688|20333225|20332419|20307585|20301149|20246068|20246013
420877,20424183|20415723|20406349|20370688|20333225|20332419|20307585|20301149|20246068|20246013
421263,20424183|20415723|20406349|20370688|20333225|20332419|20307585|20301149|20246068|20246013
421294,4712278884263|4711634000965|47100312|4711686006090|4710998000802|4710731060124|4710363382045|4710247005206|4710032601194|4710015103370
421317,20424183|20415723|20406349|20370688|20333225|20332419|20307585|20301149|20246068|20246013
422123,20424183|20415723|20406349|20370688|20333225|20332419|20307585|20301149|20246068|20246013
422772,4714981010038|20451042|20424183|20415723|20406349|20370688|20333225|20332419|20307585|20301149
423014,20424183|20415723|20406349|20370688|20333225|20332419|20307585|20301149|20246068|20246013
423397,20424183|20415723|20406349|20370688|20333225|20332419|20307585|20301149|20246068|20246013
423939,20424183|20415723|20406349|20370688|20333225|20332419|20307585|20301149|20246068|20246013
423960,4711686006090|4710998000802|4710731060124|4710363382045|4710032601194|4710015103370|4711128668787|4710960892077|4710247005206|4710467221516
424035,20424183|20415723|20406349|20370688|20333225|20332419|20307585|20301149|20246068|20246013
424172,20424183|20415723|20406349|20370688|20333225|20332419|20307585|20301149|20246068|20246013
424349,20424183|20415723|20406349|20370688|20333225|20332419|20307585|20301149|20246068|20246013
424356,20424183|20415723|20406349|20370688|20333225|20332419|20307585|20301149|20246068|20246013
424745,20424183|20415723|20406349|20370688|20333225|20332419|20307585|20301149|20246068|20246013
425933,4711686006090|4710998000802|4710731060124|4710363382045|4710032601194|4710015103370|4711128668787|4710960892077|4710247005206|4710467221516
425964,20424183|20415723|20406349|20370688|20333225|20332419|20307585|20301149|20246068|20246013
426008,20424183|20415723|20406349|20370688|20333225|20332419|20307585|20301149|20246068|20246013
426046,4711686006090|4710998000802|4710731060124|4710363382045|4710032601194|4710015103370|4711128668787|4710960892077|4710247005206|4710467221516
426053,4714242832669|4710233101035|4710191020003|4710290004096|4710126392007|4710063312106|4710088434692|4710126012066|4710105045221|4710088443328
426060,20424183|20415723|20406349|20370688|20333225|20332419|20307585|20301149|20246068|20246013
426206,20424183|20415723|20406349|20370688|20333225|20332419|20307585|20301149|20246068|20246013
426275,20424183|20415723|20406349|20370688|20333225|20332419|20307585|20301149|20246068|20246013
426282,20424183|20415723|20406349|20370688|20333225|20332419|20307585|20301149|20246068|20246013
426374,20424183|20415723|20406349|20370688|20333225|20332419|20307585|20301149|20246068|20246013
426381,20424183|20415723|20406349|20370688|20333225|20332419|20307585|20301149|20246068|20246013
426459,4711686006090|4710998000802|4710731060124|4710363382045|4710032601194|4710015103370|4711128668787|4710960892077|4710247005206|4710467221516
426473,4711686006090|4710998000802|4710731060124|4710363382045|4710032601194|4710015103370|4711128668787|4710960892077|4710247005206|4710467221516
426497,20424183|20415723|20406349|20370688|20333225|20332419|20307585|20301149|20246068|20246013
426541,8801019421013|4710126193451|4710126031791|4710908110232|4710626428817|4710543111014|4710085120475|4710530033039|20424183|20415723
426596,20424183|20415723|20406349|20370688|20333225|20332419|20307585|20301149|20246068|20246013
426619,20424183|20415723|20406349|20370688|20333225|20332419|20307585|20301149|20246068|20246013
426824,4711220111112|4710063333194|4710105045443|4710154058319|4710126012066|4710036221015|20333225|4710105045313|4710583350701|47100312
426848,20424183|20415723|20406349|20370688|20333225|20332419|20307585|20301149|20246068|20246013
426879,20424183|20415723|20406349|20370688|20333225|20332419|20307585|20301149|20246068|20246013
426909,20424183|20415723|20406349|20370688|20333225|20332419|20307585|20301149|20246068|20246013
426947,20424183|20415723|20406349|20370688|20333225|20332419|20307585|20301149|20246068|20246013
427012,20424183|20415723|20406349|20370688|20333225|20332419|20307585|20301149|20246068|20246013
427029,4710036038033|4712278884263|4711634000965|47100312|4711686006090|4710998000802|4710731060124|4710363382045|4710247005206|4710032601194
427159,4714050000038|4710110000581|4711437000063|4710209701139|4712789000022|4710114105046|4710105010724|4710094012686|4710515533028|4710247001765
427203,20424183|20415723|20406349|20370688|20333225|20332419|20307585|20301149|20246068|20246013
427531,20424183|20415723|20406349|20370688|20333225|20332419|20307585|20301149|20246068|20246013
429450,4711686006090|4710998000802|4710731060124|4710363382045|4710032601194|4710015103370|4711128668787|4710960892077|4710247005206|4710467221516
431651,4711686006090|4710998000802|4710731060124|4710363382045|4710032601194|4710015103370|4711128668787|4710960892077|4710247005206|4710467221516
432009,20424183|20415723|20406349|20370688|20333225|20332419|20307585|20301149|20246068|20246013
432177,20424183|20415723|20406349|20370688|20333225|20332419|20307585|20301149|20246068|20246013
432238,20424183|20415723|20406349|20370688|20333225|20332419|20307585|20301149|20246068|20246013
432757,4711686006090|4710998000802|4710731060124|4710363382045|4710032601194|4710015103370|4711128668787|4710960892077|4710247005206|4710467221516
432900,20424183|20415723|20406349|20370688|20333225|20332419|20307585|20301149|20246068|20246013
433129,20424183|20415723|20406349|20370688|20333225|20332419|20307585|20301149|20246068|20246013
433136,20424183|20415723|20406349|20370688|20333225|20332419|20307585|20301149|20246068|20246013
433228,20424183|20415723|20406349|20370688|20333225|20332419|20307585|20301149|20246068|20246013
433594,4716462008022|4710105020327|4710105011011|4710105026411|4711022100031|4710057830012|51000024237|4711080010112|20557003|8801047271024
433624,20424183|20415723|20406349|20370688|20333225|20332419|20307585|20301149|20246068|20246013
433648,20424183|20415723|20406349|20370688|20333225|20332419|20307585|20301149|20246068|20246013
433709,20424183|20415723|20406349|20370688|20333225|20332419|20307585|20301149|20246068|20246013
434102,20424183|20415723|20406349|20370688|20333225|20332419|20307585|20301149|20246068|20246013
436083,4712278884263|4711634000965|47100312|4711686006090|4710998000802|4710731060124|4710363382045|4710247005206|4710032601194|4710015103370
436908,20424183|20415723|20406349|20370688|20333225|20332419|20307585|20301149|20246068|20246013
437493,20424183|20415723|20406349|20370688|20333225|20332419|20307585|20301149|20246068|20246013
437547,20424183|20415723|20406349|20370688|20333225|20332419|20307585|20301149|20246068|20246013
437653,20424183|20415723|20406349|20370688|20333225|20332419|20307585|20301149|20246068|20246013
437691,4711686006090|4710998000802|4710731060124|4710363382045|4710032601194|4710015103370|4711128668787|4710960892077|4710247005206|4710467221516
437769,4711686006090|4710998000802|4710731060124|4710363382045|4710032601194|4710015103370|4711128668787|4710960892077|4710247005206|4710467221516
437776,4711686006090|4710998000802|4710731060124|4710363382045|4710032601194|4710015103370|4711128668787|4710960892077|4710247005206|4710467221516
438155,20424183|20415723|20406349|20370688|20333225|20332419|20307585|20301149|20246068|20246013
439121,20424183|20415723|20406349|20370688|20333225|20332419|20307585|20301149|20246068|20246013
439695,20424183|20415723|20406349|20370688|20333225|20332419|20307585|20301149|20246068|20246013
439725,4712278884263|4711634000965|47100312|4711686006090|4710998000802|4710731060124|4710363382045|4710247005206|4710032601194|4710015103370
440011,20451042|20424183|20415723|20406349|20370688|20333225|20332419|20301149|20246068|20246013
440189,20424183|20415723|20406349|20370688|20333225|20332419|20307585|20301149|20246068|20246013
440578,20424183|20415723|20406349|20370688|20333225|20332419|20307585|20301149|20246068|20246013
440646,20424183|20415723|20406349|20370688|20333225|20332419|20307585|20301149|20246068|20246013
440660,20424183|20415723|20406349|20370688|20333225|20332419|20307585|20301149|20246068|20246013
441896,20424183|20415723|20406349|20370688|20333225|20332419|20307585|20301149|20246068|20246013
442466,20451042|20424183|20415723|20406349|20370688|20332419|20307585|20301149|20246068|20246013
442541,4711686006090|4710998000802|4710731060124|4710363382045|4710032601194|4710015103370|4711128668787|4710960892077|4710247005206|4710467221516
442558,20424183|20415723|20406349|20370688|20333225|20332419|20307585|20301149|20246068|20246013
442954,20424183|20415723|20406349|20370688|20333225|20332419|20307585|20301149|20246068|20246013
443104,20424183|20415723|20406349|20370688|20333225|20332419|20307585|20301149|20246068|20246013
443531,4711686006090|4710998000802|4710731060124|4710363382045|4710032601194|4710015103370|4711128668787|4710960892077|4710247005206|4710467221516
445092,20424183|20415723|20406349|20370688|20333225|20332419|20307585|20301149|20246068|20246013
445443,4712278884263|4711634000965|47100312|4711686006090|4710998000802|4710731060124|4710363382045|4710247005206|4710032601194|4710015103370
445467,20424183|20415723|20406349|20370688|20333225|20332419|20307585|20301149|20246068|20246013
445474,20424183|20415723|20406349|20370688|20333225|20332419|20307585|20301149|20246068|20246013
445481,20424183|20415723|20406349|20370688|20333225|20332419|20307585|20301149|20246068|20246013
445498,20424183|20415723|20406349|20370688|20333225|20332419|20307585|20301149|20246068|20246013
445511,20424183|20415723|20406349|20370688|20333225|20332419|20307585|20301149|20246068|20246013
445634,4711686006090|4710998000802|4710731060124|4710363382045|4710032601194|4710015103370|4711128668787|4710960892077|4710247005206|4710467221516
445672,20424183|20415723|20406349|20370688|20333225|20332419|20307585|20301149|20246068|20246013
445924,20451042|20424183|20415723|20406349|20370688|20333225|20332419|20307585|20301149|20246068
446082,20424183|20415723|20406349|20370688|20333225|20332419|20307585|20301149|20246068|20246013
446525,20424183|20415723|20406349|20370688|20333225|20332419|20307585|20301149|20246068|20246013
447225,20424183|20415723|20406349|20370688|20333225|20332419|20307585|20301149|20246068|20246013
448154,20424183|20415723|20406349|20370688|20333225|20332419|20307585|20301149|20246068|20246013
448666,4711686006090|4710998000802|4710731060124|4710363382045|4710032601194|4710015103370|4711128668787|4710960892077|4710247005206|4710467221516
448802,20424183|20415723|20406349|20370688|20333225|20332419|20307585|20301149|20246068|20246013
450133,4711686006090|4710998000802|4710731060124|4710363382045|4710032601194|4710015103370|4711128668787|4710960892077|4710247005206|4710467221516
452090,20424183|20415723|20406349|20370688|20333225|20332419|20307585|20301149|20246068|20246013
453035,20424183|20415723|20406349|20370688|20333225|20332419|20307585|20301149|20246068|20246013
453370,20424183|20415723|20406349|20370688|20333225|20332419|20307585|20301149|20246068|20246013
453905,20424183|20415723|20406349|20370688|20333225|20332419|20307585|20301149|20246068|20246013
454827,20424183|20415723|20406349|20370688|20333225|20332419|20307585|20301149|20246068|20246013
455411,4711686006090|4710998000802|4710731060124|4710363382045|4710032601194|4710015103370|4711128668787|4710960892077|4710247005206|4710467221516
456487,20424183|20415723|20406349|20370688|20333225|20332419|20307585|20301149|20246068|20246013
459853,20424183|20415723|20406349|20370688|20333225|20332419|20307585|20301149|20246068|20246013
460071,20424183|20415723|20406349|20370688|20333225|20332419|20307585|20301149|20246068|20246013
460859,20424183|20415723|20406349|20370688|20333225|20332419|20307585|20301149|20246068|20246013
462365,20424183|20415723|20406349|20370688|20333225|20332419|20307585|20301149|20246068|20246013
462822,20424183|20415723|20406349|20370688|20333225|20332419|20307585|20301149|20246068|20246013
462891,20424183|20415723|20406349|20370688|20333225|20332419|20307585|20301149|20246068|20246013
463003,20424183|20415723|20406349|20370688|20333225|20332419|20307585|20301149|20246068|20246013
463157,20424183|20415723|20406349|20370688|20333225|20332419|20307585|20301149|20246068|20246013
463874,20424183|20415723|20406349|20370688|20333225|20332419|20307585|20301149|20246068|20246013
465120,20424183|20415723|20406349|20370688|20333225|20332419|20307585|20301149|20246068|20246013
468718,20424183|20415723|20406349|20370688|20333225|20332419|20307585|20301149|20246068|20246013
469012,20424183|20415723|20406349|20370688|20333225|20332419|20307585|20301149|20246068|20246013
469814,20424183|20415723|20406349|20370688|20333225|20332419|20307585|20301149|20246068|20246013
470032,20424183|20415723|20406349|20370688|20333225|20332419|20307585|20301149|20246068|20246013
470865,20424183|20415723|20406349|20370688|20333225|20332419|20307585|20301149|20246068|20246013
471749,20424183|20415723|20406349|20370688|20333225|20332419|20307585|20301149|20246068|20246013
471886,20424183|20415723|20406349|20370688|20333225|20332419|20307585|20301149|20246068|20246013
471947,20424183|20415723|20406349|20370688|20333225|20332419|20307585|20301149|20246068|20246013
477796,4711686006090|4710998000802|4710731060124|4710363382045|4710032601194|4710015103370|4711128668787|4710960892077|4710247005206|4710467221516
478182,20424183|20415723|20406349|20370688|20333225|20332419|20307585|20301149|20246068|20246013
478304,20424183|20415723|20406349|20370688|20333225|20332419|20307585|20301149|20246068|20246013
478342,4715874000532|4710126010116|4711022100017|4719090790017|4714981010038|20424183|20415723|20406349|20370688|20333225
478380,20424183|20415723|20406349|20370688|20333225|20332419|20307585|20301149|20246068|20246013
478458,20424183|20415723|20406349|20370688|20333225|20332419|20307585|20301149|20246068|20246013
481533,4715874000228|4710722000474|4711634002587|4719090701051|20424183|20415723|20406349|20370688|20333225|20332419
482400,20424183|20415723|20406349|20370688|20333225|20332419|20307585|20301149|20246068|20246013
483421,20424183|20415723|20406349|20370688|20333225|20332419|20307585|20301149|20246068|20246013
483445,20424183|20415723|20406349|20370688|20333225|20332419|20307585|20301149|20246068|20246013
483995,20424183|20415723|20406349|20370688|20333225|20332419|20307585|20301149|20246068|20246013
484121,20424183|20415723|20406349|20370688|20333225|20332419|20307585|20301149|20246068|20246013
486408,20424183|20415723|20406349|20370688|20333225|20332419|20307585|20301149|20246068|20246013
486514,20424183|20415723|20406349|20370688|20333225|20332419|20307585|20301149|20246068|20246013
487559,20424183|20415723|20406349|20370688|20333225|20332419|20307585|20301149|20246068|20246013
488167,4711686006090|4710998000802|4710731060124|4710363382045|4710032601194|4710015103370|4711128668787|4710960892077|4710247005206|4710467221516
489157,20424183|20415723|20406349|20370688|20333225|20332419|20307585|20301149|20246068|20246013
489171,4712278884263|4711634000965|47100312|4711686006090|4710998000802|4710731060124|4710363382045|4710247005206|4710032601194|4710015103370
489188,20424183|20415723|20406349|20370688|20333225|20332419|20307585|20301149|20246068|20246013
489201,20451042|20424183|20406349|20370688|20333225|20332419|20307585|20301149|20246068|20246013
490962,20424183|20415723|20406349|20370688|20333225|20332419|20307585|20301149|20246068|20246013
491341,20424183|20415723|20406349|20370688|20333225|20332419|20307585|20301149|20246068|20246013
494076,20424183|20415723|20406349|20370688|20333225|20332419|20307585|20301149|20246068|20246013
494090,4710105015521|4711663700010|20451042|20424183|20415723|20406349|20370688|20333225|20332419|20301149
494120,4711686006090|4710998000802|4710731060124|4710363382045|4710032601194|4710015103370|4711128668787|4710960892077|4710247005206|4710467221516
494724,20424183|20415723|20406349|20370688|20333225|20332419|20307585|20301149|20246068|20246013
494755,20451042|20424183|20415723|20406349|20370688|20333225|20332419|20301149|20246068|20246013
495158,20424183|20415723|20406349|20370688|20333225|20332419|20307585|20301149|20246068|20246013
495301,20424183|20415723|20406349|20370688|20333225|20332419|20307585|20301149|20246068|20246013
496957,20424183|20415723|20406349|20370688|20333225|20332419|20307585|20301149|20246068|20246013
497879,4711686006090|4710998000802|4710731060124|4710363382045|4710032601194|4710015103370|4711128668787|4710960892077|4710247005206|4710467221516
499774,20424183|20415723|20406349|20370688|20333225|20332419|20307585|20301149|20246068|20246013
499989,20424183|20415723|20406349|20370688|20333225|20332419|20307585|20301149|20246068|20246013
500241,20424183|20415723|20406349|20370688|20333225|20332419|20307585|20301149|20246068|20246013
500944,20424183|20415723|20406349|20370688|20333225|20332419|20307585|20301149|20246068|20246013
501439,20424183|20415723|20406349|20370688|20333225|20332419|20307585|20301149|20246068|20246013
502139,20424183|20415723|20406349|20370688|20333225|20332419|20307585|20301149|20246068|20246013
502443,4711686006090|4710998000802|4710731060124|4710363382045|4710032601194|4710015103370|4711128668787|4710960892077|4710247005206|4710467221516
502542,20451042|20424183|20415723|20406349|20370688|20333225|20332419|20301149|20246068|20246013
504195,20424183|20415723|20406349|20370688|20333225|20332419|20307585|20301149|20246068|20246013
504256,20424183|20415723|20406349|20370688|20333225|20332419|20307585|20301149|20246068|20246013
504539,20424183|20415723|20406349|20370688|20333225|20332419|20307585|20301149|20246068|20246013
505604,20424183|20415723|20406349|20370688|20333225|20332419|20307585|20301149|20246068|20246013
506595,20424183|20415723|20406349|20370688|20333225|20332419|20307585|20301149|20246068|20246013
506618,20451042|20424183|20415723|20406349|20370688|20333225|20332419|20307585|20301149|20246013
506847,4711686006090|4710998000802|4710731060124|4710363382045|4710032601194|4710015103370|4711128668787|4710960892077|4710247005206|4710467221516
506885,4711686006090|4710998000802|4710731060124|4710363382045|4710032601194|4710015103370|4711128668787|4710960892077|4710247005206|4710467221516
511582,20424183|20415723|20406349|20370688|20333225|20332419|20307585|20301149|20246068|20246013
511834,20424183|20415723|20406349|20370688|20333225|20332419|20307585|20301149|20246068|20246013
512909,20424183|20415723|20406349|20370688|20333225|20332419|20307585|20301149|20246068|20246013
514262,20424183|20415723|20406349|20370688|20333225|20332419|20307585|20301149|20246068|20246013
514866,20424183|20415723|20406349|20370688|20333225|20332419|20307585|20301149|20246068|20246013
515252,4710323168054|4710094097768|20424183|20415723|20406349|20370688|20333225|20332419|20307585|20301149
515320,20424183|20415723|20406349|20370688|20333225|20332419|20307585|20301149|20246068|20246013
515467,20424183|20415723|20406349|20370688|20333225|20332419|20307585|20301149|20246068|20246013
515900,20424183|20415723|20406349|20370688|20333225|20332419|20307585|20301149|20246068|20246013
515917,20424183|20415723|20406349|20370688|20333225|20332419|20307585|20301149|20246068|20246013
515948,20424183|20415723|20406349|20370688|20333225|20332419|20307585|20301149|20246068|20246013
516150,4710126012066|20333225|4710154058319|4710098162806|4710036221015|4710583350701|4972045758337|4902757160906|4711926724012|4710105031811
516464,20424183|20415723|20406349|20370688|20333225|20332419|20307585|20301149|20246068|20246013
516471,20424183|20415723|20406349|20370688|20333225|20332419|20307585|20301149|20246068|20246013
516549,4711686006090|4710998000802|4710731060124|4710363382045|4710032601194|4710015103370|4711128668787|4710960892077|4710247005206|4710467221516
516624,20424183|20415723|20406349|20370688|20333225|20332419|20307585|20301149|20246068|20246013
516709,20424183|20415723|20406349|20370688|20333225|20332419|20307585|20301149|20246068|20246013
516853,20424183|20415723|20406349|20370688|20333225|20332419|20307585|20301149|20246068|20246013
516921,20424183|20415723|20406349|20370688|20333225|20332419|20307585|20301149|20246068|20246013
517737,20424183|20415723|20406349|20370688|20333225|20332419|20307585|20301149|20246068|20246013
517898,20424183|20415723|20406349|20370688|20333225|20332419|20307585|20301149|20246068|20246013
518888,4711686006090|4710998000802|4710731060124|4710363382045|4710032601194|4710015103370|4711128668787|4710960892077|4710247005206|4710467221516
519106,20424183|20415723|20406349|20370688|20333225|20332419|20307585|20301149|20246068|20246013
520058,20424183|20415723|20406349|20370688|20333225|20332419|20307585|20301149|20246068|20246013
520485,20424183|20415723|20406349|20370688|20333225|20332419|20307585|20301149|20246068|20246013
520621,20424183|20415723|20406349|20370688|20333225|20332419|20307585|20301149|20246068|20246013
520850,4711686006090|4710998000802|4710731060124|4710363382045|4710032601194|4710015103370|4711128668787|4710960892077|4710247005206|4710467221516
520928,20424183|20415723|20406349|20370688|20333225|20332419|20307585|20301149|20246068|20246013
520942,4711686006090|4710998000802|4710731060124|4710363382045|4710032601194|4710015103370|4711128668787|4710960892077|4710247005206|4710467221516
521215,20424183|20415723|20406349|20370688|20333225|20332419|20307585|20301149|20246068|20246013
521277,20424183|20415723|20406349|20370688|20333225|20332419|20307585|20301149|20246068|20246013
521338,20424183|20415723|20406349|20370688|20333225|20332419|20307585|20301149|20246068|20246013
521468,20424183|20415723|20406349|20370688|20333225|20332419|20307585|20301149|20246068|20246013
522151,4711686006090|4710998000802|4710731060124|4710363382045|4710032601194|4710015103370|4711128668787|4710960892077|4710247005206|4710467221516
522427,20424183|20415723|20406349|20370688|20333225|20332419|20307585|20301149|20246068|20246013
522618,4711686006090|4710998000802|4710731060124|4710363382045|4710032601194|4710015103370|4711128668787|4710960892077|4710247005206|4710467221516
522694,20424183|20415723|20406349|20370688|20333225|20332419|20307585|20301149|20246068|20246013
522847,20424183|20415723|20406349|20370688|20333225|20332419|20307585|20301149|20246068|20246013
523219,20424183|20415723|20406349|20370688|20333225|20332419|20307585|20301149|20246068|20246013
523240,20424183|20415723|20406349|20370688|20333225|20332419|20307585|20301149|20246068|20246013
523608,20424183|20415723|20406349|20370688|20333225|20332419|20307585|20301149|20246068|20246013
524094,20424183|20415723|20406349|20370688|20333225|20332419|20307585|20301149|20246068|20246013
524209,20424183|20415723|20406349|20370688|20333225|20332419|20307585|20301149|20246068|20246013
524247,20424183|20415723|20406349|20370688|20333225|20332419|20307585|20301149|20246068|20246013
524261,9556121008032|9556121008025|4717101101265|4714276113888|4712397000261|4710105051628|4710871000356|4710583920003|4711039232190|4710043131703
524933,20424183|20415723|20406349|20370688|20333225|20332419|20307585|20301149|20246068|20246013
525008,20424183|20415723|20406349|20370688|20333225|20332419|20307585|20301149|20246068|20246013
525206,20424183|20415723|20406349|20370688|20333225|20332419|20307585|20301149|20246068|20246013
525251,20424183|20415723|20406349|20370688|20333225|20332419|20307585|20301149|20246068|20246013
525282,4712278884263|4711634000965|47100312|4711686006090|4710998000802|4710731060124|4710363382045|4710247005206|4710032601194|4710015103370
525435,20424183|20415723|20406349|20370688|20333225|20332419|20307585|20301149|20246068|20246013
525541,20424183|20415723|20406349|20370688|20333225|20332419|20307585|20301149|20246068|20246013
525558,20424183|20415723|20406349|20370688|20333225|20332419|20307585|20301149|20246068|20246013
525572,20424183|20415723|20406349|20370688|20333225|20332419|20307585|20301149|20246068|20246013
525602,20424183|20415723|20406349|20370688|20333225|20332419|20307585|20301149|20246068|20246013
525855,20424183|20415723|20406349|20370688|20333225|20332419|20307585|20301149|20246068|20246013
526074,20424183|20415723|20406349|20370688|20333225|20332419|20307585|20301149|20246068|20246013
526968,20424183|20415723|20406349|20370688|20333225|20332419|20307585|20301149|20246068|20246013
527514,4711686006090|4710998000802|4710731060124|4710363382045|4710032601194|4710015103370|4711128668787|4710960892077|4710247005206|4710467221516
527996,20424183|20415723|20406349|20370688|20333225|20332419|20307585|20301149|20246068|20246013
528078,20424183|20415723|20406349|20370688|20333225|20332419|20307585|20301149|20246068|20246013
528177,20424183|20415723|20406349|20370688|20333225|20332419|20307585|20301149|20246068|20246013
528573,20424183|20415723|20406349|20370688|20333225|20332419|20307585|20301149|20246068|20246013
528580,20424183|20415723|20406349|20370688|20333225|20332419|20307585|20301149|20246068|20246013
528665,20424183|20415723|20406349|20370688|20333225|20332419|20307585|20301149|20246068|20246013
529297,20424183|20415723|20406349|20370688|20333225|20332419|20307585|20301149|20246068|20246013
530378,20424183|20415723|20406349|20370688|20333225|20332419|20307585|20301149|20246068|20246013
530408,20424183|20415723|20406349|20370688|20333225|20332419|20307585|20301149|20246068|20246013
531467,50000301829|20424183|20415723|20406349|20370688|20333225|20332419|20307585|20301149|20246068
531498,20424183|20415723|20406349|20370688|20333225|20332419|20307585|20301149|20246068|20246013
532648,20424183|20415723|20406349|20370688|20333225|20332419|20307585|20301149|20246068|20246013
532679,20424183|20415723|20406349|20370688|20333225|20332419|20307585|20301149|20246068|20246013
533089,20424183|20415723|20406349|20370688|20333225|20332419|20307585|20301149|20246068|20246013
533140,20424183|20415723|20406349|20370688|20333225|20332419|20307585|20301149|20246068|20246013
533300,4711686006090|4710998000802|4710731060124|4710363382045|4710032601194|4710015103370|4711128668787|4710960892077|4710247005206|4710467221516
533515,4711686006090|4710998000802|4710731060124|4710363382045|4710032601194|4710015103370|4711128668787|4710960892077|4710247005206|4710467221516
533737,20424183|20415723|20406349|20370688|20333225|20332419|20307585|20301149|20246068|20246013
534161,20424183|20415723|20406349|20370688|20333225|20332419|20307585|20301149|20246068|20246013
534338,20424183|20415723|20406349|20370688|20333225|20332419|20307585|20301149|20246068|20246013
534659,20424183|20415723|20406349|20370688|20333225|20332419|20307585|20301149|20246068|20246013
534819,20424183|20415723|20406349|20370688|20333225|20332419|20307585|20301149|20246068|20246013
534925,20424183|20415723|20406349|20370688|20333225|20332419|20307585|20301149|20246068|20246013
534963,20424183|20415723|20406349|20370688|20333225|20332419|20307585|20301149|20246068|20246013
535021,20424183|20415723|20406349|20370688|20333225|20332419|20307585|20301149|20246068|20246013
535144,20424183|20415723|20406349|20370688|20333225|20332419|20307585|20301149|20246068|20246013
535182,4711686006090|4710998000802|4710731060124|4710363382045|4710032601194|4710015103370|4711128668787|4710960892077|4710247005206|4710467221516
535229,4712278884263|4711634000965|47100312|4711686006090|4710998000802|4710731060124|4710363382045|4710247005206|4710032601194|4710015103370
536554,4711686006090|4710998000802|4710731060124|4710363382045|4710032601194|4710015103370|4711128668787|4710960892077|4710247005206|4710467221516
536578,20451042|20415723|20406349|20370688|20333225|20332419|20307585|20301149|20246068|20246013
536585,20424183|20415723|20406349|20370688|20333225|20332419|20307585|20301149|20246068|20246013
536721,20424183|20415723|20406349|20370688|20333225|20332419|20307585|20301149|20246068|20246013
537216,20424183|20415723|20406349|20370688|20333225|20332419|20307585|20301149|20246068|20246013
537421,20424183|20415723|20406349|20370688|20333225|20332419|20307585|20301149|20246068|20246013
537469,4711686006090|4710998000802|4710731060124|4710363382045|4710032601194|4710015103370|4711128668787|4710960892077|4710247005206|4710467221516
537759,20424183|20415723|20406349|20370688|20333225|20332419|20307585|20301149|20246068|20246013
537797,4711686006090|4710998000802|4710731060124|4710363382045|4710032601194|4710015103370|4711128668787|4710960892077|4710247005206|4710467221516
537858,20451042|20424183|20406349|20370688|20333225|20332419|20307585|20301149|20246068|20246013
537919,20424183|20415723|20406349|20370688|20333225|20332419|20307585|20301149|20246068|20246013
537957,20424183|20415723|20406349|20370688|20333225|20332419|20307585|20301149|20246068|20246013
537971,20424183|20415723|20406349|20370688|20333225|20332419|20307585|20301149|20246068|20246013
538428,20424183|20415723|20406349|20370688|20333225|20332419|20307585|20301149|20246068|20246013
538787,20424183|20415723|20406349|20370688|20333225|20332419|20307585|20301149|20246068|20246013
538923,20424183|20415723|20406349|20370688|20333225|20332419|20307585|20301149|20246068|20246013
539166,4712278884263|4711634000965|47100312|4711686006090|4710998000802|4710731060124|4710363382045|4710247005206|4710032601194|4710015103370
539173,4711686006090|4710998000802|4710731060124|4710363382045|4710032601194|4710015103370|4711128668787|4710960892077|4710247005206|4710467221516
539487,20424183|20415723|20406349|20370688|20333225|20332419|20307585|20301149|20246068|20246013
539494,4712278884263|4711634000965|47100312|4711686006090|4710998000802|4710731060124|4710363382045|4710247005206|4710032601194|4710015103370
539500,20424183|20415723|20406349|20370688|20333225|20332419|20307585|20301149|20246068|20246013
539593,8801019421013|4710126193451|4710126031791|4710908110232|4710626428817|4710543111014|4710085120475|4710892632017|4710105051628|4710871000356
539654,20451042|20424183|20406349|20370688|20333225|20332419|20307585|20301149|20246068|20246013
539722,20424183|20415723|20406349|20370688|20333225|20332419|20307585|20301149|20246068|20246013
539913,4711686006090|4710998000802|4710731060124|4710363382045|4710032601194|4710015103370|4711128668787|4710960892077|4710247005206|4710467221516
539937,4710036008548|20424183|20415723|20406349|20370688|20333225|20332419|20307585|20301149|20246068
539968,4711686006090|4710998000802|4710731060124|4710363382045|4710032601194|4710015103370|4711128668787|4710960892077|4710247005206|4710467221516
540018,20424183|20415723|20406349|20370688|20333225|20332419|20307585|20301149|20246068|20246013
540216,20424183|20415723|20406349|20370688|20333225|20332419|20307585|20301149|20246068|20246013
540643,20451042|20424183|20415723|20406349|20370688|20333225|20332419|20307585|20301149|20246068
540681,20424183|20415723|20406349|20370688|20333225|20332419|20307585|20301149|20246068|20246013
540711,20424183|20415723|20406349|20370688|20333225|20332419|20307585|20301149|20246068|20246013
541855,20424183|20415723|20406349|20370688|20333225|20332419|20307585|20301149|20246068|20246013
542074,20424183|20415723|20406349|20370688|20333225|20332419|20307585|20301149|20246068|20246013
542357,4711686006090|4710998000802|4710731060124|4710363382045|4710032601194|4710015103370|4711128668787|4710960892077|4710247005206|4710467221516
542371,20424183|20415723|20406349|20370688|20333225|20332419|20307585|20301149|20246068|20246013
542395,4710015104438|4710421090011|4712278884263|4711634000965|47100312|4710998000802|4710731060124|4710363382045|4710247005206|4710032601194
543125,20424183|20415723|20406349|20370688|20333225|20332419|20307585|20301149|20246068|20246013
543316,20424183|20415723|20406349|20370688|20333225|20332419|20307585|20301149|20246068|20246013
543811,20424183|20415723|20406349|20370688|20333225|20332419|20307585|20301149|20246068|20246013
543927,20424183|20415723|20406349|20370688|20333225|20332419|20307585|20301149|20246068|20246013
544078,20424183|20415723|20406349|20370688|20333225|20332419|20307585|20301149|20246068|20246013
544122,20424183|20415723|20406349|20370688|20333225|20332419|20307585|20301149|20246068|20246013
544184,20424183|20415723|20406349|20370688|20333225|20332419|20307585|20301149|20246068|20246013
545631,4711686006090|4710998000802|4710731060124|4710363382045|4710032601194|4710015103370|4711128668787|4710960892077|4710247005206|4710467221516
545723,4711686006090|4710998000802|4710731060124|4710363382045|4710032601194|4710015103370|4711128668787|4710960892077|4710247005206|4710467221516
545747,20424183|20415723|20406349|20370688|20333225|20332419|20307585|20301149|20246068|20246013
545761,20424183|20415723|20406349|20370688|20333225|20332419|20307585|20301149|20246068|20246013
545884,20424183|20415723|20406349|20370688|20333225|20332419|20307585|20301149|20246068|20246013
545891,20424183|20415723|20406349|20370688|20333225|20332419|20307585|20301149|20246068|20246013
546379,20424183|20415723|20406349|20370688|20333225|20332419|20307585|20301149|20246068|20246013
546881,20424183|20415723|20406349|20370688|20333225|20332419|20307585|20301149|20246068|20246013
547208,20424183|20415723|20406349|20370688|20333225|20332419|20307585|20301149|20246068|20246013
547291,20424183|20415723|20406349|20370688|20333225|20332419|20307585|20301149|20246068|20246013
547314,20424183|20415723|20406349|20370688|20333225|20332419|20307585|20301149|20246068|20246013
547529,20451042|20424183|20415723|20406349|20333225|20332419|20307585|20301149|20246068|20246013
547680,4712278884263|4711634000965|47100312|4711686006090|4710998000802|4710731060124|4710363382045|4710247005206|4710032601194|4710015103370
548939,20424183|20415723|20406349|20370688|20333225|20332419|20307585|20301149|20246068|20246013
548960,4711686006090|4710998000802|4710731060124|4710363382045|4710032601194|4710015103370|4711128668787|4710960892077|4710247005206|4710467221516
549028,20424183|20415723|20406349|20370688|20333225|20332419|20307585|20301149|20246068|20246013
549295,20424183|20415723|20406349|20370688|20333225|20332419|20307585|20301149|20246068|20246013
549493,20424183|20415723|20406349|20370688|20333225|20332419|20307585|20301149|20246068|20246013
549523,20424183|20415723|20406349|20370688|20333225|20332419|20307585|20301149|20246068|20246013
550017,20424183|20415723|20406349|20370688|20333225|20332419|20307585|20301149|20246068|20246013
550024,4710105045450|4710126012066|4972045758337|20333225|4710583996008|4710063312120|4710583350701|4710088432353|4710736570031|4710105031811
550031,20424183|20415723|20406349|20370688|20333225|20332419|20307585|20301149|20246068|20246013
550673,4711686006090|4710998000802|4710731060124|4710363382045|4710032601194|4710015103370|4711128668787|4710960892077|4710247005206|4710467221516
550697,4710722000474|4719090790017|4714381003128|4711663700010|20424183|20415723|20406349|20370688|20333225|20332419
550741,20424183|20415723|20406349|20370688|20333225|20332419|20307585|20301149|20246068|20246013
551229,20424183|20415723|20406349|20370688|20333225|20332419|20307585|20301149|20246068|20246013
551496,20424183|20415723|20406349|20370688|20333225|20332419|20307585|20301149|20246068|20246013
551915,20424183|20415723|20406349|20370688|20333225|20332419|20307585|20301149|20246068|20246013
552202,20424183|20415723|20406349|20370688|20333225|20332419|20307585|20301149|20246068|20246013
552295,4711686006090|4710998000802|4710731060124|4710363382045|4710032601194|4710015103370|4711128668787|4710960892077|4710247005206|4710467221516
552455,20424183|20415723|20406349|20370688|20333225|20332419|20307585|20301149|20246068|20246013
552509,20424183|20415723|20406349|20370688|20333225|20332419|20307585|20301149|20246068|20246013
552530,20424183|20415723|20406349|20370688|20333225|20332419|20307585|20301149|20246068|20246013
552585,20424183|20415723|20406349|20370688|20333225|20332419|20307585|20301149|20246068|20246013
552615,20424183|20415723|20406349|20370688|20333225|20332419|20307585|20301149|20246068|20246013
553223,4711686006090|4710998000802|4710731060124|4710363382045|4710032601194|4710015103370|4711128668787|4710960892077|4710247005206|4710467221516
556279,20424183|20415723|20406349|20370688|20333225|20332419|20307585|20301149|20246068|20246013
556354,8999118015100|4710126152007|4710095958006|4718057701769|4710866000507|4710085120697|4710085120680|20424183|20415723|20406349
556378,8999118015100|4710126152007|4710095958006|4718057701769|4710866000507|4710085120697|4710085120680|20424183|20415723|20406349
556446,20424183|20415723|20406349|20370688|20333225|20332419|20307585|20301149|20246068|20246013
556637,4712278884263|4711634000965|47100312|4711686006090|4710998000802|4710731060124|4710363382045|4710247005206|4710032601194|4710015103370
556675,20424183|20415723|20406349|20370688|20333225|20332419|20307585|20301149|20246068|20246013
556897,20424183|20415723|20406349|20370688|20333225|20332419|20307585|20301149|20246068|20246013
556941,4710908131589|20424183|20415723|20406349|20370688|20333225|20332419|20307585|20301149|20246068
557801,20424183|20415723|20406349|20370688|20333225|20332419|20307585|20301149|20246068|20246013
557818,20424183|20415723|20406349|20370688|20333225|20332419|20307585|20301149|20246068|20246013
558082,20424183|20415723|20406349|20370688|20333225|20332419|20307585|20301149|20246068|20246013
558105,4712278884263|4711634000965|47100312|4711686006090|4710998000802|4710731060124|4710363382045|4710247005206|4710032601194|4710015103370
558587,20424183|20415723|20406349|20370688|20333225|20332419|20307585|20301149|20246068|20246013
558594,20424183|20415723|20406349|20370688|20333225|20332419|20307585|20301149|20246068|20246013
558723,20424183|20415723|20406349|20370688|20333225|20332419|20307585|20301149|20246068|20246013
559119,20424183|20415723|20406349|20370688|20333225|20332419|20307585|20301149|20246068|20246013
559560,20424183|20415723|20406349|20370688|20333225|20332419|20307585|20301149|20246068|20246013
559645,20424183|20415723|20406349|20370688|20333225|20332419|20307585|20301149|20246068|20246013
560368,20424183|20415723|20406349|20370688|20333225|20332419|20307585|20301149|20246068|20246013
561082,20451042|20424183|20415723|20406349|20370688|20332419|20307585|20301149|20246068|20246013
561365,20424183|20415723|20406349|20370688|20333225|20332419|20307585|20301149|20246068|20246013
562102,4711686006090|4710998000802|4710731060124|4710363382045|4710032601194|4710015103370|4711128668787|4710960892077|4710247005206|4710467221516
562317,20424183|20415723|20406349|20370688|20333225|20332419|20307585|20301149|20246068|20246013
562461,20424183|20415723|20406349|20370688|20333225|20332419|20307585|20301149|20246068|20246013
562980,20424183|20415723|20406349|20370688|20333225|20332419|20307585|20301149|20246068|20246013
563178,20424183|20415723|20406349|20370688|20333225|20332419|20307585|20301149|20246068|20246013
563574,20424183|20415723|20406349|20370688|20333225|20332419|20307585|20301149|20246068|20246013
564007,4711686006090|4710998000802|4710731060124|4710363382045|4710032601194|4710015103370|4711128668787|4710960892077|4710247005206|4710467221516
565264,20424183|20415723|20406349|20370688|20333225|20332419|20307585|20301149|20246068|20246013
567596,20424183|20415723|20406349|20370688|20333225|20332419|20307585|20301149|20246068|20246013
567985,4711686006090|4710998000802|4710731060124|4710363382045|4710032601194|4710015103370|4711128668787|4710960892077|4710247005206|4710467221516
568456,20424183|20415723|20406349|20370688|20333225|20332419|20307585|20301149|20246068|20246013
568555,20424183|20415723|20406349|20370688|20333225|20332419|20307585|20301149|20246068|20246013
568586,20424183|20415723|20406349|20370688|20333225|20332419|20307585|20301149|20246068|20246013
569996,20424183|20415723|20406349|20370688|20333225|20332419|20307585|20301149|20246068|20246013
570565,4712278884263|4711634000965|47100312|4711686006090|4710998000802|4710731060124|4710363382045|4710247005206|4710032601194|4710015103370
570664,20424183|20415723|20406349|20370688|20333225|20332419|20307585|20301149|20246068|20246013
572590,20424183|20415723|20406349|20370688|20333225|20332419|20307585|20301149|20246068|20246013
572866,20424183|20415723|20406349|20370688|20333225|20332419|20307585|20301149|20246068|20246013
572972,4711686006090|4710998000802|4710731060124|4710363382045|4710032601194|4710015103370|4711128668787|4710960892077|4710247005206|4710467221516
573733,20424183|20415723|20406349|20370688|20333225|20332419|20307585|20301149|20246068|20246013
573764,20424183|20415723|20406349|20370688|20333225|20332419|20307585|20301149|20246068|20246013
574716,20424183|20415723|20406349|20370688|20333225|20332419|20307585|20301149|20246068|20246013
575010,20424183|20415723|20406349|20370688|20333225|20332419|20307585|20301149|20246068|20246013
575416,20424183|20415723|20406349|20370688|20333225|20332419|20307585|20301149|20246068|20246013
575676,20424183|20415723|20406349|20370688|20333225|20332419|20307585|20301149|20246068|20246013
575690,20424183|20415723|20406349|20370688|20333225|20332419|20307585|20301149|20246068|20246013
576017,20424183|20415723|20406349|20370688|20333225|20332419|20307585|20301149|20246068|20246013
576048,20424183|20415723|20406349|20370688|20333225|20332419|20307585|20301149|20246068|20246013
576055,4711686006090|4710998000802|4710731060124|4710363382045|4710032601194|4710015103370|4711128668787|4710960892077|4710247005206|4710467221516
576536,20424183|20415723|20406349|20370688|20333225|20332419|20307585|20301149|20246068|20246013
576604,20424183|20415723|20406349|20370688|20333225|20332419|20307585|20301149|20246068|20246013
576642,20424183|20415723|20406349|20370688|20333225|20332419|20307585|20301149|20246068|20246013
576727,4711686006090|4710998000802|4710731060124|4710363382045|4710032601194|4710015103370|4711128668787|4710960892077|4710247005206|4710467221516
576741,20424183|20415723|20406349|20370688|20333225|20332419|20307585|20301149|20246068|20246013
577069,20424183|20415723|20406349|20370688|20333225|20332419|20307585|20301149|20246068|20246013
577380,20424183|20415723|20406349|20370688|20333225|20332419|20307585|20301149|20246068|20246013
577632,20424183|20415723|20406349|20370688|20333225|20332419|20307585|20301149|20246068|20246013
577656,20424183|20415723|20406349|20370688|20333225|20332419|20307585|20301149|20246068|20246013
578240,4711686006090|4710998000802|4710731060124|4710363382045|4710032601194|4710015103370|4711128668787|4710960892077|4710247005206|4710467221516
578264,20424183|20415723|20406349|20370688|20333225|20332419|20307585|20301149|20246068|20246013
578578,20424183|20415723|20406349|20370688|20333225|20332419|20307585|20301149|20246068|20246013
579735,4711686006090|4710998000802|4710731060124|4710363382045|4710032601194|4710015103370|4711128668787|4710960892077|4710247005206|4710467221516
579766,20424183|20415723|20406349|20370688|20333225|20332419|20307585|20301149|20246068|20246013
579964,20424183|20415723|20406349|20370688|20333225|20332419|20307585|20301149|20246068|20246013
579971,4710022209591|4718433614669|4710233101035|2230124000022|4710011405133|4710105051147|4710088432353|4711524000396|4710088410610|20424183
580014,20451042|20424183|20415723|20406349|20370688|20333225|20332419|20301149|20246068|20246013
580519,20424183|20415723|20406349|20370688|20333225|20332419|20307585|20301149|20246068|20246013
580717,20424183|20415723|20406349|20370688|20333225|20332419|20307585|20301149|20246068|20246013
580816,4711686006090|4710998000802|4710731060124|4710363382045|4710032601194|4710015103370|4711128668787|4710960892077|4710247005206|4710467221516
580878,20424183|20415723|20406349|20370688|20333225|20332419|20307585|20301149|20246068|20246013
581110,20424183|20415723|20406349|20370688|20333225|20332419|20307585|20301149|20246068|20246013
581318,20424183|20415723|20406349|20370688|20333225|20332419|20307585|20301149|20246068|20246013
581615,20424183|20415723|20406349|20370688|20333225|20332419|20307585|20301149|20246068|20246013
581721,20424183|20415723|20406349|20370688|20333225|20332419|20307585|20301149|20246068|20246013
581905,20424183|20415723|20406349|20370688|20333225|20332419|20307585|20301149|20246068|20246013
581943,20424183|20415723|20406349|20370688|20333225|20332419|20307585|20301149|20246068|20246013
582230,20424183|20415723|20406349|20370688|20333225|20332419|20307585|20301149|20246068|20246013
582261,20424183|20415723|20406349|20370688|20333225|20332419|20307585|20301149|20246068|20246013
582476,20424183|20415723|20406349|20370688|20333225|20332419|20307585|20301149|20246068|20246013
582711,4710068331553|4710126392007|4710126194281|4710088414311|20424183|20415723|20406349|20370688|20333225|20332419
583183,20424183|20415723|20406349|20370688|20333225|20332419|20307585|20301149|20246068|20246013
583251,4712019100607|4710047502066|4710047502011|20424183|20415723|20406349|20370688|20333225|20332419|20307585
583305,20424183|20415723|20406349|20370688|20333225|20332419|20307585|20301149|20246068|20246013
583770,20424183|20415723|20406349|20370688|20333225|20332419|20307585|20301149|20246068|20246013
583824,20424183|20415723|20406349|20370688|20333225|20332419|20307585|20301149|20246068|20246013
583886,20424183|20415723|20406349|20370688|20333225|20332419|20307585|20301149|20246068|20246013
584364,20424183|20415723|20406349|20370688|20333225|20332419|20307585|20301149|20246068|20246013
584975,20424183|20415723|20406349|20370688|20333225|20332419|20307585|20301149|20246068|20246013
585224,20424183|20415723|20406349|20370688|20333225|20332419|20307585|20301149|20246068|20246013
585392,20424183|20415723|20406349|20370688|20333225|20332419|20307585|20301149|20246068|20246013
585644,20424183|20415723|20406349|20370688|20333225|20332419|20307585|20301149|20246068|20246013
585668,20424183|20415723|20406349|20370688|20333225|20332419|20307585|20301149|20246068|20246013
585750,20424183|20415723|20406349|20370688|20333225|20332419|20307585|20301149|20246068|20246013
586634,20424183|20415723|20406349|20370688|20333225|20332419|20307585|20301149|20246068|20246013
586672,4711686006090|4710998000802|4710731060124|4710363382045|4710032601194|4710015103370|4711128668787|4710960892077|4710247005206|4710467221516
586801,20424183|20415723|20406349|20370688|20333225|20332419|20307585|20301149|20246068|20246013
586986,20424183|20415723|20406349|20370688|20333225|20332419|20307585|20301149|20246068|20246013
587099,20424183|20415723|20406349|20370688|20333225|20332419|20307585|20301149|20246068|20246013
589192,20424183|20415723|20406349|20370688|20333225|20332419|20307585|20301149|20246068|20246013
589239,20424183|20415723|20406349|20370688|20333225|20332419|20307585|20301149|20246068|20246013
589277,20424183|20415723|20406349|20370688|20333225|20332419|20307585|20301149|20246068|20246013
589307,20424183|20415723|20406349|20370688|20333225|20332419|20307585|20301149|20246068|20246013
589314,20424183|20415723|20406349|20370688|20333225|20332419|20307585|20301149|20246068|20246013
589338,20424183|20415723|20406349|20370688|20333225|20332419|20307585|20301149|20246068|20246013
589697,20424183|20415723|20406349|20370688|20333225|20332419|20307585|20301149|20246068|20246013
590167,20424183|20415723|20406349|20370688|20333225|20332419|20307585|20301149|20246068|20246013
590235,20424183|20415723|20406349|20370688|20333225|20332419|20307585|20301149|20246068|20246013
590303,4711686006090|4710998000802|4710731060124|4710363382045|4710032601194|4710015103370|4711128668787|4710960892077|4710247005206|4710467221516
590792,20451042|20424183|20415723|20406349|20370688|20333225|20332419|20301149|20246068|20246013
591935,4711686006090|4710998000802|4710731060124|4710363382045|4710032601194|4710015103370|4711128668787|4710960892077|4710247005206|4710467221516
592673,20424183|20415723|20406349|20370688|20333225|20332419|20307585|20301149|20246068|20246013
593069,20424183|20415723|20406349|20370688|20333225|20332419|20307585|20301149|20246068|20246013
593625,20424183|20415723|20406349|20370688|20333225|20332419|20307585|20301149|20246068|20246013
593915,20424183|20415723|20406349|20370688|20333225|20332419|20307585|20301149|20246068|20246013
595025,20424183|20415723|20406349|20370688|20333225|20332419|20307585|20301149|20246068|20246013
595032,20424183|20415723|20406349|20370688|20333225|20332419|20307585|20301149|20246068|20246013
595070,20424183|20415723|20406349|20370688|20333225|20332419|20307585|20301149|20246068|20246013
595094,20424183|20415723|20406349|20370688|20333225|20332419|20307585|20301149|20246068|20246013
595131,4711686006090|4710998000802|4710731060124|4710363382045|4710032601194|4710015103370|4711128668787|4710960892077|4710247005206|4710467221516
595155,20424183|20415723|20406349|20370688|20333225|20332419|20307585|20301149|20246068|20246013
595384,20424183|20415723|20406349|20370688|20333225|20332419|20307585|20301149|20246068|20246013
596602,20424183|20415723|20406349|20370688|20333225|20332419|20307585|20301149|20246068|20246013
597043,20424183|20415723|20406349|20370688|20333225|20332419|20307585|20301149|20246068|20246013
598484,20424183|20415723|20406349|20370688|20333225|20332419|20307585|20301149|20246068|20246013
601511,20451042|20424183|20415723|20406349|20370688|20332419|20307585|20301149|20246068|20246013
601825,20424183|20415723|20406349|20370688|20333225|20332419|20307585|20301149|20246068|20246013
602075,20424183|20415723|20406349|20370688|20333225|20332419|20307585|20301149|20246068|20246013
603133,20424183|20415723|20406349|20370688|20333225|20332419|20307585|20301149|20246068|20246013
603249,9300644131759|4710105011011|4711128668787|4710960892077|4710583910004|4710362010093|47106710|4710467221516|4711163000603|4710088414328
603478,20424183|20415723|20406349|20370688|20333225|20332419|20307585|20301149|20246068|20246013
603508,20424183|20415723|20406349|20370688|20333225|20332419|20307585|20301149|20246068|20246013
604062,20424183|20415723|20406349|20370688|20333225|20332419|20307585|20301149|20246068|20246013
604307,4711686006090|4710998000802|4710731060124|4710363382045|4710032601194|4710015103370|4711128668787|4710960892077|4710247005206|4710467221516
604796,20424183|20415723|20406349|20370688|20333225|20332419|20307585|20301149|20246068|20246013
605342,20424183|20415723|20406349|20370688|20333225|20332419|20307585|20301149|20246068|20246013
607728,4711686006090|4710998000802|4710731060124|4710363382045|4710032601194|4710015103370|4711128668787|4710960892077|4710247005206|4710467221516
609098,20424183|20415723|20406349|20370688|20333225|20332419|20307585|20301149|20246068|20246013
611039,20514235|20424183|20415723|20406349|20370688|20333225|20332419|20307585|20301149|20246068
611985,20424183|20415723|20406349|20370688|20333225|20332419|20307585|20301149|20246068|20246013
612708,20424183|20415723|20406349|20370688|20333225|20332419|20307585|20301149|20246068|20246013
612869,20424183|20415723|20406349|20370688|20333225|20332419|20307585|20301149|20246068|20246013
613156,20424183|20415723|20406349|20370688|20333225|20332419|20307585|20301149|20246068|20246013
616096,20424183|20415723|20406349|20370688|20333225|20332419|20307585|20301149|20246068|20246013
616195,20424183|20415723|20406349|20370688|20333225|20332419|20307585|20301149|20246068|20246013
617550,20424183|20415723|20406349|20370688|20333225|20332419|20307585|20301149|20246068|20246013
617666,20424183|20415723|20406349|20370688|20333225|20332419|20307585|20301149|20246068|20246013
617710,20424183|20415723|20406349|20370688|20333225|20332419|20307585|20301149|20246068|20246013
617772,20424183|20415723|20406349|20370688|20333225|20332419|20307585|20301149|20246068|20246013
618670,20424183|20415723|20406349|20370688|20333225|20332419|20307585|20301149|20246068|20246013
619721,20424183|20415723|20406349|20370688|20333225|20332419|20307585|20301149|20246068|20246013
620840,20424183|20415723|20406349|20370688|20333225|20332419|20307585|20301149|20246068|20246013
624824,20424183|20415723|20406349|20370688|20333225|20332419|20307585|20301149|20246068|20246013
627023,4711686006090|4710998000802|4710731060124|4710363382045|4710032601194|4710015103370|4711128668787|4710960892077|4710247005206|4710467221516
627238,20424183|20415723|20406349|20370688|20333225|20332419|20307585|20301149|20246068|20246013
627436,20424183|20415723|20406349|20370688|20333225|20332419|20307585|20301149|20246068|20246013
627573,9310155412520|4901005202702|4712500125126|4711128668787|4710960892077|4710323168054|4710294610811|20553418|4710467221516|4710105024127
627832,4710094097768|20424183|20415723|20406349|20370688|20333225|20332419|20307585|20301149|20246068
628174,4711686006090|4710998000802|4710731060124|4710363382045|4710032601194|4710015103370|4711128668787|4710960892077|4710247005206|4710467221516
628389,20424183|20415723|20406349|20370688|20333225|20332419|20307585|20301149|20246068|20246013
628662,20424183|20415723|20406349|20370688|20333225|20332419|20307585|20301149|20246068|20246013
629515,20424183|20415723|20406349|20370688|20333225|20332419|20307585|20301149|20246068|20246013
629539,20424183|20415723|20406349|20370688|20333225|20332419|20307585|20301149|20246068|20246013
629959,20424183|20415723|20406349|20370688|20333225|20332419|20307585|20301149|20246068|20246013
630023,4711686006090|4710998000802|4710731060124|4710363382045|4710032601194|4710015103370|4711128668787|4710960892077|4710247005206|4710467221516
630047,20424183|20415723|20406349|20370688|20333225|20332419|20307585|20301149|20246068|20246013
630849,4710110000581|4711437000063|4710209701139|4712789000022|4710114105046|4710105010724|4710094012686|4710515533028|4710247001765|4710085120468
630931,20424183|20415723|20406349|20370688|20333225|20332419|20307585|20301149|20246068|20246013
630979,4711686006090|4710998000802|4710731060124|4710363382045|4710032601194|4710015103370|4711128668787|4710960892077|4710247005206|4710467221516
631020,20451042|20424183|20406349|20370688|20333225|20332419|20307585|20301149|20246068|20246013
631044,20424183|20415723|20406349|20370688|20333225|20332419|20307585|20301149|20246068|20246013
631808,20424183|20415723|20406349|20370688|20333225|20332419|20307585|20301149|20246068|20246013
631938,20424183|20415723|20406349|20370688|20333225|20332419|20307585|20301149|20246068|20246013
633338,20424183|20415723|20406349|20370688|20333225|20332419|20307585|20301149|20246068|20246013
634243,20424183|20415723|20406349|20370688|20333225|20332419|20307585|20301149|20246068|20246013
635110,4711686006090|4710998000802|4710731060124|4710363382045|4710032601194|4710015103370|4711128668787|4710960892077|4710247005206|4710467221516
635677,20451042|20424183|20415723|20406349|20333225|20332419|20307585|20301149|20246068|20246013
635707,20424183|20415723|20406349|20370688|20333225|20332419|20307585|20301149|20246068|20246013
635714,20424183|20415723|20406349|20370688|20333225|20332419|20307585|20301149|20246068|20246013
636575,20424183|20415723|20406349|20370688|20333225|20332419|20307585|20301149|20246068|20246013
637015,20424183|20415723|20406349|20370688|20333225|20332419|20307585|20301149|20246068|20246013
637978,4711686006090|4710998000802|4710731060124|4710363382045|4710032601194|4710015103370|4711128668787|4710960892077|4710247005206|4710467221516
638067,20424183|20415723|20406349|20370688|20333225|20332419|20307585|20301149|20246068|20246013
638111,20424183|20415723|20406349|20370688|20333225|20332419|20307585|20301149|20246068|20246013
638203,4711686006090|4710998000802|4710731060124|4710363382045|4710032601194|4710015103370|4711128668787|4710960892077|4710247005206|4710467221516
639064,4711686006090|4710998000802|4710731060124|4710363382045|4710032601194|4710015103370|4711128668787|4710960892077|4710247005206|4710467221516
639453,20424183|20415723|20406349|20370688|20333225|20332419|20307585|20301149|20246068|20246013
639613,20424183|20415723|20406349|20370688|20333225|20332419|20307585|20301149|20246068|20246013
641159,20424183|20415723|20406349|20370688|20333225|20332419|20307585|20301149|20246068|20246013
641692,20424183|20415723|20406349|20370688|20333225|20332419|20307585|20301149|20246068|20246013
642385,20451042|20424183|20406349|20370688|20333225|20332419|20307585|20301149|20246068|20246013
642859,20424183|20415723|20406349|20370688|20333225|20332419|20307585|20301149|20246068|20246013
643337,4711686006090|4710998000802|4710731060124|4710363382045|4710032601194|4710015103370|4711128668787|4710960892077|4710247005206|4710467221516
644020,20424183|20415723|20406349|20370688|20333225|20332419|20307585|20301149|20246068|20246013
644402,20424183|20415723|20406349|20370688|20333225|20332419|20307585|20301149|20246068|20246013
646260,20424183|20415723|20406349|20370688|20333225|20332419|20307585|20301149|20246068|20246013
646956,20424183|20415723|20406349|20370688|20333225|20332419|20307585|20301149|20246068|20246013
647052,20424183|20415723|20406349|20370688|20333225|20332419|20307585|20301149|20246068|20246013
647236,20424183|20415723|20406349|20370688|20333225|20332419|20307585|20301149|20246068|20246013
648318,20424183|20415723|20406349|20370688|20333225|20332419|20307585|20301149|20246068|20246013
648417,20424183|20415723|20406349|20370688|20333225|20332419|20307585|20301149|20246068|20246013
649346,20424183|20415723|20406349|20370688|20333225|20332419|20307585|20301149|20246068|20246013
649575,20424183|20415723|20406349|20370688|20333225|20332419|20307585|20301149|20246068|20246013
651950,20424183|20415723|20406349|20370688|20333225|20332419|20307585|20301149|20246068|20246013
652087,20424183|20415723|20406349|20370688|20333225|20332419|20307585|20301149|20246068|20246013
653732,20424183|20415723|20406349|20370688|20333225|20332419|20307585|20301149|20246068|20246013
654029,20424183|20415723|20406349|20370688|20333225|20332419|20307585|20301149|20246068|20246013
654241,20424183|20415723|20406349|20370688|20333225|20332419|20307585|20301149|20246068|20246013
654623,20424183|20415723|20406349|20370688|20333225|20332419|20307585|20301149|20246068|20246013
655354,20424183|20415723|20406349|20370688|20333225|20332419|20307585|20301149|20246068|20246013
655743,20424183|20415723|20406349|20370688|20333225|20332419|20307585|20301149|20246068|20246013
655774,20424183|20415723|20406349|20370688|20333225|20332419|20307585|20301149|20246068|20246013
656818,20424183|20415723|20406349|20370688|20333225|20332419|20307585|20301149|20246068|20246013
657082,20424183|20415723|20406349|20370688|20333225|20332419|20307585|20301149|20246068|20246013
657914,4711686006090|4710998000802|4710731060124|4710363382045|4710032601194|4710015103370|4711128668787|4710960892077|4710247005206|4710467221516
659680,20424183|20415723|20406349|20370688|20333225|20332419|20307585|20301149|20246068|20246013
659772,20424183|20415723|20406349|20370688|20333225|20332419|20307585|20301149|20246068|20246013
659819,20424183|20415723|20406349|20370688|20333225|20332419|20307585|20301149|20246068|20246013
659833,20424183|20415723|20406349|20370688|20333225|20332419|20307585|20301149|20246068|20246013
660082,20424183|20415723|20406349|20370688|20333225|20332419|20307585|20301149|20246068|20246013
660150,4711686006090|4710998000802|4710731060124|4710363382045|4710032601194|4710015103370|4711128668787|4710960892077|4710247005206|4710467221516
660310,20424183|20415723|20406349|20370688|20333225|20332419|20307585|20301149|20246068|20246013
660396,20424183|20415723|20406349|20370688|20333225|20332419|20307585|20301149|20246068|20246013
660433,20424183|20415723|20406349|20370688|20333225|20332419|20307585|20301149|20246068|20246013
660457,20424183|20415723|20406349|20370688|20333225|20332419|20307585|20301149|20246068|20246013
660488,20424183|20415723|20406349|20370688|20333225|20332419|20307585|20301149|20246068|20246013
660679,20424183|20415723|20406349|20370688|20333225|20332419|20307585|20301149|20246068|20246013
661447,20424183|20415723|20406349|20370688|20333225|20332419|20307585|20301149|20246068|20246013
661522,20424183|20415723|20406349|20370688|20333225|20332419|20307585|20301149|20246068|20246013
661607,20424183|20415723|20406349|20370688|20333225|20332419|20307585|20301149|20246068|20246013
661621,20424183|20415723|20406349|20370688|20333225|20332419|20307585|20301149|20246068|20246013
661669,20424183|20415723|20406349|20370688|20333225|20332419|20307585|20301149|20246068|20246013
661805,20424183|20415723|20406349|20370688|20333225|20332419|20307585|20301149|20246068|20246013
661935,20424183|20415723|20406349|20370688|20333225|20332419|20307585|20301149|20246068|20246013
661973,20424183|20415723|20406349|20370688|20333225|20332419|20307585|20301149|20246068|20246013
662031,20424183|20415723|20406349|20370688|20333225|20332419|20307585|20301149|20246068|20246013
662123,4711686006090|4710998000802|4710731060124|4710363382045|4710032601194|4710015103370|4711128668787|4710960892077|4710247005206|4710467221516
662178,20424183|20415723|20406349|20370688|20333225|20332419|20307585|20301149|20246068|20246013
662444,20424183|20415723|20406349|20370688|20333225|20332419|20307585|20301149|20246068|20246013
663014,4711686006090|4710998000802|4710731060124|4710363382045|4710032601194|4710015103370|4711128668787|4710960892077|4710247005206|4710467221516
663373,20424183|20415723|20406349|20370688|20333225|20332419|20307585|20301149|20246068|20246013
663489,20424183|20415723|20406349|20370688|20333225|20332419|20307585|20301149|20246068|20246013
663519,20424183|20415723|20406349|20370688|20333225|20332419|20307585|20301149|20246068|20246013
663793,20424183|20415723|20406349|20370688|20333225|20332419|20307585|20301149|20246068|20246013
663861,4711686006090|4710998000802|4710731060124|4710363382045|4710032601194|4710015103370|4711128668787|4710960892077|4710247005206|4710467221516
663892,4711686006090|4710998000802|4710731060124|4710363382045|4710032601194|4710015103370|4711128668787|4710960892077|4710247005206|4710467221516
664189,20424183|20415723|20406349|20370688|20333225|20332419|20307585|20301149|20246068|20246013
664394,20424183|20415723|20406349|20370688|20333225|20332419|20307585|20301149|20246068|20246013
665766,20424183|20415723|20406349|20370688|20333225|20332419|20307585|20301149|20246068|20246013
666077,20424183|20415723|20406349|20370688|20333225|20332419|20307585|20301149|20246068|20246013
666244,4712278884263|4711634000965|47100312|4711686006090|4710998000802|4710731060124|4710363382045|4710247005206|4710032601194|4710015103370
666701,4711686006090|4710998000802|4710731060124|4710363382045|4710032601194|4710015103370|4711128668787|4710960892077|4710247005206|4710467221516
667081,20424183|20415723|20406349|20370688|20333225|20332419|20307585|20301149|20246068|20246013
667234,20424183|20415723|20406349|20370688|20333225|20332419|20307585|20301149|20246068|20246013
667517,20451042|20424183|20415723|20406349|20370688|20333225|20332419|20307585|20301149|20246068
667531,20424183|20415723|20406349|20370688|20333225|20332419|20307585|20301149|20246068|20246013
667630,37000329169|20424183|20415723|20406349|20370688|20333225|20332419|20307585|20301149|20246068
668040,20424183|20415723|20406349|20370688|20333225|20332419|20307585|20301149|20246068|20246013
668095,20424183|20415723|20406349|20370688|20333225|20332419|20307585|20301149|20246068|20246013
668101,20424183|20415723|20406349|20370688|20333225|20332419|20307585|20301149|20246068|20246013
668156,20424183|20415723|20406349|20370688|20333225|20332419|20307585|20301149|20246068|20246013
668262,20424183|20415723|20406349|20370688|20333225|20332419|20307585|20301149|20246068|20246013
668309,20424183|20415723|20406349|20370688|20333225|20332419|20307585|20301149|20246068|20246013
669535,20424183|20415723|20406349|20370688|20333225|20332419|20307585|20301149|20246068|20246013
670463,20424183|20415723|20406349|20370688|20333225|20332419|20307585|20301149|20246068|20246013
672023,20424183|20415723|20406349|20370688|20333225|20332419|20307585|20301149|20246068|20246013
672412,20424183|20415723|20406349|20370688|20333225|20332419|20307585|20301149|20246068|20246013
673921,20424183|20415723|20406349|20370688|20333225|20332419|20307585|20301149|20246068|20246013
674393,20424183|20415723|20406349|20370688|20333225|20332419|20307585|20301149|20246068|20246013
674706,4711686006090|4710998000802|4710731060124|4710363382045|4710032601194|4710015103370|4711128668787|4710960892077|4710247005206|4710467221516
674959,20424183|20415723|20406349|20370688|20333225|20332419|20307585|20301149|20246068|20246013
678018,20424183|20415723|20406349|20370688|20333225|20332419|20307585|20301149|20246068|20246013
678643,20451042|20424183|20415723|20406349|20370688|20333225|20332419|20301149|20246068|20246013
679350,20424183|20415723|20406349|20370688|20333225|20332419|20307585|20301149|20246068|20246013
679701,20424183|20415723|20406349|20370688|20333225|20332419|20307585|20301149|20246068|20246013
679848,20424183|20415723|20406349|20370688|20333225|20332419|20307585|20301149|20246068|20246013
679879,4711686006090|4710998000802|4710731060124|4710363382045|4710032601194|4710015103370|4711128668787|4710960892077|4710247005206|4710467221516
679954,4711686006090|4710998000802|4710731060124|4710363382045|4710032601194|4710015103370|4711128668787|4710960892077|4710247005206|4710467221516
680059,20451042|20424183|20415723|20406349|20333225|20332419|20307585|20301149|20246068|20246013
680189,20424183|20415723|20406349|20370688|20333225|20332419|20307585|20301149|20246068|20246013
680271,20424183|20415723|20406349|20370688|20333225|20332419|20307585|20301149|20246068|20246013
681162,20424183|20415723|20406349|20370688|20333225|20332419|20307585|20301149|20246068|20246013
682954,20424183|20415723|20406349|20370688|20333225|20332419|20307585|20301149|20246068|20246013
683067,20424183|20415723|20406349|20370688|20333225|20332419|20307585|20301149|20246068|20246013
683104,20424183|20415723|20406349|20370688|20333225|20332419|20307585|20301149|20246068|20246013
683135,4711686006090|4710998000802|4710731060124|4710363382045|4710032601194|4710015103370|4711128668787|4710960892077|4710247005206|4710467221516
683265,20424183|20415723|20406349|20370688|20333225|20332419|20307585|20301149|20246068|20246013
683562,20424183|20415723|20406349|20370688|20333225|20332419|20307585|20301149|20246068|20246013
684507,4711686006090|4710998000802|4710731060124|4710363382045|4710032601194|4710015103370|4711128668787|4710960892077|4710247005206|4710467221516
685818,20424183|20415723|20406349|20370688|20333225|20332419|20307585|20301149|20246068|20246013
686143,20424183|20415723|20406349|20370688|20333225|20332419|20307585|20301149|20246068|20246013
688314,20424183|20415723|20406349|20370688|20333225|20332419|20307585|20301149|20246068|20246013
688888,4712278884263|4711634000965|47100312|4711686006090|4710998000802|4710731060124|4710363382045|4710247005206|4710032601194|4710015103370
689168,20424183|20415723|20406349|20370688|20333225|20332419|20307585|20301149|20246068|20246013
689281,20424183|20415723|20406349|20370688|20333225|20332419|20307585|20301149|20246068|20246013
689311,20424183|20415723|20406349|20370688|20333225|20332419|20307585|20301149|20246068|20246013
689427,20424183|20415723|20406349|20370688|20333225|20332419|20307585|20301149|20246068|20246013
689748,20424183|20415723|20406349|20370688|20333225|20332419|20307585|20301149|20246068|20246013
690171,20424183|20415723|20406349|20370688|20333225|20332419|20307585|20301149|20246068|20246013
690737,20424183|20415723|20406349|20370688|20333225|20332419|20307585|20301149|20246068|20246013
691482,20424183|20415723|20406349|20370688|20333225|20332419|20307585|20301149|20246068|20246013
691734,20424183|20415723|20406349|20370688|20333225|20332419|20307585|20301149|20246068|20246013
692038,20424183|20415723|20406349|20370688|20333225|20332419|20307585|20301149|20246068|20246013
692298,20424183|20415723|20406349|20370688|20333225|20332419|20307585|20301149|20246068|20246013
692489,20424183|20415723|20406349|20370688|20333225|20332419|20307585|20301149|20246068|20246013
692922,20424183|20415723|20406349|20370688|20333225|20332419|20307585|20301149|20246068|20246013
692939,20424183|20415723|20406349|20370688|20333225|20332419|20307585|20301149|20246068|20246013
693035,20424183|20415723|20406349|20370688|20333225|20332419|20307585|20301149|20246068|20246013
693110,20424183|20415723|20406349|20370688|20333225|20332419|20307585|20301149|20246068|20246013
694476,20424183|20415723|20406349|20370688|20333225|20332419|20307585|20301149|20246068|20246013
694568,20424183|20415723|20406349|20370688|20333225|20332419|20307585|20301149|20246068|20246013
694599,20451042|20424183|20415723|20406349|20370688|20333225|20332419|20301149|20246068|20246013
694612,20424183|20415723|20406349|20370688|20333225|20332419|20307585|20301149|20246068|20246013
694636,20424183|20415723|20406349|20370688|20333225|20332419|20307585|20301149|20246068|20246013
694667,20424183|20415723|20406349|20370688|20333225|20332419|20307585|20301149|20246068|20246013
695091,4710088436191|20415723|4712278884263|4711634000965|47100312|4710998000802|4710731060124|4710363382045|4710247005206|4710032601194
695671,20424183|20415723|20406349|20370688|20333225|20332419|20307585|20301149|20246068|20246013
696333,20424183|20415723|20406349|20370688|20333225|20332419|20307585|20301149|20246068|20246013
696357,4711686006090|4710998000802|4710731060124|4710363382045|4710032601194|4710015103370|4711128668787|4710960892077|4710247005206|4710467221516
696425,4711686006090|4710998000802|4710731060124|4710363382045|4710032601194|4710015103370|4711128668787|4710960892077|4710247005206|4710467221516
696432,20424183|20415723|20406349|20370688|20333225|20332419|20307585|20301149|20246068|20246013
696463,20424183|20415723|20406349|20370688|20333225|20332419|20307585|20301149|20246068|20246013
697545,20424183|20415723|20406349|20370688|20333225|20332419|20307585|20301149|20246068|20246013
697569,4711686006090|4710998000802|4710731060124|4710363382045|4710032601194|4710015103370|4711128668787|4710960892077|4710247005206|4710467221516
697583,4711686006090|4710998000802|4710731060124|4710363382045|4710032601194|4710015103370|4711128668787|4710960892077|4710247005206|4710467221516
697798,20451042|20424183|20415723|20406349|20370688|20333225|20307585|20301149|20246068|20246013
698269,20424183|20415723|20406349|20370688|20333225|20332419|20307585|20301149|20246068|20246013
698771,20451042|20424183|20415723|20406349|20370688|20333225|20332419|20307585|20301149|20246013
699365,20424183|20415723|20406349|20370688|20333225|20332419|20307585|20301149|20246068|20246013
699570,4710632001356|4710063312168|20424183|20415723|20406349|20370688|20333225|20332419|20307585|20301149
699587,4711686006090|4710998000802|4710731060124|4710363382045|4710032601194|4710015103370|4711128668787|4710960892077|4710247005206|4710467221516
699594,20424183|20415723|20406349|20370688|20333225|20332419|20307585|20301149|20246068|20246013
699693,20424183|20415723|20406349|20370688|20333225|20332419|20307585|20301149|20246068|20246013
699778,20424183|20415723|20406349|20370688|20333225|20332419|20307585|20301149|20246068|20246013
699822,20424183|20415723|20406349|20370688|20333225|20332419|20307585|20301149|20246068|20246013
700054,20424183|20415723|20406349|20370688|20333225|20332419|20307585|20301149|20246068|20246013
700108,20424183|20415723|20406349|20370688|20333225|20332419|20307585|20301149|20246068|20246013
700450,20424183|20415723|20406349|20370688|20333225|20332419|20307585|20301149|20246068|20246013
700733,20424183|20415723|20406349|20370688|20333225|20332419|20307585|20301149|20246068|20246013
700764,20424183|20415723|20406349|20370688|20333225|20332419|20307585|20301149|20246068|20246013
700931,20424183|20415723|20406349|20370688|20333225|20332419|20307585|20301149|20246068|20246013
701396,20424183|20415723|20406349|20370688|20333225|20332419|20307585|20301149|20246068|20246013
701457,20451042|20424183|20415723|20406349|20370688|20333225|20332419|20301149|20246068|20246013
701570,20424183|20415723|20406349|20370688|20333225|20332419|20307585|20301149|20246068|20246013
702850,4711686006090|4710998000802|4710731060124|4710363382045|4710032601194|4710015103370|4711128668787|4710960892077|4710247005206|4710467221516
705660,20424183|20415723|20406349|20370688|20333225|20332419|20307585|20301149|20246068|20246013
705707,20424183|20415723|20406349|20370688|20333225|20332419|20307585|20301149|20246068|20246013
706179,20424183|20415723|20406349|20370688|20333225|20332419|20307585|20301149|20246068|20246013
706698,20424183|20415723|20406349|20370688|20333225|20332419|20307585|20301149|20246068|20246013
707985,20424183|20415723|20406349|20370688|20333225|20332419|20307585|20301149|20246068|20246013
708005,7610053910800|4713608210035|4711634002754|4710114105046|4710094012686|4710063312168|4711080010112|4714981010038|20424183|20415723
708456,20451042|20424183|20415723|20406349|20370688|20333225|20332419|20307585|20246068|20246013
709446,20424183|20415723|20406349|20370688|20333225|20332419|20307585|20301149|20246068|20246013
709507,20424183|20415723|20406349|20370688|20333225|20332419|20307585|20301149|20246068|20246013
709927,20424183|20415723|20406349|20370688|20333225|20332419|20307585|20301149|20246068|20246013
709965,4711686006090|4710998000802|4710731060124|4710363382045|4710032601194|4710015103370|4711128668787|4710960892077|4710247005206|4710467221516
710053,20424183|20415723|20406349|20370688|20333225|20332419|20307585|20301149|20246068|20246013
710688,20424183|20415723|20406349|20370688|20333225|20332419|20307585|20301149|20246068|20246013
711210,20451042|20424183|20415723|20406349|20370688|20333225|20332419|20307585|20301149|20246013
711562,4711686006090|4710998000802|4710731060124|4710363382045|4710032601194|4710015103370|4711128668787|4710960892077|4710247005206|4710467221516
711791,20424183|20415723|20406349|20370688|20333225|20332419|20307585|20301149|20246068|20246013
711920,20424183|20415723|20406349|20370688|20333225|20332419|20307585|20301149|20246068|20246013
713009,20424183|20415723|20406349|20370688|20333225|20332419|20307585|20301149|20246068|20246013
713504,9556121008032|9556121008025|4717101101265|4714276113888|4712397000261|4710105051628|4710871000356|4710583920003|20246013|4711039232190
713580,20424183|20415723|20406349|20370688|20333225|20332419|20307585|20301149|20246068|20246013
714020,20424183|20415723|20406349|20370688|20333225|20332419|20307585|20301149|20246068|20246013
714068,20424183|20415723|20406349|20370688|20333225|20332419|20307585|20301149|20246068|20246013
714976,20424183|20415723|20406349|20370688|20333225|20332419|20307585|20301149|20246068|20246013
715171,20424183|20415723|20406349|20370688|20333225|20332419|20307585|20301149|20246068|20246013
715836,20424183|20415723|20406349|20370688|20333225|20332419|20307585|20301149|20246068|20246013
716123,20424183|20415723|20406349|20370688|20333225|20332419|20307585|20301149|20246068|20246013
716222,4711686006090|4710998000802|4710731060124|4710363382045|4710032601194|4710015103370|4711128668787|4710960892077|4710247005206|4710467221516
716420,4711686006090|4710998000802|4710731060124|4710363382045|4710032601194|4710015103370|4711128668787|4710960892077|4710247005206|4710467221516
716475,20451042|20424183|20415723|20406349|20370688|20333225|20332419|20301149|20246068|20246013
716581,20424183|20415723|20406349|20370688|20333225|20332419|20307585|20301149|20246068|20246013
716789,20424183|20415723|20406349|20370688|20333225|20332419|20307585|20301149|20246068|20246013
716932,4711686006090|4710998000802|4710731060124|4710363382045|4710032601194|4710015103370|4711128668787|4710960892077|4710247005206|4710467221516
718172,20424183|20415723|20406349|20370688|20333225|20332419|20307585|20301149|20246068|20246013
718370,4711686006090|4710998000802|4710731060124|4710363382045|4710032601194|4710015103370|4711128668787|4710960892077|4710247005206|4710467221516
718493,4710085120161|4711587808946|4710998000802|4710731060124|4710530995085|4710363382045|4710314430009|4710247005206|4710032601194|4710015103370
718547,20424183|20415723|20406349|20370688|20333225|20332419|20307585|20301149|20246068|20246013
718578,4714854888238|20424183|20415723|20406349|20370688|20333225|20332419|20307585|20301149|20246068
719278,4711686006090|4710998000802|4710731060124|4710363382045|4710032601194|4710015103370|4711128668787|4710960892077|4710247005206|4710467221516
719407,20424183|20415723|20406349|20370688|20333225|20332419|20307585|20301149|20246068|20246013
721127,20451042|20424183|20415723|20406349|20370688|20333225|20332419|20307585|20301149|20246013
721868,20424183|20415723|20406349|20370688|20333225|20332419|20307585|20301149|20246068|20246013
721943,20424183|20415723|20406349|20370688|20333225|20332419|20307585|20301149|20246068|20246013
724838,20424183|20415723|20406349|20370688|20333225|20332419|20307585|20301149|20246068|20246013
726498,20424183|20415723|20406349|20370688|20333225|20332419|20307585|20301149|20246068|20246013
726504,20424183|20415723|20406349|20370688|20333225|20332419|20307585|20301149|20246068|20246013
726559,20424183|20415723|20406349|20370688|20333225|20332419|20307585|20301149|20246068|20246013
727365,20424183|20415723|20406349|20370688|20333225|20332419|20307585|20301149|20246068|20246013
727402,20424183|20415723|20406349|20370688|20333225|20332419|20307585|20301149|20246068|20246013
727983,20424183|20415723|20406349|20370688|20333225|20332419|20307585|20301149|20246068|20246013
728843,20424183|20415723|20406349|20370688|20333225|20332419|20307585|20301149|20246068|20246013
729031,20424183|20415723|20406349|20370688|20333225|20332419|20307585|20301149|20246068|20246013
729093,20424183|20415723|20406349|20370688|20333225|20332419|20307585|20301149|20246068|20246013
729192,20424183|20415723|20406349|20370688|20333225|20332419|20307585|20301149|20246068|20246013
729291,20424183|20415723|20406349|20370688|20333225|20332419|20307585|20301149|20246068|20246013
729857,20424183|20415723|20406349|20370688|20333225|20332419|20307585|20301149|20246068|20246013
729895,20424183|20415723|20406349|20370688|20333225|20332419|20307585|20301149|20246068|20246013
729932,20424183|20415723|20406349|20370688|20333225|20332419|20307585|20301149|20246068|20246013
730242,4711686006090|4710998000802|4710731060124|4710363382045|4710032601194|4710015103370|4711128668787|4710960892077|4710247005206|4710467221516
730457,20424183|20415723|20406349|20370688|20333225|20332419|20307585|20301149|20246068|20246013
732802,20424183|20415723|20406349|20370688|20333225|20332419|20307585|20301149|20246068|20246013
733632,20424183|20415723|20406349|20370688|20333225|20332419|20307585|20301149|20246068|20246013
735759,4711686006090|4710998000802|4710731060124|4710363382045|4710032601194|4710015103370|4711128668787|4710960892077|4710247005206|4710467221516
735780,20424183|20415723|20406349|20370688|20333225|20332419|20307585|20301149|20246068|20246013
735810,4711686006090|4710998000802|4710731060124|4710363382045|4710032601194|4710015103370|4711128668787|4710960892077|4710247005206|4710467221516
738040,20424183|20415723|20406349|20370688|20333225|20332419|20307585|20301149|20246068|20246013
738095,20424183|20415723|20406349|20370688|20333225|20332419|20307585|20301149|20246068|20246013
738101,20424183|20415723|20406349|20370688|20333225|20332419|20307585|20301149|20246068|20246013
738453,20424183|20415723|20406349|20370688|20333225|20332419|20307585|20301149|20246068|20246013
739290,20424183|20415723|20406349|20370688|20333225|20332419|20307585|20301149|20246068|20246013
740203,20424183|20415723|20406349|20370688|20333225|20332419|20307585|20301149|20246068|20246013
740210,4710022275503|4710176011194|4710543310066|4710015103288|20406349|4710015202912|4714981010038|20424183|20415723|20370688
740609,20424183|20415723|20406349|20370688|20333225|20332419|20307585|20301149|20246068|20246013
740630,4711686006090|4710998000802|4710731060124|4710363382045|4710032601194|4710015103370|4711128668787|4710960892077|4710247005206|4710467221516
740906,20424183|20415723|20406349|20370688|20333225|20332419|20307585|20301149|20246068|20246013
743587,4711686006090|4710998000802|4710731060124|4710363382045|4710032601194|4710015103370|4711128668787|4710960892077|4710247005206|4710467221516
745642,20424183|20415723|20406349|20370688|20333225|20332419|20307585|20301149|20246068|20246013
750196,20424183|20415723|20406349|20370688|20333225|20332419|20307585|20301149|20246068|20246013
750448,20424183|20415723|20406349|20370688|20333225|20332419|20307585|20301149|20246068|20246013
754446,20424183|20415723|20406349|20370688|20333225|20332419|20307585|20301149|20246068|20246013
754521,20424183|20415723|20406349|20370688|20333225|20332419|20307585|20301149|20246068|20246013
755153,20424183|20415723|20406349|20370688|20333225|20332419|20307585|20301149|20246068|20246013
755283,20424183|20415723|20406349|20370688|20333225|20332419|20307585|20301149|20246068|20246013
755542,20424183|20415723|20406349|20370688|20333225|20332419|20307585|20301149|20246068|20246013
756440,4711686006090|4710998000802|4710731060124|4710363382045|4710032601194|4710015103370|4711128668787|4710960892077|4710247005206|4710467221516
756488,20424183|20415723|20406349|20370688|20333225|20332419|20307585|20301149|20246068|20246013
756655,20424183|20415723|20406349|20370688|20333225|20332419|20307585|20301149|20246068|20246013
757249,20424183|20415723|20406349|20370688|20333225|20332419|20307585|20301149|20246068|20246013
757881,4711686006090|4710998000802|4710731060124|4710363382045|4710032601194|4710015103370|4711128668787|4710960892077|4710247005206|4710467221516
757898,4711686006090|4710998000802|4710731060124|4710363382045|4710032601194|4710015103370|4711128668787|4710960892077|4710247005206|4710467221516
758994,20424183|20415723|20406349|20370688|20333225|20332419|20307585|20301149|20246068|20246013
759328,4711686006090|4710998000802|4710731060124|4710363382045|4710032601194|4710015103370|4711128668787|4710960892077|4710247005206|4710467221516
759397,20424183|20415723|20406349|20370688|20333225|20332419|20307585|20301149|20246068|20246013
759410,20424183|20415723|20406349|20370688|20333225|20332419|20307585|20301149|20246068|20246013
759496,20424183|20415723|20406349|20370688|20333225|20332419|20307585|20301149|20246068|20246013
759502,4711686006090|4710998000802|4710731060124|4710363382045|4710032601194|4710015103370|4711128668787|4710960892077|4710247005206|4710467221516
760225,4710323168054|4710094097768|20424183|20415723|20406349|20370688|20333225|20332419|20307585|20301149
760744,4711686006090|4710998000802|4710731060124|4710363382045|4710032601194|4710015103370|4711128668787|4710960892077|4710247005206|4710467221516
760904,4711686006090|4710998000802|4710731060124|4710363382045|4710032601194|4710015103370|4711128668787|4710960892077|4710247005206|4710467221516
761567,20424183|20415723|20406349|20370688|20333225|20332419|20307585|20301149|20246068|20246013
762687,20424183|20415723|20406349|20370688|20333225|20332419|20307585|20301149|20246068|20246013
763448,4711686006090|4710998000802|4710731060124|4710363382045|4710032601194|4710015103370|4711128668787|4710960892077|4710247005206|4710467221516
763479,4711686006090|4710998000802|4710731060124|4710363382045|4710032601194|4710015103370|4711128668787|4710960892077|4710247005206|4710467221516
763684,20451042|20424183|20406349|20370688|20333225|20332419|20307585|20301149|20246068|20246013
764254,4711686006090|4710998000802|4710731060124|4710363382045|4710032601194|4710015103370|4711128668787|4710960892077|4710247005206|4710467221516
764407,4711686006090|4710998000802|4710731060124|4710363382045|4710032601194|4710015103370|4711128668787|4710960892077|4710247005206|4710467221516
764452,20424183|20415723|20406349|20370688|20333225|20332419|20307585|20301149|20246068|20246013
764575,4711686006090|4710998000802|4710731060124|4710363382045|4710032601194|4710015103370|4711128668787|4710960892077|4710247005206|4710467221516
764636,4711686006090|4710998000802|4710731060124|4710363382045|4710032601194|4710015103370|4711128668787|4710960892077|4710247005206|4710467221516
764650,20424183|20415723|20406349|20370688|20333225|20332419|20307585|20301149|20246068|20246013
764933,20424183|20415723|20406349|20370688|20333225|20332419|20307585|20301149|20246068|20246013
765220,4711686006090|4710998000802|4710731060124|4710363382045|4710032601194|4710015103370|4711128668787|4710960892077|4710247005206|4710467221516
765350,20424183|20415723|20406349|20370688|20333225|20332419|20307585|20301149|20246068|20246013
765374,20424183|20415723|20406349|20370688|20333225|20332419|20307585|20301149|20246068|20246013
765978,20424183|20415723|20406349|20370688|20333225|20332419|20307585|20301149|20246068|20246013
766043,20424183|20415723|20406349|20370688|20333225|20332419|20307585|20301149|20246068|20246013
766975,20424183|20415723|20406349|20370688|20333225|20332419|20307585|20301149|20246068|20246013
767323,4711686006090|4710998000802|4710731060124|4710363382045|4710032601194|4710015103370|4711128668787|4710960892077|4710247005206|4710467221516
768023,4711686006090|4710998000802|4710731060124|4710363382045|4710032601194|4710015103370|4711128668787|4710960892077|4710247005206|4710467221516
768139,20424183|20415723|20406349|20370688|20333225|20332419|20307585|20301149|20246068|20246013
768146,20424183|20415723|20406349|20370688|20333225|20332419|20307585|20301149|20246068|20246013
768405,20424183|20415723|20406349|20370688|20333225|20332419|20307585|20301149|20246068|20246013
768412,4711686006090|4710998000802|4710731060124|4710363382045|4710032601194|4710015103370|4711128668787|4710960892077|4710247005206|4710467221516
768436,20424183|20415723|20406349|20370688|20333225|20332419|20307585|20301149|20246068|20246013
768474,4711686006090|4710998000802|4710731060124|4710363382045|4710032601194|4710015103370|4711128668787|4710960892077|4710247005206|4710467221516
768498,20424183|20415723|20406349|20370688|20333225|20332419|20307585|20301149|20246068|20246013
768528,20424183|20415723|20406349|20370688|20333225|20332419|20307585|20301149|20246068|20246013
768566,20424183|20415723|20406349|20370688|20333225|20332419|20307585|20301149|20246068|20246013
768870,20424183|20415723|20406349|20370688|20333225|20332419|20307585|20301149|20246068|20246013
770064,20424183|20415723|20406349|20370688|20333225|20332419|20307585|20301149|20246068|20246013
770354,20424183|20415723|20406349|20370688|20333225|20332419|20307585|20301149|20246068|20246013
770460,20424183|20415723|20406349|20370688|20333225|20332419|20307585|20301149|20246068|20246013
770699,20424183|20415723|20406349|20370688|20333225|20332419|20307585|20301149|20246068|20246013
770910,9555037202039|9310155412520|4901005202702|4712500125126|4710323168054|4710294610811|4710018031632|20553418|4710011414012|4710105024127
770965,20424183|20415723|20406349|20370688|20333225|20332419|20307585|20301149|20246068|20246013
771153,20424183|20415723|20406349|20370688|20333225|20332419|20307585|20301149|20246068|20246013
771283,4711686006090|4710998000802|4710731060124|4710363382045|4710032601194|4710015103370|4711128668787|4710960892077|4710247005206|4710467221516
771351,20424183|20415723|20406349|20370688|20333225|20332419|20307585|20301149|20246068|20246013
771856,20424183|20415723|20406349|20370688|20333225|20332419|20307585|20301149|20246068|20246013
772518,20424183|20415723|20406349|20370688|20333225|20332419|20307585|20301149|20246068|20246013
772839,20424183|20415723|20406349|20370688|20333225|20332419|20307585|20301149|20246068|20246013
773201,20424183|20415723|20406349|20370688|20333225|20332419|20307585|20301149|20246068|20246013
773348,4710291101039|4711713491233|20424183|20415723|20406349|20370688|20333225|20332419|20307585|20301149
773416,4712278884263|4711634000965|47100312|4711686006090|4710998000802|4710731060124|4710363382045|4710247005206|4710032601194|4710015103370
773577,20424183|20415723|20406349|20370688|20333225|20332419|20307585|20301149|20246068|20246013
773645,20424183|20415723|20406349|20370688|20333225|20332419|20307585|20301149|20246068|20246013
774338,20424183|20415723|20406349|20370688|20333225|20332419|20307585|20301149|20246068|20246013
774529,4711686006090|4710998000802|4710731060124|4710363382045|4710032601194|4710015103370|4711128668787|4710960892077|4710247005206|4710467221516
774550,20424183|20415723|20406349|20370688|20333225|20332419|20307585|20301149|20246068|20246013
775533,20424183|20415723|20406349|20370688|20333225|20332419|20307585|20301149|20246068|20246013
775694,20424183|20415723|20406349|20370688|20333225|20332419|20307585|20301149|20246068|20246013
775946,20424183|20415723|20406349|20370688|20333225|20332419|20307585|20301149|20246068|20246013
776349,20424183|20415723|20406349|20370688|20333225|20332419|20307585|20301149|20246068|20246013
776783,20424183|20415723|20406349|20370688|20333225|20332419|20307585|20301149|20246068|20246013
776875,20424183|20415723|20406349|20370688|20333225|20332419|20307585|20301149|20246068|20246013
776899,20424183|20415723|20406349|20370688|20333225|20332419|20307585|20301149|20246068|20246013
777117,20424183|20415723|20406349|20370688|20333225|20332419|20307585|20301149|20246068|20246013
777148,20424183|20415723|20406349|20370688|20333225|20332419|20307585|20301149|20246068|20246013
778091,20424183|20415723|20406349|20370688|20333225|20332419|20307585|20301149|20246068|20246013
778442,20424183|20415723|20406349|20370688|20333225|20332419|20307585|20301149|20246068|20246013
778480,20424183|20415723|20406349|20370688|20333225|20332419|20307585|20301149|20246068|20246013
778558,20424183|20415723|20406349|20370688|20333225|20332419|20307585|20301149|20246068|20246013
778718,4711128668787|4710960892077|4710467221516|4710011414012|4710094097768|4710632001660|37000442127|4710105015125|20451042|20424183
778916,20424183|20415723|20406349|20370688|20333225|20332419|20307585|20301149|20246068|20246013
779333,20424183|20415723|20406349|20370688|20333225|20332419|20307585|20301149|20246068|20246013
780025,20424183|20415723|20406349|20370688|20333225|20332419|20307585|20301149|20246068|20246013
780506,20424183|20415723|20406349|20370688|20333225|20332419|20307585|20301149|20246068|20246013
780582,4710105031286|4710088432643|4710126012066|20333225|4710154058319|4710098162806|4710036221015|4710583350701|4710736570031|4972045758337
780766,20451042|20424183|20415723|20406349|20370688|20333225|20332419|20307585|20301149|20246068
781206,4712278884263|4711634000965|47100312|4711686006090|4710998000802|4710731060124|4710363382045|4710247005206|4710032601194|4710015103370
781343,20424183|20415723|20406349|20370688|20333225|20332419|20307585|20301149|20246068|20246013
782203,20424183|20415723|20406349|20370688|20333225|20332419|20307585|20301149|20246068|20246013
783101,20424183|20415723|20406349|20370688|20333225|20332419|20307585|20301149|20246068|20246013
783200,20424183|20415723|20406349|20370688|20333225|20332419|20307585|20301149|20246068|20246013
783415,20424183|20415723|20406349|20370688|20333225|20332419|20307585|20301149|20246068|20246013
784207,20424183|20415723|20406349|20370688|20333225|20332419|20307585|20301149|20246068|20246013
784849,20424183|20415723|20406349|20370688|20333225|20332419|20307585|20301149|20246068|20246013
785150,4710154012076|4710628070465|4710036110067|20424183|20415723|20406349|20370688|20333225|20332419|20307585
785792,20424183|20415723|20406349|20370688|20333225|20332419|20307585|20301149|20246068|20246013
785952,20424183|20415723|20406349|20370688|20333225|20332419|20307585|20301149|20246068|20246013
786065,20424183|20415723|20406349|20370688|20333225|20332419|20307585|20301149|20246068|20246013
786119,4711686006090|4710998000802|4710731060124|4710363382045|4710032601194|4710015103370|4711128668787|4710960892077|4710247005206|4710467221516
786171,20424183|20415723|20406349|20370688|20333225|20332419|20307585|20301149|20246068|20246013
789240,4711686006090|4710998000802|4710731060124|4710363382045|4710032601194|4710015103370|4711128668787|4710960892077|4710247005206|4710467221516
789387,20424183|20415723|20406349|20370688|20333225|20332419|20307585|20301149|20246068|20246013
790109,20424183|20415723|20406349|20370688|20333225|20332419|20307585|20301149|20246068|20246013
790994,20424183|20415723|20406349|20370688|20333225|20332419|20307585|20301149|20246068|20246013
791151,20424183|20415723|20406349|20370688|20333225|20332419|20307585|20301149|20246068|20246013
791236,20424183|20415723|20406349|20370688|20333225|20332419|20307585|20301149|20246068|20246013
791762,4711686006090|4710998000802|4710731060124|4710363382045|4710032601194|4710015103370|4711128668787|4710960892077|4710247005206|4710467221516
792066,20424183|20415723|20406349|20370688|20333225|20332419|20307585|20301149|20246068|20246013
792271,20424183|20415723|20406349|20370688|20333225|20332419|20307585|20301149|20246068|20246013
792820,20424183|20415723|20406349|20370688|20333225|20332419|20307585|20301149|20246068|20246013
792967,20424183|20415723|20406349|20370688|20333225|20332419|20307585|20301149|20246068|20246013
794350,50000301829|20424183|20415723|20406349|20370688|20333225|20332419|20307585|20301149|20246068
797351,20424183|20415723|20406349|20370688|20333225|20332419|20307585|20301149|20246068|20246013
797405,4711686006090|4710998000802|4710731060124|4710363382045|4710032601194|4710015103370|4711128668787|4710960892077|4710247005206|4710467221516
797702,4711686006090|4710998000802|4710731060124|4710363382045|4710032601194|4710015103370|4711128668787|4710960892077|4710247005206|4710467221516
797849,20424183|20415723|20406349|20370688|20333225|20332419|20307585|20301149|20246068|20246013
798549,20424183|20415723|20406349|20370688|20333225|20332419|20307585|20301149|20246068|20246013
798792,20424183|20415723|20406349|20370688|20333225|20332419|20307585|20301149|20246068|20246013
798983,4711686006090|4710998000802|4710731060124|4710363382045|4710032601194|4710015103370|4711128668787|4710960892077|4710247005206|4710467221516
799577,20424183|20415723|20406349|20370688|20333225|20332419|20307585|20301149|20246068|20246013
799805,4711686006090|4710998000802|4710731060124|4710363382045|4710032601194|4710015103370|4711128668787|4710960892077|4710247005206|4710467221516
799874,20424183|20415723|20406349|20370688|20333225|20332419|20307585|20301149|20246068|20246013
799973,20424183|20415723|20406349|20370688|20333225|20332419|20307585|20301149|20246068|20246013
800037,4711686006090|4710998000802|4710731060124|4710363382045|4710032601194|4710015103370|4711128668787|4710960892077|4710247005206|4710467221516
801966,20424183|20415723|20406349|20370688|20333225|20332419|20307585|20301149|20246068|20246013
803199,20424183|20415723|20406349|20370688|20333225|20332419|20307585|20301149|20246068|20246013
804912,20424183|20415723|20406349|20370688|20333225|20332419|20307585|20301149|20246068|20246013
805292,20424183|20415723|20406349|20370688|20333225|20332419|20307585|20301149|20246068|20246013
806688,20424183|20415723|20406349|20370688|20333225|20332419|20307585|20301149|20246068|20246013
808019,20424183|20415723|20406349|20370688|20333225|20332419|20307585|20301149|20246068|20246013
810920,20424183|20415723|20406349|20370688|20333225|20332419|20307585|20301149|20246068|20246013
811644,20424183|20415723|20406349|20370688|20333225|20332419|20307585|20301149|20246068|20246013
811828,20424183|20415723|20406349|20370688|20333225|20332419|20307585|20301149|20246068|20246013
812450,20424183|20415723|20406349|20370688|20333225|20332419|20307585|20301149|20246068|20246013
812931,20424183|20415723|20406349|20370688|20333225|20332419|20307585|20301149|20246068|20246013
813143,20424183|20415723|20406349|20370688|20333225|20332419|20307585|20301149|20246068|20246013
813174,20424183|20415723|20406349|20370688|20333225|20332419|20307585|20301149|20246068|20246013
813709,4711713290065|4710140601512|4710626055310|4710154015206|4710543214012|4714981010038|20424183|20415723|20406349|20370688
814522,20424183|20415723|20406349|20370688|20333225|20332419|20307585|20301149|20246068|20246013
818674,20424183|20415723|20406349|20370688|20333225|20332419|20307585|20301149|20246068|20246013
818711,20424183|20415723|20406349|20370688|20333225|20332419|20307585|20301149|20246068|20246013
819220,20424183|20415723|20406349|20370688|20333225|20332419|20307585|20301149|20246068|20246013
819787,4711686006090|4710998000802|4710731060124|4710363382045|4710032601194|4710015103370|4711128668787|4710960892077|4710247005206|4710467221516
819817,4711686006090|4710998000802|4710731060124|4710363382045|4710032601194|4710015103370|4711128668787|4710960892077|4710247005206|4710467221516
820233,20424183|20415723|20406349|20370688|20333225|20332419|20307585|20301149|20246068|20246013
820509,20424183|20415723|20406349|20370688|20333225|20332419|20307585|20301149|20246068|20246013
820837,20424183|20415723|20406349|20370688|20333225|20332419|20307585|20301149|20246068|20246013
820905,20424183|20415723|20406349|20370688|20333225|20332419|20307585|20301149|20246068|20246013
821131,20424183|20415723|20406349|20370688|20333225|20332419|20307585|20301149|20246068|20246013
821278,4711686006090|4710998000802|4710731060124|4710363382045|4710032601194|4710015103370|4711128668787|4710960892077|4710247005206|4710467221516
821414,20424183|20415723|20406349|20370688|20333225|20332419|20307585|20301149|20246068|20246013
823760,20424183|20415723|20406349|20370688|20333225|20332419|20307585|20301149|20246068|20246013
825320,20424183|20415723|20406349|20370688|20333225|20332419|20307585|20301149|20246068|20246013
825573,20424183|20415723|20406349|20370688|20333225|20332419|20307585|20301149|20246068|20246013
825641,20424183|20415723|20406349|20370688|20333225|20332419|20307585|20301149|20246068|20246013
825733,20424183|20415723|20406349|20370688|20333225|20332419|20307585|20301149|20246068|20246013
827515,20424183|20415723|20406349|20370688|20333225|20332419|20307585|20301149|20246068|20246013
828222,20424183|20415723|20406349|20370688|20333225|20332419|20307585|20301149|20246068|20246013
828291,4710233101035|4710126392007|4710583996008|4710063312120|4710088434692|4710094699078|4710105045313|4710105045443|4714981010038|20424183
828499,20424183|20415723|20406349|20370688|20333225|20332419|20307585|20301149|20246068|20246013
829953,20514235|20451042|20424183|20415723|20406349|20370688|20333225|20332419|20301149|20246068
831987,20424183|20415723|20406349|20370688|20333225|20332419|20307585|20301149|20246068|20246013
832786,20424183|20415723|20406349|20370688|20333225|20332419|20307585|20301149|20246068|20246013
833912,20424183|20415723|20406349|20370688|20333225|20332419|20307585|20301149|20246068|20246013
833974,20424183|20415723|20406349|20370688|20333225|20332419|20307585|20301149|20246068|20246013
834032,4712278884263|4711634000965|47100312|4711686006090|4710998000802|4710731060124|4710363382045|4710247005206|4710032601194|4710015103370
834568,4715874000532|4710126010116|4711022100017|4719090790017|4719090790000|4712278884263|4711634000965|47100312|4710998000802|4710731060124
834926,20424183|20415723|20406349|20370688|20333225|20332419|20307585|20301149|20246068|20246013
835312,20424183|20415723|20406349|20370688|20333225|20332419|20307585|20301149|20246068|20246013
837552,20424183|20415723|20406349|20370688|20333225|20332419|20307585|20301149|20246068|20246013
838023,20424183|20415723|20406349|20370688|20333225|20332419|20307585|20301149|20246068|20246013
838054,20424183|20415723|20406349|20370688|20333225|20332419|20307585|20301149|20246068|20246013
838061,20424183|20415723|20406349|20370688|20333225|20332419|20307585|20301149|20246068|20246013
838115,20424183|20415723|20406349|20370688|20333225|20332419|20307585|20301149|20246068|20246013
838139,4711686006090|4710998000802|4710731060124|4710363382045|4710032601194|4710015103370|4711128668787|4710960892077|4710247005206|4710467221516
838221,4711686006090|4710998000802|4710731060124|4710363382045|4710032601194|4710015103370|4711128668787|4710960892077|4710247005206|4710467221516
838351,20424183|20415723|20406349|20370688|20333225|20332419|20307585|20301149|20246068|20246013
838412,4711686006090|4710998000802|4710731060124|4710363382045|4710032601194|4710015103370|4711128668787|4710960892077|4710247005206|4710467221516
838450,20424183|20415723|20406349|20370688|20333225|20332419|20307585|20301149|20246068|20246013
838665,20424183|20415723|20406349|20370688|20333225|20332419|20307585|20301149|20246068|20246013
839136,20424183|20415723|20406349|20370688|20333225|20332419|20307585|20301149|20246068|20246013
839389,20424183|20415723|20406349|20370688|20333225|20332419|20307585|20301149|20246068|20246013
839471,4711686006090|4710998000802|4710731060124|4710363382045|4710032601194|4710015103370|4711128668787|4710960892077|4710247005206|4710467221516
839648,20424183|20415723|20406349|20370688|20333225|20332419|20307585|20301149|20246068|20246013
839891,20424183|20415723|20406349|20370688|20333225|20332419|20307585|20301149|20246068|20246013
840354,20424183|20415723|20406349|20370688|20333225|20332419|20307585|20301149|20246068|20246013
841528,20424183|20415723|20406349|20370688|20333225|20332419|20307585|20301149|20246068|20246013
841771,20451042|20424183|20415723|20406349|20370688|20333225|20332419|20301149|20246068|20246013
841900,20424183|20415723|20406349|20370688|20333225|20332419|20307585|20301149|20246068|20246013
842136,4711686006090|4710998000802|4710731060124|4710363382045|4710032601194|4710015103370|4711128668787|4710960892077|4710247005206|4710467221516
842181,20424183|20415723|20406349|20370688|20333225|20332419|20307585|20301149|20246068|20246013
842259,20424183|20415723|20406349|20370688|20333225|20332419|20307585|20301149|20246068|20246013
842396,20424183|20415723|20406349|20370688|20333225|20332419|20307585|20301149|20246068|20246013
842419,4712934010074|4710176016045|4710105010113|4710088430922|4711524001041|4710549000664|4710290007011|4710022102892|719859796117|40000015314
842464,20424183|20415723|20406349|20370688|20333225|20332419|20307585|20301149|20246068|20246013
842525,9556121008032|9556121008025|4717101101265|4714276113888|4712397000261|4710105051628|4710871000356|4710583920003|20246013|4711039232190
842648,20424183|20415723|20406349|20370688|20333225|20332419|20307585|20301149|20246068|20246013
842716,20451042|20424183|20415723|20406349|20370688|20333225|20332419|20307585|20301149|20246013
842884,20424183|20415723|20406349|20370688|20333225|20332419|20307585|20301149|20246068|20246013
843263,20424183|20415723|20406349|20370688|20333225|20332419|20307585|20301149|20246068|20246013
843492,20424183|20415723|20406349|20370688|20333225|20332419|20307585|20301149|20246068|20246013
843539,4711686006090|4710998000802|4710731060124|4710363382045|4710032601194|4710015103370|4711128668787|4710960892077|4710247005206|4710467221516
843577,20424183|20415723|20406349|20370688|20333225|20332419|20307585|20301149|20246068|20246013
843621,4710176011194|4710015103288|20406349|4714981010038|20424183|20415723|20370688|20333225|20332419|20307585
844000,20424183|20415723|20406349|20370688|20333225|20332419|20307585|20301149|20246068|20246013
844413,20424183|20415723|20406349|20370688|20333225|20332419|20307585|20301149|20246068|20246013
844970,4711686006090|4710998000802|4710731060124|4710363382045|4710032601194|4710015103370|4711128668787|4710960892077|4710247005206|4710467221516
845021,20424183|20415723|20406349|20370688|20333225|20332419|20307585|20301149|20246068|20246013
845038,20424183|20415723|20406349|20370688|20333225|20332419|20307585|20301149|20246068|20246013
845502,20424183|20415723|20406349|20370688|20333225|20332419|20307585|20301149|20246068|20246013
845809,20424183|20415723|20406349|20370688|20333225|20332419|20307585|20301149|20246068|20246013
846295,20424183|20415723|20406349|20370688|20333225|20332419|20307585|20301149|20246068|20246013
846776,20424183|20415723|20406349|20370688|20333225|20332419|20307585|20301149|20246068|20246013
846905,20424183|20415723|20406349|20370688|20333225|20332419|20307585|20301149|20246068|20246013
846929,4712278884263|4711634000965|47100312|4711686006090|4710998000802|4710731060124|4710363382045|4710247005206|4710032601194|4710015103370
846998,20424183|20415723|20406349|20370688|20333225|20332419|20307585|20301149|20246068|20246013
847322,4711108208637|4714981010038|20424183|20415723|20406349|20370688|20333225|20332419|20307585|20301149
848442,4711686006090|4710998000802|4710731060124|4710363382045|4710032601194|4710015103370|4711128668787|4710960892077|4710247005206|4710467221516
848824,20424183|20415723|20406349|20370688|20333225|20332419|20307585|20301149|20246068|20246013
848985,20424183|20415723|20406349|20370688|20333225|20332419|20307585|20301149|20246068|20246013
849982,20424183|20415723|20406349|20370688|20333225|20332419|20307585|20301149|20246068|20246013
851244,4711686006090|4710998000802|4710731060124|4710363382045|4710032601194|4710015103370|4711128668787|4710960892077|4710247005206|4710467221516
852708,20424183|20415723|20406349|20370688|20333225|20332419|20307585|20301149|20246068|20246013
852845,4712278884263|4711634000965|47100312|4712019100607|4710088412966|4711128778813|4713985863121|4710719000333|4710047502066|20424183
855426,20424183|20415723|20406349|20370688|20333225|20332419|20307585|20301149|20246068|20246013
855600,20424183|20415723|20406349|20370688|20333225|20332419|20307585|20301149|20246068|20246013
859516,20424183|20415723|20406349|20370688|20333225|20332419|20307585|20301149|20246068|20246013
860123,4712278884263|4711634000965|47100312|4711686006090|4710998000802|4710731060124|4710363382045|4710247005206|4710032601194|4710015103370
860772,20424183|20415723|20406349|20370688|20333225|20332419|20307585|20301149|20246068|20246013
861014,20424183|20415723|20406349|20370688|20333225|20332419|20307585|20301149|20246068|20246013
861021,4710105015118|20424183|20415723|20406349|20370688|20333225|20332419|20307585|20301149|20246068
861038,20424183|20415723|20406349|20370688|20333225|20332419|20307585|20301149|20246068|20246013
861052,20424183|20415723|20406349|20370688|20333225|20332419|20307585|20301149|20246068|20246013
861076,20424183|20415723|20406349|20370688|20333225|20332419|20307585|20301149|20246068|20246013
861113,20424183|20415723|20406349|20370688|20333225|20332419|20307585|20301149|20246068|20246013
862028,4716758007036|4710035311106|4710054380619|20424183|20415723|20406349|20370688|20333225|20332419|20307585
862059,4710105010182|20424183|20415723|20406349|20370688|20333225|20332419|20307585|20301149|20246068
862486,20451042|20424183|20415723|20406349|20370688|20333225|20332419|20301149|20246068|20246013
862936,20424183|20415723|20406349|20370688|20333225|20332419|20307585|20301149|20246068|20246013
865166,20424183|20415723|20406349|20370688|20333225|20332419|20307585|20301149|20246068|20246013
865234,20424183|20415723|20406349|20370688|20333225|20332419|20307585|20301149|20246068|20246013
865388,4710063312120|4710088432353|4710063312168|4710105045313|4710105045443|4712278884263|4711634000965|4710998000802|4710731060124|4710363382045
865654,20424183|20415723|20406349|20370688|20333225|20332419|20307585|20301149|20246068|20246013
866026,20424183|20415723|20406349|20370688|20333225|20332419|20307585|20301149|20246068|20246013
866392,20424183|20415723|20406349|20370688|20333225|20332419|20307585|20301149|20246068|20246013
866422,4711686006090|4710998000802|4710731060124|4710363382045|4710032601194|4710015103370|4711128668787|4710960892077|4710247005206|4710467221516
866620,20424183|20415723|20406349|20370688|20333225|20332419|20307585|20301149|20246068|20246013
866989,20424183|20415723|20406349|20370688|20333225|20332419|20307585|20301149|20246068|20246013
866996,4711686006090|4710998000802|4710731060124|4710363382045|4710032601194|4710015103370|4711128668787|4710960892077|4710247005206|4710467221516
867467,4711686006090|4710998000802|4710731060124|4710363382045|4710032601194|4710015103370|4711128668787|4710960892077|4710247005206|4710467221516
867948,20424183|20415723|20406349|20370688|20333225|20332419|20307585|20301149|20246068|20246013
868266,20424183|20415723|20406349|20370688|20333225|20332419|20307585|20301149|20246068|20246013
868754,20424183|20415723|20406349|20370688|20333225|20332419|20307585|20301149|20246068|20246013
869058,20424183|20415723|20406349|20370688|20333225|20332419|20307585|20301149|20246068|20246013
869287,4711686006090|4710998000802|4710731060124|4710363382045|4710032601194|4710015103370|4711128668787|4710960892077|4710247005206|4710467221516
869300,20424183|20415723|20406349|20370688|20333225|20332419|20307585|20301149|20246068|20246013
869508,4711686006090|4710998000802|4710731060124|4710363382045|4710032601194|4710015103370|4711128668787|4710960892077|4710247005206|4710467221516
869676,4711686006090|4710998000802|4710731060124|4710363382045|4710032601194|4710015103370|4711128668787|4710960892077|4710247005206|4710467221516
871099,20424183|20415723|20406349|20370688|20333225|20332419|20307585|20301149|20246068|20246013
871716,4711686006090|4710998000802|4710731060124|4710363382045|4710032601194|4710015103370|4711128668787|4710960892077|4710247005206|4710467221516
871907,20424183|20415723|20406349|20370688|20333225|20332419|20307585|20301149|20246068|20246013
874373,20424183|20415723|20406349|20370688|20333225|20332419|20307585|20301149|20246068|20246013
877633,20424183|20415723|20406349|20370688|20333225|20332419|20307585|20301149|20246068|20246013
877749,20424183|20415723|20406349|20370688|20333225|20332419|20307585|20301149|20246068|20246013
878111,4711686006090|4710998000802|4710731060124|4710363382045|4710032601194|4710015103370|4711128668787|4710960892077|4710247005206|4710467221516
878463,20451042|20424183|20415723|20406349|20370688|20333225|20332419|20307585|20301149|20246068
878586,20424183|20415723|20406349|20370688|20333225|20332419|20307585|20301149|20246068|20246013
880015,20424183|20415723|20406349|20370688|20333225|20332419|20307585|20301149|20246068|20246013
880909,4711686006090|4710998000802|4710731060124|4710363382045|4710032601194|4710015103370|4711128668787|4710960892077|4710247005206|4710467221516
880923,20424183|20415723|20406349|20370688|20333225|20332419|20307585|20301149|20246068|20246013
880954,20424183|20415723|20406349|20370688|20333225|20332419|20307585|20301149|20246068|20246013
881548,20424183|20415723|20406349|20370688|20333225|20332419|20307585|20301149|20246068|20246013
881753,20424183|20415723|20406349|20370688|20333225|20332419|20307585|20301149|20246068|20246013
882132,20451042|20424183|20415723|20406349|20370688|20333225|20332419|20307585|20301149|20246068
882682,20424183|20415723|20406349|20370688|20333225|20332419|20307585|20301149|20246068|20246013
882804,20424183|20415723|20406349|20370688|20333225|20332419|20307585|20301149|20246068|20246013
882927,20451042|20424183|20415723|20406349|20370688|20333225|20332419|20301149|20246068|20246013
883344,20424183|20415723|20406349|20370688|20333225|20332419|20307585|20301149|20246068|20246013
883795,20424183|20415723|20406349|20370688|20333225|20332419|20307585|20301149|20246068|20246013
884129,4710088424273|4710043940411|4711524000396|4711524000495|20424183|20415723|20406349|20370688|20333225|20332419
884242,20424183|20415723|20406349|20370688|20333225|20332419|20307585|20301149|20246068|20246013
884310,20424183|20415723|20406349|20370688|20333225|20332419|20307585|20301149|20246068|20246013
884600,4711686006090|4710998000802|4710731060124|4710363382045|4710032601194|4710015103370|4711128668787|4710960892077|4710247005206|4710467221516
884693,20424183|20415723|20406349|20370688|20333225|20332419|20307585|20301149|20246068|20246013
885522,20424183|20415723|20406349|20370688|20333225|20332419|20307585|20301149|20246068|20246013
885591,20424183|20415723|20406349|20370688|20333225|20332419|20307585|20301149|20246068|20246013
885690,20424183|20415723|20406349|20370688|20333225|20332419|20307585|20301149|20246068|20246013
885881,20424183|20415723|20406349|20370688|20333225|20332419|20307585|20301149|20246068|20246013
885973,20424183|20415723|20406349|20370688|20333225|20332419|20307585|20301149|20246068|20246013
886628,4711686006090|4710998000802|4710731060124|4710363382045|4710032601194|4710015103370|4711128668787|4710960892077|4710247005206|4710467221516
886666,20424183|20415723|20406349|20370688|20333225|20332419|20307585|20301149|20246068|20246013
888400,20424183|20415723|20406349|20370688|20333225|20332419|20307585|20301149|20246068|20246013
889193,20424183|20415723|20406349|20370688|20333225|20332419|20307585|20301149|20246068|20246013
889636,20424183|20415723|20406349|20370688|20333225|20332419|20307585|20301149|20246068|20246013
889667,20424183|20415723|20406349|20370688|20333225|20332419|20307585|20301149|20246068|20246013
889735,20424183|20415723|20406349|20370688|20333225|20332419|20307585|20301149|20246068|20246013
889797,4711686006090|4710998000802|4710731060124|4710363382045|4710032601194|4710015103370|4711128668787|4710960892077|4710247005206|4710467221516
889841,4711686006090|4710998000802|4710731060124|4710363382045|4710032601194|4710015103370|4711128668787|4710960892077|4710247005206|4710467221516
889865,20424183|20415723|20406349|20370688|20333225|20332419|20307585|20301149|20246068|20246013
889919,20424183|20415723|20406349|20370688|20333225|20332419|20307585|20301149|20246068|20246013
890557,20424183|20415723|20406349|20370688|20333225|20332419|20307585|20301149|20246068|20246013
890816,4711686006090|4710998000802|4710731060124|4710363382045|4710032601194|4710015103370|4711128668787|4710960892077|4710247005206|4710467221516
890847,20424183|20415723|20406349|20370688|20333225|20332419|20307585|20301149|20246068|20246013
891653,20424183|20415723|20406349|20370688|20333225|20332419|20307585|20301149|20246068|20246013
891691,20424183|20415723|20406349|20370688|20333225|20332419|20307585|20301149|20246068|20246013
891851,20424183|20415723|20406349|20370688|20333225|20332419|20307585|20301149|20246068|20246013
893749,20424183|20415723|20406349|20370688|20333225|20332419|20307585|20301149|20246068|20246013
893824,20424183|20415723|20406349|20370688|20333225|20332419|20307585|20301149|20246068|20246013
894739,20424183|20415723|20406349|20370688|20333225|20332419|20307585|20301149|20246068|20246013
895132,20451042|20424183|20406349|20370688|20333225|20332419|20307585|20301149|20246068|20246013
895651,20424183|20415723|20406349|20370688|20333225|20332419|20307585|20301149|20246068|20246013
897075,20424183|20415723|20406349|20370688|20333225|20332419|20307585|20301149|20246068|20246013
897105,4711686006090|4710998000802|4710731060124|4710363382045|4710032601194|4710015103370|4711128668787|4710960892077|4710247005206|4710467221516
897365,20451042|20424183|20415723|20406349|20370688|20333225|20332419|20307585|20301149|20246013
897679,20424183|20415723|20406349|20370688|20333225|20332419|20307585|20301149|20246068|20246013
897716,20424183|20415723|20406349|20370688|20333225|20332419|20307585|20301149|20246068|20246013
897907,20424183|20415723|20406349|20370688|20333225|20332419|20307585|20301149|20246068|20246013
898584,20424183|20415723|20406349|20370688|20333225|20332419|20307585|20301149|20246068|20246013
898713,4710098162806|4711220111112|4710063333194|4902757160906|4711926724012|4710105045450|4712278884263|4711634000965|47100312|4710998000802
898737,20424183|20415723|20406349|20370688|20333225|20332419|20307585|20301149|20246068|20246013
898935,4711686006090|4710998000802|4710731060124|4710363382045|4710032601194|4710015103370|4711128668787|4710960892077|4710247005206|4710467221516
899468,20424183|20415723|20406349|20370688|20333225|20332419|20307585|20301149|20246068|20246013
899505,4712278884263|4711634000965|47100312|4711686006090|4710998000802|4710731060124|4710363382045|4710247005206|4710032601194|4710015103370
899734,20424183|20415723|20406349|20370688|20333225|20332419|20307585|20301149|20246068|20246013
899796,20424183|20415723|20406349|20370688|20333225|20332419|20307585|20301149|20246068|20246013
899871,4711686006090|4710998000802|4710731060124|4710363382045|4710032601194|4710015103370|4711128668787|4710960892077|4710247005206|4710467221516
900386,4711686006090|4710998000802|4710731060124|4710363382045|4710032601194|4710015103370|4711128668787|4710960892077|4710247005206|4710467221516
900393,20424183|20415723|20406349|20370688|20333225|20332419|20307585|20301149|20246068|20246013
900416,20424183|20415723|20406349|20370688|20333225|20332419|20307585|20301149|20246068|20246013
900447,20424183|20415723|20406349|20370688|20333225|20332419|20307585|20301149|20246068|20246013
900638,4712019100607|4710719000333|4710047502011|20424183|20415723|20406349|20370688|20333225|20332419|20307585
900676,4712278884263|4711634000965|47100312|4711686006090|4710998000802|4710731060124|4710363382045|4710247005206|4710032601194|4710015103370
901086,20424183|20415723|20406349|20370688|20333225|20332419|20307585|20301149|20246068|20246013
901116,4719090701051|4719090900058|20451042|20424183|20415723|20406349|20370688|20333225|20332419|20301149
901406,20424183|20415723|20406349|20370688|20333225|20332419|20307585|20301149|20246068|20246013
901413,20451042|20424183|20406349|20370688|20333225|20332419|20307585|20301149|20246068|20246013
901529,20424183|20415723|20406349|20370688|20333225|20332419|20307585|20301149|20246068|20246013
901604,20424183|20415723|20406349|20370688|20333225|20332419|20307585|20301149|20246068|20246013
902038,20424183|20415723|20406349|20370688|20333225|20332419|20307585|20301149|20246068|20246013
902076,20424183|20415723|20406349|20370688|20333225|20332419|20307585|20301149|20246068|20246013
902090,20424183|20415723|20406349|20370688|20333225|20332419|20307585|20301149|20246068|20246013
902311,20424183|20415723|20406349|20370688|20333225|20332419|20307585|20301149|20246068|20246013
902540,20424183|20415723|20406349|20370688|20333225|20332419|20307585|20301149|20246068|20246013
902748,20424183|20415723|20406349|20370688|20333225|20332419|20307585|20301149|20246068|20246013
902755,20424183|20415723|20406349|20370688|20333225|20332419|20307585|20301149|20246068|20246013
902878,20424183|20415723|20406349|20370688|20333225|20332419|20307585|20301149|20246068|20246013
903042,20424183|20415723|20406349|20370688|20333225|20332419|20307585|20301149|20246068|20246013
903356,20424183|20415723|20406349|20370688|20333225|20332419|20307585|20301149|20246068|20246013
903363,20424183|20415723|20406349|20370688|20333225|20332419|20307585|20301149|20246068|20246013
903974,20424183|20415723|20406349|20370688|20333225|20332419|20307585|20301149|20246068|20246013
904018,20424183|20415723|20406349|20370688|20333225|20332419|20307585|20301149|20246068|20246013
904025,20424183|20415723|20406349|20370688|20333225|20332419|20307585|20301149|20246068|20246013
904292,20424183|20415723|20406349|20370688|20333225|20332419|20307585|20301149|20246068|20246013
904391,20424183|20415723|20406349|20370688|20333225|20332419|20307585|20301149|20246068|20246013
904421,20424183|20415723|20406349|20370688|20333225|20332419|20307585|20301149|20246068|20246013
904438,20424183|20415723|20406349|20370688|20333225|20332419|20307585|20301149|20246068|20246013
904445,20424183|20415723|20406349|20370688|20333225|20332419|20307585|20301149|20246068|20246013
904483,4711686006090|4710998000802|4710731060124|4710363382045|4710032601194|4710015103370|4711128668787|4710960892077|4710247005206|4710467221516
904582,4711686006090|4710998000802|4710731060124|4710363382045|4710032601194|4710015103370|4711128668787|4710960892077|4710247005206|4710467221516
904988,20424183|20415723|20406349|20370688|20333225|20332419|20307585|20301149|20246068|20246013
905084,20424183|20415723|20406349|20370688|20333225|20332419|20307585|20301149|20246068|20246013
905176,20424183|20415723|20406349|20370688|20333225|20332419|20307585|20301149|20246068|20246013
905275,20424183|20415723|20406349|20370688|20333225|20332419|20307585|20301149|20246068|20246013
905558,4903111345717|4716617500036|4710515533028|4710012123012|4711524000471|4711524000419|4711524000457|4711524000396|8801687000206|4710105045313
905565,20424183|20415723|20406349|20370688|20333225|20332419|20307585|20301149|20246068|20246013
905602,20424183|20415723|20406349|20370688|20333225|20332419|20307585|20301149|20246068|20246013
905664,20424183|20415723|20406349|20370688|20333225|20332419|20307585|20301149|20246068|20246013
905930,20424183|20415723|20406349|20370688|20333225|20332419|20307585|20301149|20246068|20246013
905954,4710154018054|20451042|20424183|20415723|20406349|20370688|20333225|20332419|20301149|20246068
906050,4711686006090|4710998000802|4710731060124|4710363382045|4710032601194|4710015103370|4711128668787|4710960892077|4710247005206|4710467221516
906265,20514235|20451042|20424183|20415723|20370688|20333225|20307585|20301149|20246068|20246013
906456,20333225|4710088436191|4710105045450|4711080040195|4710105045443|4714981010038|20451042|20424183|20406349|20370688
906463,20424183|20415723|20406349|20370688|20333225|20332419|20307585|20301149|20246068|20246013
906739,4711686006090|4710998000802|4710731060124|4710363382045|4710032601194|4710015103370|4711128668787|4710960892077|4710247005206|4710467221516
906784,20424183|20415723|20406349|20370688|20333225|20332419|20307585|20301149|20246068|20246013
906920,4710247001765|4711524000907|4710011432856|4902556125205|4719862260410|4710857000042|4710126392199|4710011401135|4713985863121|4710357343700
906968,20424183|20415723|20406349|20370688|20333225|20332419|20307585|20301149|20246068|20246013
907033,4715874000532|4710126010116|4711022100017|4719090790017|4719090790000|4714981010038|20424183|20415723|20406349|20370688
907248,20424183|20415723|20406349|20370688|20333225|20332419|20307585|20301149|20246068|20246013
907316,20424183|20415723|20406349|20370688|20333225|20332419|20307585|20301149|20246068|20246013
907378,4712278884263|4711634000965|47100312|4711686006090|4710998000802|4710731060124|4710363382045|4710247005206|4710032601194|4710015103370
907606,4714242832669|4710088436542|4710632001356|4710032501791|20424183|20415723|20406349|20370688|20333225|20332419
907613,4711686006090|4710998000802|4710731060124|4710363382045|4710032601194|4710015103370|4711128668787|4710960892077|4710247005206|4710467221516
907750,20424183|20415723|20406349|20370688|20333225|20332419|20307585|20301149|20246068|20246013
907811,20424183|20415723|20406349|20370688|20333225|20332419|20307585|20301149|20246068|20246013
907828,20424183|20415723|20406349|20370688|20333225|20332419|20307585|20301149|20246068|20246013
908634,20424183|20415723|20406349|20370688|20333225|20332419|20307585|20301149|20246068|20246013
909273,20424183|20415723|20406349|20370688|20333225|20332419|20307585|20301149|20246068|20246013
909280,20424183|20415723|20406349|20370688|20333225|20332419|20307585|20301149|20246068|20246013
909303,20424183|20415723|20406349|20370688|20333225|20332419|20307585|20301149|20246068|20246013
909327,20424183|20415723|20406349|20370688|20333225|20332419|20307585|20301149|20246068|20246013
909334,20424183|20415723|20406349|20370688|20333225|20332419|20307585|20301149|20246068|20246013
909952,4711686006090|4710998000802|4710731060124|4710363382045|4710032601194|4710015103370|4711128668787|4710960892077|4710247005206|4710467221516
910057,20424183|20415723|20406349|20370688|20333225|20332419|20307585|20301149|20246068|20246013
910231,20424183|20415723|20406349|20370688|20333225|20332419|20307585|20301149|20246068|20246013
910378,20424183|20415723|20406349|20370688|20333225|20332419|20307585|20301149|20246068|20246013
911061,20424183|20415723|20406349|20370688|20333225|20332419|20307585|20301149|20246068|20246013
911306,20424183|20415723|20406349|20370688|20333225|20332419|20307585|20301149|20246068|20246013
911429,20424183|20415723|20406349|20370688|20333225|20332419|20307585|20301149|20246068|20246013
911474,20424183|20415723|20406349|20370688|20333225|20332419|20307585|20301149|20246068|20246013
911665,20424183|20415723|20406349|20370688|20333225|20332419|20307585|20301149|20246068|20246013
911726,4711686006090|4710998000802|4710731060124|4710363382045|4710032601194|4710015103370|4711128668787|4710960892077|4710247005206|4710467221516
911863,4710191020003|4710452110115|4710290004096|4710088432353|20424183|20415723|20406349|20370688|20333225|20332419
911955,20424183|20415723|20406349|20370688|20333225|20332419|20307585|20301149|20246068|20246013
912037,20424183|20415723|20406349|20370688|20333225|20332419|20307585|20301149|20246068|20246013
912273,20424183|20415723|20406349|20370688|20333225|20332419|20307585|20301149|20246068|20246013
912488,20424183|20415723|20406349|20370688|20333225|20332419|20307585|20301149|20246068|20246013
912600,4711686006090|4710998000802|4710731060124|4710363382045|4710032601194|4710015103370|4711128668787|4710960892077|4710247005206|4710467221516
912877,20424183|20415723|20406349|20370688|20333225|20332419|20307585|20301149|20246068|20246013
912907,20424183|20415723|20406349|20370688|20333225|20332419|20307585|20301149|20246068|20246013
912990,20424183|20415723|20406349|20370688|20333225|20332419|20307585|20301149|20246068|20246013
913027,20424183|20415723|20406349|20370688|20333225|20332419|20307585|20301149|20246068|20246013
913263,20424183|20415723|20406349|20370688|20333225|20332419|20307585|20301149|20246068|20246013
913386,9555037202039|9310155412520|4901005202702|4712500125126|4711128668787|4710960892077|4710323168054|4710294610811|4710018031632|20553418
913447,4711686006090|4710998000802|4710731060124|4710363382045|4710032601194|4710015103370|4711128668787|4710960892077|4710247005206|4710467221516
913638,20451042|20424183|20415723|20406349|20370688|20333225|20332419|20307585|20301149|20246068
913751,20424183|20415723|20406349|20370688|20333225|20332419|20307585|20301149|20246068|20246013
913850,20424183|20415723|20406349|20370688|20333225|20332419|20307585|20301149|20246068|20246013
914116,20424183|20415723|20406349|20370688|20333225|20332419|20307585|20301149|20246068|20246013
914123,20424183|20415723|20406349|20370688|20333225|20332419|20307585|20301149|20246068|20246013
914208,20424183|20415723|20406349|20370688|20333225|20332419|20307585|20301149|20246068|20246013
914635,20424183|20415723|20406349|20370688|20333225|20332419|20307585|20301149|20246068|20246013
914840,37000329169|4711634000460|4710722000474|37000440147|9300644131759|4710105011011|4711128668787|4710960892077|4710583910004|47106710
914925,20424183|20415723|20406349|20370688|20333225|20332419|20307585|20301149|20246068|20246013
915014,4711686006090|4710998000802|4710731060124|4710363382045|4710032601194|4710015103370|4711128668787|4710960892077|4710247005206|4710467221516
915236,20424183|20415723|20406349|20370688|20333225|20332419|20307585|20301149|20246068|20246013
915328,4711686006090|4710998000802|4710731060124|4710363382045|4710032601194|4710015103370|4711128668787|4710960892077|4710247005206|4710467221516
915335,20424183|20415723|20406349|20370688|20333225|20332419|20307585|20301149|20246068|20246013
915397,20424183|20415723|20406349|20370688|20333225|20332419|20307585|20301149|20246068|20246013
915502,20424183|20415723|20406349|20370688|20333225|20332419|20307585|20301149|20246068|20246013
915632,20424183|20415723|20406349|20370688|20333225|20332419|20307585|20301149|20246068|20246013
915885,4711686006090|4710998000802|4710731060124|4710363382045|4710032601194|4710015103370|4711128668787|4710960892077|4710247005206|4710467221516
915892,20424183|20415723|20406349|20370688|20333225|20332419|20307585|20301149|20246068|20246013
915977,4711686006090|4710998000802|4710731060124|4710363382045|4710032601194|4710015103370|4711128668787|4710960892077|4710247005206|4710467221516
916196,20424183|20415723|20406349|20370688|20333225|20332419|20307585|20301149|20246068|20246013
916233,4711686006090|4710998000802|4710731060124|4710363382045|4710032601194|4710015103370|4711128668787|4710960892077|4710247005206|4710467221516
916264,20424183|20415723|20406349|20370688|20333225|20332419|20307585|20301149|20246068|20246013
916301,20424183|20415723|20406349|20370688|20333225|20332419|20307585|20301149|20246068|20246013
916325,20424183|20415723|20406349|20370688|20333225|20332419|20307585|20301149|20246068|20246013
916707,20424183|20415723|20406349|20370688|20333225|20332419|20307585|20301149|20246068|20246013
916899,20424183|20415723|20406349|20370688|20333225|20332419|20307585|20301149|20246068|20246013
917292,4710105011011|4711128668787|4710960892077|4710583910004|4710362010093|4710467221516|4711163000603|4710088414328|4710043981513|37000440192
917391,20424183|20415723|20406349|20370688|20333225|20332419|20307585|20301149|20246068|20246013
917414,20424183|20415723|20406349|20370688|20333225|20332419|20307585|20301149|20246068|20246013
917605,20424183|20415723|20406349|20370688|20333225|20332419|20307585|20301149|20246068|20246013
917629,20424183|20415723|20406349|20370688|20333225|20332419|20307585|20301149|20246068|20246013
917667,20424183|20415723|20406349|20370688|20333225|20332419|20307585|20301149|20246068|20246013
917674,4710088434258|8007150511013|4710088430922|4711524001041|4710290007011|4710022102892|4710088432476|4710105051642|4711524000471|4710857472634
919265,20424183|20415723|20406349|20370688|20333225|20332419|20307585|20301149|20246068|20246013
919289,20424183|20415723|20406349|20370688|20333225|20332419|20307585|20301149|20246068|20246013
919340,20424183|20415723|20406349|20370688|20333225|20332419|20307585|20301149|20246068|20246013
919357,4711686006090|4710998000802|4710731060124|4710363382045|4710032601194|4710015103370|4711128668787|4710960892077|4710247005206|4710467221516
919425,20424183|20415723|20406349|20370688|20333225|20332419|20307585|20301149|20246068|20246013
919937,20424183|20415723|20406349|20370688|20333225|20332419|20307585|20301149|20246068|20246013
920308,4715874000532|4710126010116|4710036038033|4719090790017|4719090790000|4711080010112|4714981010038|20424183|20415723|20406349
920315,20424183|20415723|20406349|20370688|20333225|20332419|20307585|20301149|20246068|20246013
920353,20424183|20415723|20406349|20370688|20333225|20332419|20307585|20301149|20246068|20246013
920407,20424183|20415723|20406349|20370688|20333225|20332419|20307585|20301149|20246068|20246013
920490,20424183|20415723|20406349|20370688|20333225|20332419|20307585|20301149|20246068|20246013
920667,4711686006090|4710998000802|4710731060124|4710363382045|4710032601194|4710015103370|4711128668787|4710960892077|4710247005206|4710467221516
920896,20424183|20415723|20406349|20370688|20333225|20332419|20307585|20301149|20246068|20246013
920971,20424183|20415723|20406349|20370688|20333225|20332419|20307585|20301149|20246068|20246013
921343,20424183|20415723|20406349|20370688|20333225|20332419|20307585|20301149|20246068|20246013
921435,20424183|20415723|20406349|20370688|20333225|20332419|20307585|20301149|20246068|20246013
921480,4711686006090|4710998000802|4710731060124|4710363382045|4710032601194|4710015103370|4711128668787|4710960892077|4710247005206|4710467221516
921527,4711686006090|4710998000802|4710731060124|4710363382045|4710032601194|4710015103370|4711128668787|4710960892077|4710247005206|4710467221516
921688,20424183|20415723|20406349|20370688|20333225|20332419|20307585|20301149|20246068|20246013
921732,20424183|20415723|20406349|20370688|20333225|20332419|20307585|20301149|20246068|20246013
921763,20424183|20415723|20406349|20370688|20333225|20332419|20307585|20301149|20246068|20246013
921930,20424183|20415723|20406349|20370688|20333225|20332419|20307585|20301149|20246068|20246013
921985,20424183|20415723|20406349|20370688|20333225|20332419|20307585|20301149|20246068|20246013
922050,20451042|20424183|20415723|20406349|20370688|20333225|20332419|20301149|20246068|20246013
922494,20424183|20415723|20406349|20370688|20333225|20332419|20307585|20301149|20246068|20246013
922500,20424183|20415723|20406349|20370688|20333225|20332419|20307585|20301149|20246068|20246013
922579,20424183|20415723|20406349|20370688|20333225|20332419|20307585|20301149|20246068|20246013
922609,4711686006090|4710998000802|4710731060124|4710363382045|4710032601194|4710015103370|4711128668787|4710960892077|4710247005206|4710467221516
922746,20424183|20415723|20406349|20370688|20333225|20332419|20307585|20301149|20246068|20246013
922869,20424183|20415723|20406349|20370688|20333225|20332419|20307585|20301149|20246068|20246013
922999,20424183|20415723|20406349|20370688|20333225|20332419|20307585|20301149|20246068|20246013
923422,20424183|20415723|20406349|20370688|20333225|20332419|20307585|20301149|20246068|20246013
923446,20424183|20415723|20406349|20370688|20333225|20332419|20307585|20301149|20246068|20246013
923873,20424183|20415723|20406349|20370688|20333225|20332419|20307585|20301149|20246068|20246013
923897,4711686006090|4710998000802|4710731060124|4710363382045|4710032601194|4710015103370|4711128668787|4710960892077|4710247005206|4710467221516
923910,4711686006090|4710998000802|4710731060124|4710431330282|4710363382045|4710247005206|4710032601194|4710015103370|20563554|20515768
924023,20424183|20415723|20406349|20370688|20333225|20332419|20307585|20301149|20246068|20246013
924351,20424183|20415723|20406349|20370688|20333225|20332419|20307585|20301149|20246068|20246013
924368,20451042|20424183|20415723|20406349|20370688|20333225|20307585|20301149|20246068|20246013
924382,20424183|20415723|20406349|20370688|20333225|20332419|20307585|20301149|20246068|20246013
924405,4710126152007|4710095958006|4718057701769|4710085120680|37000337270|4714276280061|20424183|20415723|20406349|20370688
924474,20424183|20415723|20406349|20370688|20333225|20332419|20307585|20301149|20246068|20246013
924573,4711686006090|4710998000802|4710731060124|4710363382045|4710032601194|4710015103370|4711128668787|4710960892077|4710247005206|4710467221516
924597,20424183|20415723|20406349|20370688|20333225|20332419|20307585|20301149|20246068|20246013
924733,20424183|20415723|20406349|20370688|20333225|20332419|20307585|20301149|20246068|20246013
924740,20424183|20415723|20406349|20370688|20333225|20332419|20307585|20301149|20246068|20246013
924887,20424183|20415723|20406349|20370688|20333225|20332419|20307585|20301149|20246068|20246013
925013,20424183|20415723|20406349|20370688|20333225|20332419|20307585|20301149|20246068|20246013
925037,20424183|20415723|20406349|20370688|20333225|20332419|20307585|20301149|20246068|20246013
925143,4711686006090|4710998000802|4710731060124|4710363382045|4710032601194|4710015103370|4711128668787|4710960892077|4710247005206|4710467221516
925365,20424183|20415723|20406349|20370688|20333225|20332419|20307585|20301149|20246068|20246013
925402,20424183|20415723|20406349|20370688|20333225|20332419|20307585|20301149|20246068|20246013
925549,20424183|20415723|20406349|20370688|20333225|20332419|20307585|20301149|20246068|20246013
925679,20424183|20415723|20406349|20370688|20333225|20332419|20307585|20301149|20246068|20246013
925709,20424183|20415723|20406349|20370688|20333225|20332419|20307585|20301149|20246068|20246013
925822,20424183|20415723|20406349|20370688|20333225|20332419|20307585|20301149|20246068|20246013
925860,20424183|20415723|20406349|20370688|20333225|20332419|20307585|20301149|20246068|20246013
926140,20424183|20415723|20406349|20370688|20333225|20332419|20307585|20301149|20246068|20246013
926171,20424183|20415723|20406349|20370688|20333225|20332419|20307585|20301149|20246068|20246013
926379,20424183|20415723|20406349|20370688|20333225|20332419|20307585|20301149|20246068|20246013
926713,20424183|20415723|20406349|20370688|20333225|20332419|20307585|20301149|20246068|20246013
926768,4716462008022|4710247006562|4710105020327|4710105011011|4710105026411|4710105015118|4711080010112|20424183|20415723|20406349
926867,20424183|20415723|20406349|20370688|20333225|20332419|20307585|20301149|20246068|20246013
926973,20451042|20424183|20415723|20406349|20370688|20333225|20332419|20307585|20301149|20246013
926997,20424183|20415723|20406349|20370688|20333225|20332419|20307585|20301149|20246068|20246013
927093,20424183|20415723|20406349|20370688|20333225|20332419|20307585|20301149|20246068|20246013
927628,20424183|20415723|20406349|20370688|20333225|20332419|20307585|20301149|20246068|20246013
928106,20424183|20415723|20406349|20370688|20333225|20332419|20307585|20301149|20246068|20246013
928144,20424183|20415723|20406349|20370688|20333225|20332419|20307585|20301149|20246068|20246013
928250,4711686006090|4710998000802|4710731060124|4710363382045|4710032601194|4710015103370|4711128668787|4710960892077|4710247005206|4710467221516
928649,20424183|20415723|20406349|20370688|20333225|20332419|20307585|20301149|20246068|20246013
928724,4712278884263|4711634000965|47100312|4711686006090|4710998000802|4710731060124|4710363382045|4710247005206|4710032601194|4710015103370
929141,4711686006090|4710998000802|4710731060124|4710363382045|4710032601194|4710015103370|4711128668787|4710960892077|4710247005206|4710467221516
929202,20424183|20415723|20406349|20370688|20333225|20332419|20307585|20301149|20246068|20246013
929431,4711686006090|4710998000802|4710731060124|4710363382045|4710032601194|4710015103370|4711128668787|4710960892077|4710247005206|4710467221516
929707,20424183|20415723|20406349|20370688|20333225|20332419|20307585|20301149|20246068|20246013
929813,4711686006090|4710998000802|4710731060124|4710363382045|4710032601194|4710015103370|4711128668787|4710960892077|4710247005206|4710467221516
930079,4711686006090|4710998000802|4710731060124|4710363382045|4710032601194|4710015103370|4711128668787|4710960892077|4710247005206|4710467221516
930307,20424183|20415723|20406349|20370688|20333225|20332419|20307585|20301149|20246068|20246013
930543,20424183|20415723|20406349|20370688|20333225|20332419|20307585|20301149|20246068|20246013
930574,20424183|20415723|20406349|20370688|20333225|20332419|20307585|20301149|20246068|20246013
930758,20424183|20415723|20406349|20370688|20333225|20332419|20307585|20301149|20246068|20246013
930819,20424183|20415723|20406349|20370688|20333225|20332419|20307585|20301149|20246068|20246013
931212,20424183|20415723|20406349|20370688|20333225|20332419|20307585|20301149|20246068|20246013
931281,20424183|20415723|20406349|20370688|20333225|20332419|20307585|20301149|20246068|20246013
931328,4711686006090|4710998000802|4710731060124|4710363382045|4710032601194|4710015103370|4711128668787|4710960892077|4710247005206|4710467221516
931366,20424183|20415723|20406349|20370688|20333225|20332419|20307585|20301149|20246068|20246013
931465,20424183|20415723|20406349|20370688|20333225|20332419|20307585|20301149|20246068|20246013
931618,20424183|20415723|20406349|20370688|20333225|20332419|20307585|20301149|20246068|20246013
931809,20424183|20415723|20406349|20370688|20333225|20332419|20307585|20301149|20246068|20246013
932028,20424183|20415723|20406349|20370688|20333225|20332419|20307585|20301149|20246068|20246013
932080,20424183|20415723|20406349|20370688|20333225|20332419|20307585|20301149|20246068|20246013
932974,20424183|20415723|20406349|20370688|20333225|20332419|20307585|20301149|20246068|20246013
933438,20424183|20415723|20406349|20370688|20333225|20332419|20307585|20301149|20246068|20246013
933629,20424183|20415723|20406349|20370688|20333225|20332419|20307585|20301149|20246068|20246013
933780,20424183|20415723|20406349|20370688|20333225|20332419|20307585|20301149|20246068|20246013
933889,20424183|20415723|20406349|20370688|20333225|20332419|20307585|20301149|20246068|20246013
933988,20424183|20415723|20406349|20370688|20333225|20332419|20307585|20301149|20246068|20246013
934206,4711686006090|4710998000802|4710731060124|4710363382045|4710032601194|4710015103370|4711128668787|4710960892077|4710247005206|4710467221516
934367,20424183|20415723|20406349|20370688|20333225|20332419|20307585|20301149|20246068|20246013
934473,20424183|20415723|20406349|20370688|20333225|20332419|20307585|20301149|20246068|20246013
934572,20424183|20415723|20406349|20370688|20333225|20332419|20307585|20301149|20246068|20246013
934688,20424183|20415723|20406349|20370688|20333225|20332419|20307585|20301149|20246068|20246013
934756,20424183|20415723|20406349|20370688|20333225|20332419|20307585|20301149|20246068|20246013
934862,20424183|20415723|20406349|20370688|20333225|20332419|20307585|20301149|20246068|20246013
935111,20424183|20415723|20406349|20370688|20333225|20332419|20307585|20301149|20246068|20246013
935500,20424183|20415723|20406349|20370688|20333225|20332419|20307585|20301149|20246068|20246013
935623,20424183|20415723|20406349|20370688|20333225|20332419|20307585|20301149|20246068|20246013
935739,4711686006090|4710998000802|4710731060124|4710363382045|4710032601194|4710015103370|4711128668787|4710960892077|4710247005206|4710467221516
936071,20424183|20415723|20406349|20370688|20333225|20332419|20307585|20301149|20246068|20246013
936224,20424183|20415723|20406349|20370688|20333225|20332419|20307585|20301149|20246068|20246013
936675,20424183|20415723|20406349|20370688|20333225|20332419|20307585|20301149|20246068|20246013
937115,20424183|20415723|20406349|20370688|20333225|20332419|20307585|20301149|20246068|20246013
937436,20424183|20415723|20406349|20370688|20333225|20332419|20307585|20301149|20246068|20246013
937474,20424183|20415723|20406349|20370688|20333225|20332419|20307585|20301149|20246068|20246013
937504,4711686006090|4710998000802|4710731060124|4710363382045|4710032601194|4710015103370|4711128668787|4710960892077|4710247005206|4710467221516
937511,20424183|20415723|20406349|20370688|20333225|20332419|20307585|20301149|20246068|20246013
937535,20424183|20415723|20406349|20370688|20333225|20332419|20307585|20301149|20246068|20246013
937542,20451042|20424183|20415723|20370688|20333225|20332419|20307585|20301149|20246068|20246013
937788,20424183|20415723|20406349|20370688|20333225|20332419|20307585|20301149|20246068|20246013
938112,20424183|20415723|20406349|20370688|20333225|20332419|20307585|20301149|20246068|20246013
938488,20424183|20415723|20406349|20370688|20333225|20332419|20307585|20301149|20246068|20246013
938570,20424183|20415723|20406349|20370688|20333225|20332419|20307585|20301149|20246068|20246013
938600,4712278884263|4711634000965|47100312|4711686006090|4710998000802|4710731060124|4710363382045|4710247005206|4710032601194|4710015103370
939744,20424183|20415723|20406349|20370688|20333225|20332419|20307585|20301149|20246068|20246013
939782,20424183|20415723|20406349|20370688|20333225|20332419|20307585|20301149|20246068|20246013
940115,20424183|20415723|20406349|20370688|20333225|20332419|20307585|20301149|20246068|20246013
940627,4711686006090|4710998000802|4710731060124|4710363382045|4710032601194|4710015103370|4711128668787|4710960892077|4710247005206|4710467221516
941167,20424183|20415723|20406349|20370688|20333225|20332419|20307585|20301149|20246068|20246013
941440,20424183|20415723|20406349|20370688|20333225|20332419|20307585|20301149|20246068|20246013
941648,20424183|20415723|20406349|20370688|20333225|20332419|20307585|20301149|20246068|20246013
941884,20424183|20415723|20406349|20370688|20333225|20332419|20307585|20301149|20246068|20246013
942218,20424183|20415723|20406349|20370688|20333225|20332419|20307585|20301149|20246068|20246013
942294,4711686006090|4710998000802|4710731060124|4710363382045|4710032601194|4710015103370|4711128668787|4710960892077|4710247005206|4710467221516
942393,4712494215773|4710105020310|4710105020358|4014400901573|20424183|20415723|20406349|20370688|20333225|20332419
942515,4711686006090|4710998000802|4710731060124|4710363382045|4710032601194|4710015103370|4711128668787|4710960892077|4710247005206|4710467221516
942560,20424183|20415723|20406349|20370688|20333225|20332419|20307585|20301149|20246068|20246013
942621,20424183|20415723|20406349|20370688|20333225|20332419|20307585|20301149|20246068|20246013
943284,20451042|20424183|20415723|20406349|20370688|20333225|20307585|20301149|20246068|20246013
943611,20424183|20415723|20406349|20370688|20333225|20332419|20307585|20301149|20246068|20246013
943819,20424183|20415723|20406349|20370688|20333225|20332419|20307585|20301149|20246068|20246013
944212,20424183|20415723|20406349|20370688|20333225|20332419|20307585|20301149|20246068|20246013
944250,20424183|20415723|20406349|20370688|20333225|20332419|20307585|20301149|20246068|20246013
944342,4711686006090|4710998000802|4710731060124|4710363382045|4710032601194|4710015103370|4711128668787|4710960892077|4710247005206|4710467221516
944540,20424183|20415723|20406349|20370688|20333225|20332419|20307585|20301149|20246068|20246013
944663,20424183|20415723|20406349|20370688|20333225|20332419|20307585|20301149|20246068|20246013
945028,20424183|20415723|20406349|20370688|20333225|20332419|20307585|20301149|20246068|20246013
945592,20424183|20415723|20406349|20370688|20333225|20332419|20307585|20301149|20246068|20246013
946544,20424183|20415723|20406349|20370688|20333225|20332419|20307585|20301149|20246068|20246013
946698,20424183|20415723|20406349|20370688|20333225|20332419|20307585|20301149|20246068|20246013
947596,20424183|20415723|20406349|20370688|20333225|20332419|20307585|20301149|20246068|20246013
947985,20424183|20415723|20406349|20370688|20333225|20332419|20307585|20301149|20246068|20246013
948364,20424183|20415723|20406349|20370688|20333225|20332419|20307585|20301149|20246068|20246013
948401,20424183|20415723|20406349|20370688|20333225|20332419|20307585|20301149|20246068|20246013
948432,20424183|20415723|20406349|20370688|20333225|20332419|20307585|20301149|20246068|20246013
948555,20424183|20415723|20406349|20370688|20333225|20332419|20307585|20301149|20246068|20246013
948579,20424183|20415723|20406349|20370688|20333225|20332419|20307585|20301149|20246068|20246013
948821,20424183|20415723|20406349|20370688|20333225|20332419|20307585|20301149|20246068|20246013
948852,20424183|20415723|20406349|20370688|20333225|20332419|20307585|20301149|20246068|20246013
949286,4711686006090|4710998000802|4710731060124|4710363382045|4710032601194|4710015103370|4711128668787|4710960892077|4710247005206|4710467221516
949576,20424183|20415723|20406349|20370688|20333225|20332419|20307585|20301149|20246068|20246013
950138,20424183|20415723|20406349|20370688|20333225|20332419|20307585|20301149|20246068|20246013
950145,20424183|20415723|20406349|20370688|20333225|20332419|20307585|20301149|20246068|20246013
950411,20424183|20415723|20406349|20370688|20333225|20332419|20307585|20301149|20246068|20246013
950442,20424183|20415723|20406349|20370688|20333225|20332419|20307585|20301149|20246068|20246013
950527,20424183|20415723|20406349|20370688|20333225|20332419|20307585|20301149|20246068|20246013
950565,20333225|4710105045221|4710088443328|4710105031613|4972045758337|4710583996008|4710063312120|4710088434043|4710583350701|4710098162806
950749,20424183|20415723|20406349|20370688|20333225|20332419|20307585|20301149|20246068|20246013
950763,20424183|20415723|20406349|20370688|20333225|20332419|20307585|20301149|20246068|20246013
950817,20424183|20415723|20406349|20370688|20333225|20332419|20307585|20301149|20246068|20246013
951319,20424183|20415723|20406349|20370688|20333225|20332419|20307585|20301149|20246068|20246013
951326,20424183|20415723|20406349|20370688|20333225|20332419|20307585|20301149|20246068|20246013
951777,20424183|20415723|20406349|20370688|20333225|20332419|20307585|20301149|20246068|20246013
952309,20424183|20415723|20406349|20370688|20333225|20332419|20307585|20301149|20246068|20246013
952323,20424183|20415723|20406349|20370688|20333225|20332419|20307585|20301149|20246068|20246013
952477,20424183|20415723|20406349|20370688|20333225|20332419|20307585|20301149|20246068|20246013
952507,20424183|20415723|20406349|20370688|20333225|20332419|20307585|20301149|20246068|20246013
952521,20424183|20415723|20406349|20370688|20333225|20332419|20307585|20301149|20246068|20246013
952675,20424183|20415723|20406349|20370688|20333225|20332419|20307585|20301149|20246068|20246013
952712,20424183|20415723|20406349|20370688|20333225|20332419|20307585|20301149|20246068|20246013
952798,20424183|20415723|20406349|20370688|20333225|20332419|20307585|20301149|20246068|20246013
952934,20424183|20415723|20406349|20370688|20333225|20332419|20307585|20301149|20246068|20246013
955003,20424183|20415723|20406349|20370688|20333225|20332419|20307585|20301149|20246068|20246013
955027,20424183|20415723|20406349|20370688|20333225|20332419|20307585|20301149|20246068|20246013
955188,20424183|20415723|20406349|20370688|20333225|20332419|20307585|20301149|20246068|20246013
955225,20424183|20415723|20406349|20370688|20333225|20332419|20307585|20301149|20246068|20246013
955331,20424183|20415723|20406349|20370688|20333225|20332419|20307585|20301149|20246068|20246013
955348,20424183|20415723|20406349|20370688|20333225|20332419|20307585|20301149|20246068|20246013
955591,20424183|20415723|20406349|20370688|20333225|20332419|20307585|20301149|20246068|20246013
955829,20424183|20415723|20406349|20370688|20333225|20332419|20307585|20301149|20246068|20246013
955966,20424183|20415723|20406349|20370688|20333225|20332419|20307585|20301149|20246068|20246013
956031,20424183|20415723|20406349|20370688|20333225|20332419|20307585|20301149|20246068|20246013
956222,20424183|20415723|20406349|20370688|20333225|20332419|20307585|20301149|20246068|20246013
956260,20424183|20415723|20406349|20370688|20333225|20332419|20307585|20301149|20246068|20246013
956307,4711686006090|4710998000802|4710731060124|4710363382045|4710032601194|4710015103370|4711128668787|4710960892077|4710247005206|4710467221516
956338,20424183|20415723|20406349|20370688|20333225|20332419|20307585|20301149|20246068|20246013
956697,20424183|20415723|20406349|20370688|20333225|20332419|20307585|20301149|20246068|20246013
957694,20424183|20415723|20406349|20370688|20333225|20332419|20307585|20301149|20246068|20246013
957748,20424183|20415723|20406349|20370688|20333225|20332419|20307585|20301149|20246068|20246013
957755,20424183|20415723|20406349|20370688|20333225|20332419|20307585|20301149|20246068|20246013
957861,4711686006090|4710998000802|4710731060124|4710363382045|4710032601194|4710015103370|4711128668787|4710960892077|4710247005206|4710467221516
957885,4715874000532|4710126010116|4711022100017|4719090790017|4719090790000|20424183|20415723|20406349|20370688|20333225
958028,20424183|20415723|20406349|20370688|20333225|20332419|20307585|20301149|20246068|20246013
958080,20424183|20415723|20406349|20370688|20333225|20332419|20307585|20301149|20246068|20246013
958448,4711686006090|4710998000802|4710731060124|4710363382045|4710032601194|4710015103370|4711128668787|4710960892077|4710247005206|4710467221516
958752,20424183|20415723|20406349|20370688|20333225|20332419|20307585|20301149|20246068|20246013
959049,20424183|20415723|20406349|20370688|20333225|20332419|20307585|20301149|20246068|20246013
959971,20424183|20415723|20406349|20370688|20333225|20332419|20307585|20301149|20246068|20246013
960076,20424183|20415723|20406349|20370688|20333225|20332419|20307585|20301149|20246068|20246013
960427,20424183|20415723|20406349|20370688|20333225|20332419|20307585|20301149|20246068|20246013
960434,20424183|20415723|20406349|20370688|20333225|20332419|20307585|20301149|20246068|20246013
960496,4711686006090|4710998000802|4710731060124|4710363382045|4710032601194|4710015103370|4711128668787|4710960892077|4710247005206|4710467221516
960502,20424183|20415723|20406349|20370688|20333225|20332419|20307585|20301149|20246068|20246013
960915,4711686006090|4710998000802|4710731060124|4710363382045|4710032601194|4710015103370|4711128668787|4710960892077|4710247005206|4710467221516
961554,4715874000228|4710722000474|4711634002587|4719090701051|20424183|20415723|20406349|20370688|20333225|20332419
961707,20424183|20415723|20406349|20370688|20333225|20332419|20307585|20301149|20246068|20246013
961837,4711686006090|4710998000802|4710731060124|4710363382045|4710032601194|4710015103370|4711128668787|4710960892077|4710247005206|4710467221516
961929,20424183|20415723|20406349|20370688|20333225|20332419|20307585|20301149|20246068|20246013
961936,4711163000603|4710626844013|8934614019061|4718429100077|4710172030069|20424183|20415723|20406349|20370688|20333225
962636,20424183|20415723|20406349|20370688|20333225|20332419|20307585|20301149|20246068|20246013
962643,4711686006090|4710998000802|4710731060124|4710363382045|4710032601194|4710015103370|4711128668787|4710960892077|4710247005206|4710467221516
962872,20424183|20415723|20406349|20370688|20333225|20332419|20307585|20301149|20246068|20246013
963060,20424183|20415723|20406349|20370688|20333225|20332419|20307585|20301149|20246068|20246013
963152,20424183|20415723|20406349|20370688|20333225|20332419|20307585|20301149|20246068|20246013
963503,20424183|20415723|20406349|20370688|20333225|20332419|20307585|20301149|20246068|20246013
964159,20424183|20415723|20406349|20370688|20333225|20332419|20307585|20301149|20246068|20246013
964562,20424183|20415723|20406349|20370688|20333225|20332419|20307585|20301149|20246068|20246013
965378,20424183|20415723|20406349|20370688|20333225|20332419|20307585|20301149|20246068|20246013
965675,20424183|20415723|20406349|20370688|20333225|20332419|20307585|20301149|20246068|20246013
966399,20424183|20415723|20406349|20370688|20333225|20332419|20307585|20301149|20246068|20246013
966566,20451042|20424183|20415723|20406349|20370688|20333225|20332419|20301149|20246068|20246013
966801,4711686006090|4710998000802|4710731060124|4710363382045|4710032601194|4710015103370|4711128668787|4710960892077|4710247005206|4710467221516
969703,20424183|20415723|20406349|20370688|20333225|20332419|20307585|20301149|20246068|20246013
970013,20424183|20415723|20406349|20370688|20333225|20332419|20307585|20301149|20246068|20246013
970129,20424183|20415723|20406349|20370688|20333225|20332419|20307585|20301149|20246068|20246013
970549,20424183|20415723|20406349|20370688|20333225|20332419|20307585|20301149|20246068|20246013
970853,20424183|20415723|20406349|20370688|20333225|20332419|20307585|20301149|20246068|20246013
970990,20424183|20415723|20406349|20370688|20333225|20332419|20307585|20301149|20246068|20246013
971645,4711686006090|4710998000802|4710731060124|4710363382045|4710032601194|4710015103370|4711128668787|4710960892077|4710247005206|4710467221516
972475,20424183|20415723|20406349|20370688|20333225|20332419|20307585|20301149|20246068|20246013
972512,20424183|20415723|20406349|20370688|20333225|20332419|20307585|20301149|20246068|20246013
973229,20424183|20415723|20406349|20370688|20333225|20332419|20307585|20301149|20246068|20246013
973571,20424183|20415723|20406349|20370688|20333225|20332419|20307585|20301149|20246068|20246013
973854,20424183|20415723|20406349|20370688|20333225|20332419|20307585|20301149|20246068|20246013
974264,4717101101265|4714276113888|4711686006090|4710998000802|4710731060124|4710363382045|4710247005206|4710032601194|4710015103370|4710088410139
974325,20424183|20415723|20406349|20370688|20333225|20332419|20307585|20301149|20246068|20246013
974806,20424183|20415723|20406349|20370688|20333225|20332419|20307585|20301149|20246068|20246013
974844,20424183|20415723|20406349|20370688|20333225|20332419|20307585|20301149|20246068|20246013
975018,20424183|20415723|20406349|20370688|20333225|20332419|20307585|20301149|20246068|20246013
975124,20424183|20415723|20406349|20370688|20333225|20332419|20307585|20301149|20246068|20246013
975186,20424183|20415723|20406349|20370688|20333225|20332419|20307585|20301149|20246068|20246013
975889,20424183|20415723|20406349|20370688|20333225|20332419|20307585|20301149|20246068|20246013
975896,4711686006090|4710998000802|4710731060124|4710363382045|4710032601194|4710015103370|4711128668787|4710960892077|4710247005206|4710467221516
976398,20424183|20415723|20406349|20370688|20333225|20332419|20307585|20301149|20246068|20246013
977944,20424183|20415723|20406349|20370688|20333225|20332419|20307585|20301149|20246068|20246013
978941,20424183|20415723|20406349|20370688|20333225|20332419|20307585|20301149|20246068|20246013
979092,20424183|20415723|20406349|20370688|20333225|20332419|20307585|20301149|20246068|20246013
979313,4712278884263|4711634000965|47100312|4711686006090|4710998000802|4710731060124|4710363382045|4710247005206|4710032601194|4710015103370
980425,20424183|20415723|20406349|20370688|20333225|20332419|20307585|20301149|20246068|20246013
980449,4711686006090|4710998000802|4710731060124|4710363382045|4710032601194|4710015103370|4711128668787|4710960892077|4710247005206|4710467221516
980753,20424183|20415723|20406349|20370688|20333225|20332419|20307585|20301149|20246068|20246013
981019,20424183|20415723|20406349|20370688|20333225|20332419|20307585|20301149|20246068|20246013
981644,20424183|20415723|20406349|20370688|20333225|20332419|20307585|20301149|20246068|20246013
981651,20424183|20415723|20406349|20370688|20333225|20332419|20307585|20301149|20246068|20246013
981859,4711686006090|4710998000802|4710731060124|4710363382045|4710032601194|4710015103370|4711128668787|4710960892077|4710247005206|4710467221516
981927,20424183|20415723|20406349|20370688|20333225|20332419|20307585|20301149|20246068|20246013
982023,20424183|20415723|20406349|20370688|20333225|20332419|20307585|20301149|20246068|20246013
982771,4711703122536|20424183|20415723|20406349|20370688|20333225|20332419|20307585|20301149|20246068
982795,20424183|20415723|20406349|20370688|20333225|20332419|20307585|20301149|20246068|20246013
982894,20424183|20415723|20406349|20370688|20333225|20332419|20307585|20301149|20246068|20246013
983105,20424183|20415723|20406349|20370688|20333225|20332419|20307585|20301149|20246068|20246013
984263,20424183|20415723|20406349|20370688|20333225|20332419|20307585|20301149|20246068|20246013
984485,20424183|20415723|20406349|20370688|20333225|20332419|20307585|20301149|20246068|20246013
984935,20424183|20415723|20406349|20370688|20333225|20332419|20307585|20301149|20246068|20246013
986427,4711686006090|4710998000802|4710731060124|4710363382045|4710032601194|4710015103370|4711128668787|4710960892077|4710247005206|4710467221516
986632,20424183|20415723|20406349|20370688|20333225|20332419|20307585|20301149|20246068|20246013
986717,20424183|20415723|20406349|20370688|20333225|20332419|20307585|20301149|20246068|20246013
986809,20424183|20415723|20406349|20370688|20333225|20332419|20307585|20301149|20246068|20246013
987318,20424183|20415723|20406349|20370688|20333225|20332419|20307585|20301149|20246068|20246013
987721,20424183|20415723|20406349|20370688|20333225|20332419|20307585|20301149|20246068|20246013
988810,20424183|20415723|20406349|20370688|20333225|20332419|20307585|20301149|20246068|20246013
989091,20451042|20424183|20415723|20406349|20370688|20333225|20332419|20307585|20301149|20246068
990011,20424183|20415723|20406349|20370688|20333225|20332419|20307585|20301149|20246068|20246013
990479,20424183|20415723|20406349|20370688|20333225|20332419|20307585|20301149|20246068|20246013
990554,20424183|20415723|20406349|20370688|20333225|20332419|20307585|20301149|20246068|20246013
991063,20424183|20415723|20406349|20370688|20333225|20332419|20307585|20301149|20246068|20246013
991407,4710043004540|50000301829|4710057830012|51000024237|8801047271024|4710043981513|4710176023098|4710583910004|4710247006562|47106710
992725,20424183|20415723|20406349|20370688|20333225|20332419|20307585|20301149|20246068|20246013
993036,20424183|20415723|20406349|20370688|20333225|20332419|20307585|20301149|20246068|20246013
993166,20424183|20415723|20406349|20370688|20333225|20332419|20307585|20301149|20246068|20246013
993517,20424183|20415723|20406349|20370688|20333225|20332419|20307585|20301149|20246068|20246013
993715,20424183|20415723|20406349|20370688|20333225|20332419|20307585|20301149|20246068|20246013
993739,20424183|20415723|20406349|20370688|20333225|20332419|20307585|20301149|20246068|20246013
993869,20424183|20415723|20406349|20370688|20333225|20332419|20307585|20301149|20246068|20246013
993982,4711686006090|4710998000802|4710731060124|4710363382045|4710032601194|4710015103370|4711128668787|4710960892077|4710247005206|4710467221516
994620,20424183|20415723|20406349|20370688|20333225|20332419|20307585|20301149|20246068|20246013
994729,20424183|20415723|20406349|20370688|20333225|20332419|20307585|20301149|20246068|20246013
995030,20424183|20415723|20406349|20370688|20333225|20332419|20307585|20301149|20246068|20246013
995108,20424183|20415723|20406349|20370688|20333225|20332419|20307585|20301149|20246068|20246013
995702,4711686006090|4710998000802|4710731060124|4710363382045|4710032601194|4710015103370|4711128668787|4710960892077|4710247005206|4710467221516
995870,20424183|20415723|20406349|20370688|20333225|20332419|20307585|20301149|20246068|20246013
995948,20424183|20415723|20406349|20370688|20333225|20332419|20307585|20301149|20246068|20246013
996013,20424183|20415723|20406349|20370688|20333225|20332419|20307585|20301149|20246068|20246013
996228,20424183|20415723|20406349|20370688|20333225|20332419|20307585|20301149|20246068|20246013
996426,20424183|20415723|20406349|20370688|20333225|20332419|20307585|20301149|20246068|20246013
996433,20424183|20415723|20406349|20370688|20333225|20332419|20307585|20301149|20246068|20246013
996488,20424183|20415723|20406349|20370688|20333225|20332419|20307585|20301149|20246068|20246013
996907,20424183|20415723|20406349|20370688|20333225|20332419|20307585|20301149|20246068|20246013
997119,9555037202039|9310155412520|4901005202702|4712500125126|4711128668787|4710960892077|4710323168054|4710294610811|4710018031632|20553418
997232,20424183|20415723|20406349|20370688|20333225|20332419|20307585|20301149|20246068|20246013
997270,20424183|20415723|20406349|20370688|20333225|20332419|20307585|20301149|20246068|20246013
997447,20424183|20415723|20406349|20370688|20333225|20332419|20307585|20301149|20246068|20246013
998215,4711686006090|4710998000802|4710731060124|4710363382045|4710032601194|4710015103370|4711128668787|4710960892077|4710247005206|4710467221516
998512,4711686006090|4710998000802|4710731060124|4710363382045|4710032601194|4710015103370|4711128668787|4710960892077|4710247005206|4710467221516
998536,20424183|20415723|20406349|20370688|20333225|20332419|20307585|20301149|20246068|20246013
998659,20424183|20415723|20406349|20370688|20333225|20332419|20307585|20301149|20246068|20246013
999564,4711686006090|4710998000802|4710731060124|4710363382045|4710032601194|4710015103370|4711128668787|4710960892077|4710247005206|4710467221516
999748,20424183|20415723|20406349|20370688|20333225|20332419|20307585|20301149|20246068|20246013
1000962,20424183|20415723|20406349|20370688|20333225|20332419|20307585|20301149|20246068|20246013
1002119,20424183|20415723|20406349|20370688|20333225|20332419|20307585|20301149|20246068|20246013
1002577,20424183|20415723|20406349|20370688|20333225|20332419|20307585|20301149|20246068|20246013
1002706,20424183|20415723|20406349|20370688|20333225|20332419|20307585|20301149|20246068|20246013
1002904,4711686006090|4710998000802|4710731060124|4710363382045|4710032601194|4710015103370|4711128668787|4710960892077|4710247005206|4710467221516
1003178,20424183|20415723|20406349|20370688|20333225|20332419|20307585|20301149|20246068|20246013
1003673,20424183|20415723|20406349|20370688|20333225|20332419|20307585|20301149|20246068|20246013
1003819,20424183|20415723|20406349|20370688|20333225|20332419|20307585|20301149|20246068|20246013
1004373,20424183|20415723|20406349|20370688|20333225|20332419|20307585|20301149|20246068|20246013
1004663,20424183|20415723|20406349|20370688|20333225|20332419|20307585|20301149|20246068|20246013
1004694,20424183|20415723|20406349|20370688|20333225|20332419|20307585|20301149|20246068|20246013
1005240,20424183|20415723|20406349|20370688|20333225|20332419|20307585|20301149|20246068|20246013
1006131,4710247005299|4718429100077|4710105046013|4710362010482|20424183|20415723|20406349|20370688|20333225|20332419
1006520,20424183|20415723|20406349|20370688|20333225|20332419|20307585|20301149|20246068|20246013
1006995,20424183|20415723|20406349|20370688|20333225|20332419|20307585|20301149|20246068|20246013
1007169,20424183|20415723|20406349|20370688|20333225|20332419|20307585|20301149|20246068|20246013
1007176,20424183|20415723|20406349|20370688|20333225|20332419|20307585|20301149|20246068|20246013
1008234,20451042|20424183|20415723|20406349|20370688|20333225|20332419|20301149|20246068|20246013
1009873,20424183|20415723|20406349|20370688|20333225|20332419|20307585|20301149|20246068|20246013
1009897,4711686006090|4710998000802|4710731060124|4710363382045|4710032601194|4710015103370|4711128668787|4710960892077|4710247005206|4710467221516
1009903,20424183|20415723|20406349|20370688|20333225|20332419|20307585|20301149|20246068|20246013
1011586,20424183|20415723|20406349|20370688|20333225|20332419|20307585|20301149|20246068|20246013
1011616,20424183|20415723|20406349|20370688|20333225|20332419|20307585|20301149|20246068|20246013
1012026,20451042|20424183|20406349|20370688|20333225|20332419|20307585|20301149|20246068|20246013
1012392,4711686006090|4710998000802|4710731060124|4710363382045|4710032601194|4710015103370|4711128668787|4710960892077|4710247005206|4710467221516
1012569,4711686006090|4710998000802|4710731060124|4710363382045|4710032601194|4710015103370|4711128668787|4710960892077|4710247005206|4710467221516
1013863,20451042|20424183|20415723|20406349|20333225|20332419|20307585|20301149|20246068|20246013
1014020,20424183|20415723|20406349|20370688|20333225|20332419|20307585|20301149|20246068|20246013
1014235,20424183|20415723|20406349|20370688|20333225|20332419|20307585|20301149|20246068|20246013
1015348,20424183|20415723|20406349|20370688|20333225|20332419|20307585|20301149|20246068|20246013
1015461,20424183|20415723|20406349|20370688|20333225|20332419|20307585|20301149|20246068|20246013
1016208,20424183|20415723|20406349|20370688|20333225|20332419|20307585|20301149|20246068|20246013
1016260,20424183|20415723|20406349|20370688|20333225|20332419|20307585|20301149|20246068|20246013
1017267,20424183|20415723|20406349|20370688|20333225|20332419|20307585|20301149|20246068|20246013
1017366,20424183|20415723|20406349|20370688|20333225|20332419|20307585|20301149|20246068|20246013
1018806,20424183|20415723|20406349|20370688|20333225|20332419|20307585|20301149|20246068|20246013
1019193,4711686006090|4710998000802|4710731060124|4710363382045|4710032601194|4710015103370|4711128668787|4710960892077|4710247005206|4710467221516
1019650,20424183|20415723|20406349|20370688|20333225|20332419|20307585|20301149|20246068|20246013
1021172,20424183|20415723|20406349|20370688|20333225|20332419|20307585|20301149|20246068|20246013
1021714,20424183|20415723|20406349|20370688|20333225|20332419|20307585|20301149|20246068|20246013
1021943,20424183|20415723|20406349|20370688|20333225|20332419|20307585|20301149|20246068|20246013
1022995,20424183|20415723|20406349|20370688|20333225|20332419|20307585|20301149|20246068|20246013
1023039,20424183|20415723|20406349|20370688|20333225|20332419|20307585|20301149|20246068|20246013
1023077,4711686006090|4710998000802|4710731060124|4710363382045|4710032601194|4710015103370|4711128668787|4710960892077|4710247005206|4710467221516
1023138,4711686006090|4710998000802|4710731060124|4710363382045|4710032601194|4710015103370|4711128668787|4710960892077|4710247005206|4710467221516
1023169,20424183|20415723|20406349|20370688|20333225|20332419|20307585|20301149|20246068|20246013
1023220,20424183|20415723|20406349|20370688|20333225|20332419|20307585|20301149|20246068|20246013
1023299,20424183|20415723|20406349|20370688|20333225|20332419|20307585|20301149|20246068|20246013
1023336,20424183|20415723|20406349|20370688|20333225|20332419|20307585|20301149|20246068|20246013
1023510,20451042|20415723|20406349|20370688|20333225|20332419|20307585|20301149|20246068|20246013
1023916,20424183|20415723|20406349|20370688|20333225|20332419|20307585|20301149|20246068|20246013
1024371,20424183|20415723|20406349|20370688|20333225|20332419|20307585|20301149|20246068|20246013
1025170,4711686006090|4710998000802|4710731060124|4710363382045|4710032601194|4710015103370|4711128668787|4710960892077|4710247005206|4710467221516
1025507,20424183|20415723|20406349|20370688|20333225|20332419|20307585|20301149|20246068|20246013
1025521,4710209701139|4710128030037|4710626055310|20424183|20415723|20406349|20370688|20333225|20332419|20307585
1025637,20424183|20415723|20406349|20370688|20333225|20332419|20307585|20301149|20246068|20246013
1025712,4711686006090|4710998000802|4710731060124|4710363382045|4710032601194|4710015103370|4711128668787|4710960892077|4710247005206|4710467221516
1025743,20424183|20415723|20406349|20370688|20333225|20332419|20307585|20301149|20246068|20246013
1025804,20451042|20424183|20415723|20406349|20370688|20333225|20307585|20301149|20246068|20246013
1026054,20424183|20415723|20406349|20370688|20333225|20332419|20307585|20301149|20246068|20246013
1026191,20424183|20415723|20406349|20370688|20333225|20332419|20307585|20301149|20246068|20246013
1026290,20424183|20415723|20406349|20370688|20333225|20332419|20307585|20301149|20246068|20246013
1026344,20424183|20415723|20406349|20370688|20333225|20332419|20307585|20301149|20246068|20246013
1026351,20424183|20415723|20406349|20370688|20333225|20332419|20307585|20301149|20246068|20246013
1026382,4712278884263|4711634000965|47100312|4711686006090|4710998000802|4710731060124|4710363382045|4710247005206|4710032601194|4710015103370
1026580,20424183|20415723|20406349|20370688|20333225|20332419|20307585|20301149|20246068|20246013
1026757,20424183|20415723|20406349|20370688|20333225|20332419|20307585|20301149|20246068|20246013
1026870,20424183|20415723|20406349|20370688|20333225|20332419|20307585|20301149|20246068|20246013
1027266,4711686006090|4710998000802|4710731060124|4710363382045|4710032601194|4710015103370|4711128668787|4710960892077|4710247005206|4710467221516
1028225,9300644131735|4710088436191|20415723|20424183|20406349|20370688|20333225|20332419|20307585|20301149
1028775,20424183|20415723|20406349|20370688|20333225|20332419|20307585|20301149|20246068|20246013
1028812,20424183|20415723|20406349|20370688|20333225|20332419|20307585|20301149|20246068|20246013
1029048,20424183|20415723|20406349|20370688|20333225|20332419|20307585|20301149|20246068|20246013
1029147,20424183|20415723|20406349|20370688|20333225|20332419|20307585|20301149|20246068|20246013
1029222,20424183|20415723|20406349|20370688|20333225|20332419|20307585|20301149|20246068|20246013
1029345,20424183|20415723|20406349|20370688|20333225|20332419|20307585|20301149|20246068|20246013
1029383,20451042|20424183|20415723|20406349|20370688|20333225|20332419|20307585|20301149|20246013
1029796,4711686006090|4710998000802|4710731060124|4710363382045|4710032601194|4710015103370|4711128668787|4710960892077|4710247005206|4710467221516
1029949,4711686006090|4710998000802|4710731060124|4710363382045|4710032601194|4710015103370|4711128668787|4710960892077|4710247005206|4710467221516
1029970,20424183|20415723|20406349|20370688|20333225|20332419|20307585|20301149|20246068|20246013
1030211,20424183|20415723|20406349|20370688|20333225|20332419|20307585|20301149|20246068|20246013
1030303,4711686006090|4710998000802|4710731060124|4710363382045|4710032601194|4710015103370|4711128668787|4710960892077|4710247005206|4710467221516
1030648,20424183|20415723|20406349|20370688|20333225|20332419|20307585|20301149|20246068|20246013
1031072,20424183|20415723|20406349|20370688|20333225|20332419|20307585|20301149|20246068|20246013
1031119,20424183|20415723|20406349|20370688|20333225|20332419|20307585|20301149|20246068|20246013
1031324,20424183|20415723|20406349|20370688|20333225|20332419|20307585|20301149|20246068|20246013
1031362,20424183|20415723|20406349|20370688|20333225|20332419|20307585|20301149|20246068|20246013
1032192,20424183|20415723|20406349|20370688|20333225|20332419|20307585|20301149|20246068|20246013
1032215,4712019100607|4710088412966|4711128778813|4710200000019|4710719000333|4710047502066|20424183|20415723|20406349|20370688
1032406,20424183|20415723|20406349|20370688|20333225|20332419|20307585|20301149|20246068|20246013
1032703,20424183|20415723|20406349|20370688|20333225|20332419|20307585|20301149|20246068|20246013
1033106,20424183|20415723|20406349|20370688|20333225|20332419|20307585|20301149|20246068|20246013
1033380,20424183|20415723|20406349|20370688|20333225|20332419|20307585|20301149|20246068|20246013
1033571,4710088430922|4711524001041|4710290007011|4710022102892|4710105051642|4711524000471|4710857472634|4710088434258|4710088433343|4710088433268
1033670,20451042|20424183|20415723|20406349|20333225|20332419|20307585|20301149|20246068|20246013
1033847,20424183|20415723|20406349|20370688|20333225|20332419|20307585|20301149|20246068|20246013
1033854,20424183|20415723|20406349|20370688|20333225|20332419|20307585|20301149|20246068|20246013
1034561,37000441809|4711634000460|4710722000474|37000440147|4710174041551|20424183|20415723|20406349|20370688|20333225
1034660,20424183|20415723|20406349|20370688|20333225|20332419|20307585|20301149|20246068|20246013
1035131,20424183|20415723|20406349|20370688|20333225|20332419|20307585|20301149|20246068|20246013
1035247,4711686006090|4710998000802|4710731060124|4710363382045|4710032601194|4710015103370|4711128668787|4710960892077|4710247005206|4710467221516
1035292,20424183|20415723|20406349|20370688|20333225|20332419|20307585|20301149|20246068|20246013
1035407,20424183|20415723|20406349|20370688|20333225|20332419|20307585|20301149|20246068|20246013
1035643,20424183|20415723|20406349|20370688|20333225|20332419|20307585|20301149|20246068|20246013
1035766,20424183|20415723|20406349|20370688|20333225|20332419|20307585|20301149|20246068|20246013
1035926,20424183|20415723|20406349|20370688|20333225|20332419|20307585|20301149|20246068|20246013
1035964,20424183|20415723|20406349|20370688|20333225|20332419|20307585|20301149|20246068|20246013
1036121,20424183|20415723|20406349|20370688|20333225|20332419|20307585|20301149|20246068|20246013
1036978,20424183|20415723|20406349|20370688|20333225|20332419|20307585|20301149|20246068|20246013
1037050,20424183|20415723|20406349|20370688|20333225|20332419|20307585|20301149|20246068|20246013
1037128,20424183|20415723|20406349|20370688|20333225|20332419|20307585|20301149|20246068|20246013
1037623,20424183|20415723|20406349|20370688|20333225|20332419|20307585|20301149|20246068|20246013
1038040,20424183|20415723|20406349|20370688|20333225|20332419|20307585|20301149|20246068|20246013
1038064,20424183|20415723|20406349|20370688|20333225|20332419|20307585|20301149|20246068|20246013
1038279,20424183|20415723|20406349|20370688|20333225|20332419|20307585|20301149|20246068|20246013
1038361,20424183|20415723|20406349|20370688|20333225|20332419|20307585|20301149|20246068|20246013
1038521,20424183|20415723|20406349|20370688|20333225|20332419|20307585|20301149|20246068|20246013
1038804,20424183|20415723|20406349|20370688|20333225|20332419|20307585|20301149|20246068|20246013
1039160,20424183|20415723|20406349|20370688|20333225|20332419|20307585|20301149|20246068|20246013
1039375,20424183|20415723|20406349|20370688|20333225|20332419|20307585|20301149|20246068|20246013
1039627,4711686006090|4710998000802|4710731060124|4710363382045|4710032601194|4710015103370|4711128668787|4710960892077|4710247005206|4710467221516
1039665,20424183|20415723|20406349|20370688|20333225|20332419|20307585|20301149|20246068|20246013
1039931,20424183|20415723|20406349|20370688|20333225|20332419|20307585|20301149|20246068|20246013
1040142,20424183|20415723|20406349|20370688|20333225|20332419|20307585|20301149|20246068|20246013
1044454,20424183|20415723|20406349|20370688|20333225|20332419|20307585|20301149|20246068|20246013
1044515,20424183|20415723|20406349|20370688|20333225|20332419|20307585|20301149|20246068|20246013
1044560,20424183|20415723|20406349|20370688|20333225|20332419|20307585|20301149|20246068|20246013
1044737,4711686006090|4710998000802|4710731060124|4710363382045|4710032601194|4710015103370|4711128668787|4710960892077|4710247005206|4710467221516
1045178,20424183|20415723|20406349|20370688|20333225|20332419|20307585|20301149|20246068|20246013
1045833,20424183|20415723|20406349|20370688|20333225|20332419|20307585|20301149|20246068|20246013
1046571,20424183|20415723|20406349|20370688|20333225|20332419|20307585|20301149|20246068|20246013
1048346,20424183|20415723|20406349|20370688|20333225|20332419|20307585|20301149|20246068|20246013
1048711,20424183|20415723|20406349|20370688|20333225|20332419|20307585|20301149|20246068|20246013
1051032,20424183|20415723|20406349|20370688|20333225|20332419|20307585|20301149|20246068|20246013
1051483,20424183|20415723|20406349|20370688|20333225|20332419|20307585|20301149|20246068|20246013
1053074,4711686006090|4710998000802|4710731060124|4710363382045|4710032601194|4710015103370|4711128668787|4710960892077|4710247005206|4710467221516
1053654,4712278884263|4711634000965|47100312|4711686006090|4710998000802|4710731060124|4710363382045|4710247005206|4710032601194|4710015103370
1054217,20424183|20415723|20406349|20370688|20333225|20332419|20307585|20301149|20246068|20246013
1054262,20424183|20415723|20406349|20370688|20333225|20332419|20307585|20301149|20246068|20246013
1054712,20424183|20415723|20406349|20370688|20333225|20332419|20307585|20301149|20246068|20246013
1054743,4711686006090|4710998000802|4710731060124|4710363382045|4710032601194|4710015103370|4711128668787|4710960892077|4710247005206|4710467221516
1054767,20424183|20415723|20406349|20370688|20333225|20332419|20307585|20301149|20246068|20246013
1054842,20424183|20415723|20406349|20370688|20333225|20332419|20307585|20301149|20246068|20246013
1054910,20424183|20415723|20406349|20370688|20333225|20332419|20307585|20301149|20246068|20246013
1056020,20424183|20415723|20406349|20370688|20333225|20332419|20307585|20301149|20246068|20246013
1056501,4711686006090|4710998000802|4710731060124|4710363382045|4710032601194|4710015103370|4711128668787|4710960892077|4710247005206|4710467221516
1056662,20424183|20415723|20406349|20370688|20333225|20332419|20307585|20301149|20246068|20246013
1057331,20424183|20415723|20406349|20370688|20333225|20332419|20307585|20301149|20246068|20246013
1057973,20424183|20415723|20406349|20370688|20333225|20332419|20307585|20301149|20246068|20246013
1058505,20424183|20415723|20406349|20370688|20333225|20332419|20307585|20301149|20246068|20246013
1058529,20424183|20415723|20406349|20370688|20333225|20332419|20307585|20301149|20246068|20246013
1058543,20424183|20415723|20406349|20370688|20333225|20332419|20307585|20301149|20246068|20246013
1058826,20424183|20415723|20406349|20370688|20333225|20332419|20307585|20301149|20246068|20246013
1058888,4717101101371|4714242832669|4710088436542|4710632001356|4710032501791|20424183|20415723|20406349|20370688|20333225
1058970,4710731052600|20424183|20415723|20406349|20370688|20333225|20332419|20307585|20301149|20246068
1059403,20424183|20415723|20406349|20370688|20333225|20332419|20307585|20301149|20246068|20246013
1059991,20424183|20415723|20406349|20370688|20333225|20332419|20307585|20301149|20246068|20246013
1060164,20424183|20415723|20406349|20370688|20333225|20332419|20307585|20301149|20246068|20246013
1060621,20424183|20415723|20406349|20370688|20333225|20332419|20307585|20301149|20246068|20246013
1060720,20424183|20415723|20406349|20370688|20333225|20332419|20307585|20301149|20246068|20246013
1060836,20424183|20415723|20406349|20370688|20333225|20332419|20307585|20301149|20246068|20246013
1060881,20424183|20415723|20406349|20370688|20333225|20332419|20307585|20301149|20246068|20246013
1060904,20424183|20415723|20406349|20370688|20333225|20332419|20307585|20301149|20246068|20246013
1061178,20424183|20415723|20406349|20370688|20333225|20332419|20307585|20301149|20246068|20246013
1061437,4711686006090|4710998000802|4710731060124|4710363382045|4710032601194|4710015103370|4711128668787|4710960892077|4710247005206|4710467221516
1062311,20424183|20415723|20406349|20370688|20333225|20332419|20307585|20301149|20246068|20246013
1062465,20424183|20415723|20406349|20370688|20333225|20332419|20307585|20301149|20246068|20246013
1062489,20424183|20415723|20406349|20370688|20333225|20332419|20307585|20301149|20246068|20246013
1062878,20424183|20415723|20406349|20370688|20333225|20332419|20307585|20301149|20246068|20246013
1064216,20424183|20415723|20406349|20370688|20333225|20332419|20307585|20301149|20246068|20246013
1064438,20424183|20415723|20406349|20370688|20333225|20332419|20307585|20301149|20246068|20246013
1064650,20424183|20415723|20406349|20370688|20333225|20332419|20307585|20301149|20246068|20246013
1065077,20424183|20415723|20406349|20370688|20333225|20332419|20307585|20301149|20246068|20246013
1065152,20424183|20415723|20406349|20370688|20333225|20332419|20307585|20301149|20246068|20246013
1066197,20424183|20415723|20406349|20370688|20333225|20332419|20307585|20301149|20246068|20246013
1066227,20424183|20415723|20406349|20370688|20333225|20332419|20307585|20301149|20246068|20246013
1066401,20424183|20415723|20406349|20370688|20333225|20332419|20307585|20301149|20246068|20246013
1066449,20424183|20415723|20406349|20370688|20333225|20332419|20307585|20301149|20246068|20246013
1066760,20424183|20415723|20406349|20370688|20333225|20332419|20307585|20301149|20246068|20246013
1066968,20424183|20415723|20406349|20370688|20333225|20332419|20307585|20301149|20246068|20246013
1067583,20424183|20415723|20406349|20370688|20333225|20332419|20307585|20301149|20246068|20246013
1068283,20424183|20415723|20406349|20370688|20333225|20332419|20307585|20301149|20246068|20246013
1068610,20424183|20415723|20406349|20370688|20333225|20332419|20307585|20301149|20246068|20246013
1069211,20424183|20415723|20406349|20370688|20333225|20332419|20307585|20301149|20246068|20246013
1070484,4710583910004|47106710|4710105015118|4710105015125|20451042|20424183|20415723|20406349|20370688|20333225
1071115,20424183|20415723|20406349|20370688|20333225|20332419|20307585|20301149|20246068|20246013
1071191,4711686006090|4710998000802|4710731060124|4710363382045|4710032601194|4710015103370|4711128668787|4710960892077|4710247005206|4710467221516
1071269,20424183|20415723|20406349|20370688|20333225|20332419|20307585|20301149|20246068|20246013
1072280,4711686006090|4710998000802|4710731060124|4710363382045|4710032601194|4710015103370|4711128668787|4710960892077|4710247005206|4710467221516
1072365,4711686006090|4710998000802|4710731060124|4710363382045|4710032601194|4710015103370|4711128668787|4710960892077|4710247005206|4710467221516
1072471,20424183|20415723|20406349|20370688|20333225|20332419|20307585|20301149|20246068|20246013
1072495,4711686006090|4710998000802|4710731060124|4710363382045|4710032601194|4710015103370|4711128668787|4710960892077|4710247005206|4710467221516
1073133,4711686006090|4710998000802|4710731060124|4710363382045|4710032601194|4710015103370|4711128668787|4710960892077|4710247005206|4710467221516
1073294,20424183|20415723|20406349|20370688|20333225|20332419|20307585|20301149|20246068|20246013
1073386,4711686006090|4710998000802|4710731060124|4710363382045|4710032601194|4710015103370|4711128668787|4710960892077|4710247005206|4710467221516
1073416,20424183|20415723|20406349|20370688|20333225|20332419|20307585|20301149|20246068|20246013
1074659,20424183|20415723|20406349|20370688|20333225|20332419|20307585|20301149|20246068|20246013
1075274,4711686006090|4710998000802|4710731060124|4710363382045|4710032601194|4710015103370|4711128668787|4710960892077|4710247005206|4710467221516
1075304,20424183|20415723|20406349|20370688|20333225|20332419|20307585|20301149|20246068|20246013
1075717,20424183|20415723|20406349|20370688|20333225|20332419|20307585|20301149|20246068|20246013
1076226,20424183|20415723|20406349|20370688|20333225|20332419|20307585|20301149|20246068|20246013
1076950,20424183|20415723|20406349|20370688|20333225|20332419|20307585|20301149|20246068|20246013
1077032,4711686006090|4710998000802|4710731060124|4710363382045|4710032601194|4710015103370|4711128668787|4710960892077|4710247005206|4710467221516
1077186,20424183|20415723|20406349|20370688|20333225|20332419|20307585|20301149|20246068|20246013
1077438,20424183|20415723|20406349|20370688|20333225|20332419|20307585|20301149|20246068|20246013
1077957,20424183|20415723|20406349|20370688|20333225|20332419|20307585|20301149|20246068|20246013
1079326,4712278884263|4711634000965|47100312|4711686006090|4710998000802|4710731060124|4710363382045|4710247005206|4710032601194|4710015103370
1079531,20424183|20415723|20406349|20370688|20333225|20332419|20307585|20301149|20246068|20246013
1079609,4711686006090|4710998000802|4710731060124|4710363382045|4710032601194|4710015103370|4711128668787|4710960892077|4710247005206|4710467221516
1079715,4711686006090|4710998000802|4710731060124|4710363382045|4710032601194|4710015103370|4711128668787|4710960892077|4710247005206|4710467221516
1079982,20424183|20415723|20406349|20370688|20333225|20332419|20307585|20301149|20246068|20246013
1080254,4711686006090|4710998000802|4710731060124|4710363382045|4710032601194|4710015103370|4711128668787|4710960892077|4710247005206|4710467221516
1080360,20424183|20415723|20406349|20370688|20333225|20332419|20307585|20301149|20246068|20246013
1081510,20424183|20415723|20406349|20370688|20333225|20332419|20307585|20301149|20246068|20246013
1081992,4711686006090|4710998000802|4710731060124|4710363382045|4710032601194|4710015103370|4711128668787|4710960892077|4710247005206|4710467221516
1082005,4711686006090|4710998000802|4710731060124|4710363382045|4710032601194|4710015103370|4711128668787|4710960892077|4710247005206|4710467221516
1082180,20424183|20415723|20406349|20370688|20333225|20332419|20307585|20301149|20246068|20246013
1082913,4711686006090|4710998000802|4710731060124|4710363382045|4710032601194|4710015103370|4711128668787|4710960892077|4710247005206|4710467221516
1082937,4712278884263|4711634000965|47100312|4711686006090|4710998000802|4710731060124|4710363382045|4710247005206|4710032601194|4710015103370
1083293,20424183|20415723|20406349|20370688|20333225|20332419|20307585|20301149|20246068|20246013
1083323,20424183|20415723|20406349|20370688|20333225|20332419|20307585|20301149|20246068|20246013
1085143,20424183|20415723|20406349|20370688|20333225|20332419|20307585|20301149|20246068|20246013
1086157,4711686006090|4710998000802|4710731060124|4710363382045|4710032601194|4710015103370|4711128668787|4710960892077|4710247005206|4710467221516
1086751,20424183|20415723|20406349|20370688|20333225|20332419|20307585|20301149|20246068|20246013
1087079,4711686006090|4710998000802|4710731060124|4710363382045|4710032601194|4710015103370|4711128668787|4710960892077|4710247005206|4710467221516
1090154,20424183|20415723|20406349|20370688|20333225|20332419|20307585|20301149|20246068|20246013
1090192,20424183|20415723|20406349|20370688|20333225|20332419|20307585|20301149|20246068|20246013
1090673,4710154012076|4710036110067|20424183|20415723|20406349|20370688|20333225|20332419|20307585|20301149
1091144,20424183|20415723|20406349|20370688|20333225|20332419|20307585|20301149|20246068|20246013
1091359,20424183|20415723|20406349|20370688|20333225|20332419|20307585|20301149|20246068|20246013
1091502,34000338108|93457545|93432641|93432634|93370868|93362979|93457552|93447706|93447690|93362993
1091649,20424183|20415723|20406349|20370688|20333225|20332419|20307585|20301149|20246068|20246013
1092936,20424183|20415723|20406349|20370688|20333225|20332419|20307585|20301149|20246068|20246013
1093476,20424183|20415723|20406349|20370688|20333225|20332419|20307585|20301149|20246068|20246013
1093513,20424183|20415723|20406349|20370688|20333225|20332419|20307585|20301149|20246068|20246013
1093773,20424183|20415723|20406349|20370688|20333225|20332419|20307585|20301149|20246068|20246013
1094008,20424183|20415723|20406349|20370688|20333225|20332419|20307585|20301149|20246068|20246013
1095425,20424183|20415723|20406349|20370688|20333225|20332419|20307585|20301149|20246068|20246013
1095661,4711686006090|4710998000802|4710731060124|4710363382045|4710032601194|4710015103370|4711128668787|4710960892077|4710247005206|4710467221516
1095685,4711686006090|4710998000802|4710731060124|4710363382045|4710032601194|4710015103370|4711128668787|4710960892077|4710247005206|4710467221516
1095708,20424183|20415723|20406349|20370688|20333225|20332419|20307585|20301149|20246068|20246013
1095821,20424183|20415723|20406349|20370688|20333225|20332419|20307585|20301149|20246068|20246013
1095838,4710160013074|4710036006223|4710015103479|4710883000092|20424183|20415723|20406349|20370688|20333225|20332419
1096019,20424183|20415723|20406349|20370688|20333225|20332419|20307585|20301149|20246068|20246013
1096903,20424183|20415723|20406349|20370688|20333225|20332419|20307585|20301149|20246068|20246013
1098143,20424183|20415723|20406349|20370688|20333225|20332419|20307585|20301149|20246068|20246013
1098488,4711686006090|4710998000802|4710731060124|4710363382045|4710032601194|4710015103370|4711128668787|4710960892077|4710247005206|4710467221516
1098839,20424183|20415723|20406349|20370688|20333225|20332419|20307585|20301149|20246068|20246013
1100105,20424183|20415723|20406349|20370688|20333225|20332419|20307585|20301149|20246068|20246013
1102208,20424183|20415723|20406349|20370688|20333225|20332419|20307585|20301149|20246068|20246013
1102741,20424183|20415723|20406349|20370688|20333225|20332419|20307585|20301149|20246068|20246013
1102833,20424183|20415723|20406349|20370688|20333225|20332419|20307585|20301149|20246068|20246013
1103342,20424183|20415723|20406349|20370688|20333225|20332419|20307585|20301149|20246068|20246013
1103465,20424183|20415723|20406349|20370688|20333225|20332419|20307585|20301149|20246068|20246013
1103526,20424183|20415723|20406349|20370688|20333225|20332419|20307585|20301149|20246068|20246013
1104189,20424183|20415723|20406349|20370688|20333225|20332419|20307585|20301149|20246068|20246013
1104844,20424183|20415723|20406349|20370688|20333225|20332419|20307585|20301149|20246068|20246013
1104905,20424183|20415723|20406349|20370688|20333225|20332419|20307585|20301149|20246068|20246013
1105537,20424183|20415723|20406349|20370688|20333225|20332419|20307585|20301149|20246068|20246013
1105889,20451042|20424183|20415723|20370688|20333225|20332419|20307585|20301149|20246068|20246013
1106190,20424183|20415723|20406349|20370688|20333225|20332419|20307585|20301149|20246068|20246013
1106312,20424183|20415723|20406349|20370688|20333225|20332419|20307585|20301149|20246068|20246013
1106329,20424183|20415723|20406349|20370688|20333225|20332419|20307585|20301149|20246068|20246013
1107098,4710105020341|4710626521716|4715874000228|4710722000474|4710105020358|4710857472634|4719090701051|20424183|20415723|20406349
1108002,20424183|20415723|20406349|20370688|20333225|20332419|20307585|20301149|20246068|20246013
1108828,20424183|20415723|20406349|20370688|20333225|20332419|20307585|20301149|20246068|20246013
1109511,20424183|20415723|20406349|20370688|20333225|20332419|20307585|20301149|20246068|20246013
1109597,4711686006090|4710998000802|4710731060124|4710363382045|4710032601194|4710015103370|4711128668787|4710960892077|4710247005206|4710467221516
1109757,20424183|20415723|20406349|20370688|20333225|20332419|20307585|20301149|20246068|20246013
1109887,20424183|20415723|20406349|20370688|20333225|20332419|20307585|20301149|20246068|20246013
1110388,20424183|20415723|20406349|20370688|20333225|20332419|20307585|20301149|20246068|20246013
1110432,20424183|20415723|20406349|20370688|20333225|20332419|20307585|20301149|20246068|20246013
1110685,20424183|20415723|20406349|20370688|20333225|20332419|20307585|20301149|20246068|20246013
1111071,20424183|20415723|20406349|20370688|20333225|20332419|20307585|20301149|20246068|20246013
1111163,4712278884263|4711634000965|47100312|4711686006090|4710998000802|4710731060124|4710363382045|4710247005206|4710032601194|4710015103370
1111224,20451042|20424183|20415723|20406349|20370688|20333225|20332419|20307585|20301149|20246068
1111231,20424183|20415723|20406349|20370688|20333225|20332419|20307585|20301149|20246068|20246013
1111460,20424183|20415723|20406349|20370688|20333225|20332419|20307585|20301149|20246068|20246013
1111668,20424183|20415723|20406349|20370688|20333225|20332419|20307585|20301149|20246068|20246013
1112191,20424183|20415723|20406349|20370688|20333225|20332419|20307585|20301149|20246068|20246013
1112276,20424183|20415723|20406349|20370688|20333225|20332419|20307585|20301149|20246068|20246013
1113068,20424183|20415723|20406349|20370688|20333225|20332419|20307585|20301149|20246068|20246013
1113952,4711587808946|4710998000802|4710731060124|4710530995085|4710363382045|4710314430009|4710247005206|4710032601194|4710015104438|4710015103370
1114034,20424183|20415723|20406349|20370688|20333225|20332419|20307585|20301149|20246068|20246013
1114706,4711686006090|4710998000802|4710731060124|4710363382045|4710032601194|4710015103370|4711128668787|4710960892077|4710247005206|4710467221516
1115178,20451042|20424183|20415723|20370688|20333225|20332419|20307585|20301149|20246068|20246013
1115666,20424183|20415723|20406349|20370688|20333225|20332419|20307585|20301149|20246068|20246013
1116625,20424183|20415723|20406349|20370688|20333225|20332419|20307585|20301149|20246068|20246013
1117042,20424183|20415723|20406349|20370688|20333225|20332419|20307585|20301149|20246068|20246013
1119305,4711686006090|4710998000802|4710731060124|4710363382045|4710032601194|4710015103370|4711128668787|4710960892077|4710247005206|4710467221516
1119510,20424183|20415723|20406349|20370688|20333225|20332419|20307585|20301149|20246068|20246013
1120042,20424183|20415723|20406349|20370688|20333225|20332419|20307585|20301149|20246068|20246013
1120059,4711686006090|4710998000802|4710731060124|4710363382045|4710032601194|4710015103370|4711128668787|4710960892077|4710247005206|4710467221516
1121490,20451042|20424183|20415723|20406349|20370688|20333225|20332419|20301149|20246068|20246013
1122152,20424183|20415723|20406349|20370688|20333225|20332419|20307585|20301149|20246068|20246013
1122411,20424183|20415723|20406349|20370688|20333225|20332419|20307585|20301149|20246068|20246013
1122787,20424183|20415723|20406349|20370688|20333225|20332419|20307585|20301149|20246068|20246013
1123029,4711686006090|4710998000802|4710731060124|4710363382045|4710032601194|4710015103370|4711128668787|4710960892077|4710247005206|4710467221516
1123395,4711686006090|4710998000802|4710731060124|4710363382045|4710032601194|4710015103370|4711128668787|4710960892077|4710247005206|4710467221516
1124040,20424183|20415723|20406349|20370688|20333225|20332419|20307585|20301149|20246068|20246013
1124163,20424183|20415723|20406349|20370688|20333225|20332419|20307585|20301149|20246068|20246013
1124439,20424183|20415723|20406349|20370688|20333225|20332419|20307585|20301149|20246068|20246013
1125016,20424183|20415723|20406349|20370688|20333225|20332419|20307585|20301149|20246068|20246013
1125313,20424183|20415723|20406349|20370688|20333225|20332419|20307585|20301149|20246068|20246013
1125368,20424183|20415723|20406349|20370688|20333225|20332419|20307585|20301149|20246068|20246013
1125962,20424183|20415723|20406349|20370688|20333225|20332419|20307585|20301149|20246068|20246013
1126143,20424183|20415723|20406349|20370688|20333225|20332419|20307585|20301149|20246068|20246013
1126396,20424183|20415723|20406349|20370688|20333225|20332419|20307585|20301149|20246068|20246013
1126754,20424183|20415723|20406349|20370688|20333225|20332419|20307585|20301149|20246068|20246013
1126860,4711686006090|4710998000802|4710731060124|4710363382045|4710032601194|4710015103370|4711128668787|4710960892077|4710247005206|4710467221516
1126969,4711686006090|4710998000802|4710731060124|4710363382045|4710032601194|4710015103370|4711128668787|4710960892077|4710247005206|4710467221516
1127881,20424183|20415723|20406349|20370688|20333225|20332419|20307585|20301149|20246068|20246013
1128055,20424183|20415723|20406349|20370688|20333225|20332419|20307585|20301149|20246068|20246013
1128277,20424183|20415723|20406349|20370688|20333225|20332419|20307585|20301149|20246068|20246013
1128970,4711686006090|4710998000802|4710731060124|4710363382045|4710032601194|4710015103370|4711128668787|4710960892077|4710247005206|4710467221516
1129151,20424183|20415723|20406349|20370688|20333225|20332419|20307585|20301149|20246068|20246013
1129458,20424183|20415723|20406349|20370688|20333225|20332419|20307585|20301149|20246068|20246013
1131055,4711686006090|4710998000802|4710731060124|4710363382045|4710032601194|4710015103370|4711128668787|4710960892077|4710247005206|4710467221516
1131246,20424183|20415723|20406349|20370688|20333225|20332419|20307585|20301149|20246068|20246013
1131543,20424183|20415723|20406349|20370688|20333225|20332419|20307585|20301149|20246068|20246013
1131703,20424183|20415723|20406349|20370688|20333225|20332419|20307585|20301149|20246068|20246013
1132502,20424183|20415723|20406349|20370688|20333225|20332419|20307585|20301149|20246068|20246013
1133066,4710126200517|20451042|20424183|20415723|20370688|20333225|20332419|20307585|20301149|20246068
1133943,20424183|20415723|20406349|20370688|20333225|20332419|20307585|20301149|20246068|20246013
1134414,20424183|20415723|20406349|20370688|20333225|20332419|20307585|20301149|20246068|20246013
1134926,20424183|20415723|20406349|20370688|20333225|20332419|20307585|20301149|20246068|20246013
1135046,20424183|20415723|20406349|20370688|20333225|20332419|20307585|20301149|20246068|20246013
1135077,20424183|20415723|20406349|20370688|20333225|20332419|20307585|20301149|20246068|20246013
1135121,20424183|20415723|20406349|20370688|20333225|20332419|20307585|20301149|20246068|20246013
1135510,20451042|20424183|20415723|20406349|20370688|20333225|20307585|20301149|20246068|20246013
1135565,20424183|20415723|20406349|20370688|20333225|20332419|20307585|20301149|20246068|20246013
1135725,20424183|20415723|20406349|20370688|20333225|20332419|20307585|20301149|20246068|20246013
1136128,4711686006090|4710998000802|4710731060124|4710363382045|4710032601194|4710015103370|4711128668787|4710960892077|4710247005206|4710467221516
1136364,20451042|20424183|20415723|20406349|20370688|20333225|20332419|20301149|20246068|20246013
1136463,20424183|20415723|20406349|20370688|20333225|20332419|20307585|20301149|20246068|20246013
1136548,20424183|20415723|20406349|20370688|20333225|20332419|20307585|20301149|20246068|20246013
1136579,4710105045443|20424183|20415723|20406349|20370688|20333225|20332419|20307585|20301149|20246068
1136791,4710128030037|4710626055310|4710018004605|4714050000038|4710114105046|4710105010724|4710094012686|4710515533028|4710247001765|4710085120468
1137378,20424183|20415723|20406349|20370688|20333225|20332419|20307585|20301149|20246068|20246013
1137392,20424183|20415723|20406349|20370688|20333225|20332419|20307585|20301149|20246068|20246013
1138207,20424183|20415723|20406349|20370688|20333225|20332419|20307585|20301149|20246068|20246013
1139402,20424183|20415723|20406349|20370688|20333225|20332419|20307585|20301149|20246068|20246013
1139549,4711686006090|4710998000802|4710731060124|4710363382045|4710032601194|4710015103370|4711128668787|4710960892077|4710247005206|4710467221516
1139617,20451042|20424183|20415723|20406349|20370688|20333225|20332419|20301149|20246068|20246013
1139839,20424183|20415723|20406349|20370688|20333225|20332419|20307585|20301149|20246068|20246013
1139884,20424183|20415723|20406349|20370688|20333225|20332419|20307585|20301149|20246068|20246013
1140118,20424183|20415723|20406349|20370688|20333225|20332419|20307585|20301149|20246068|20246013
1140460,20424183|20415723|20406349|20370688|20333225|20332419|20307585|20301149|20246068|20246013
1140989,20424183|20415723|20406349|20370688|20333225|20332419|20307585|20301149|20246068|20246013
1141344,4711686006090|4710998000802|4710731060124|4710363382045|4710032601194|4710015103370|4711128668787|4710960892077|4710247005206|4710467221516
1141627,4711686006090|4710998000802|4710731060124|4710363382045|4710032601194|4710015103370|4711128668787|4710960892077|4710247005206|4710467221516
1141726,20424183|20415723|20406349|20370688|20333225|20332419|20307585|20301149|20246068|20246013
1142709,20424183|20415723|20406349|20370688|20333225|20332419|20307585|20301149|20246068|20246013
1143263,20424183|20415723|20406349|20370688|20333225|20332419|20307585|20301149|20246068|20246013
1143409,20424183|20415723|20406349|20370688|20333225|20332419|20307585|20301149|20246068|20246013
1144185,20424183|20415723|20406349|20370688|20333225|20332419|20307585|20301149|20246068|20246013
1144819,20424183|20415723|20406349|20370688|20333225|20332419|20307585|20301149|20246068|20246013
1144994,20424183|20415723|20406349|20370688|20333225|20332419|20307585|20301149|20246068|20246013
1145342,4711686006090|4710998000802|4710731060124|4710363382045|4710032601194|4710015103370|4711128668787|4710960892077|4710247005206|4710467221516
1145915,20424183|20415723|20406349|20370688|20333225|20332419|20307585|20301149|20246068|20246013
1147667,20424183|20415723|20406349|20370688|20333225|20332419|20307585|20301149|20246068|20246013
1148121,20424183|20415723|20406349|20370688|20333225|20332419|20307585|20301149|20246068|20246013
1148282,20424183|20415723|20406349|20370688|20333225|20332419|20307585|20301149|20246068|20246013
1149210,20424183|20415723|20406349|20370688|20333225|20332419|20307585|20301149|20246068|20246013
1149272,20424183|20415723|20406349|20370688|20333225|20332419|20307585|20301149|20246068|20246013
1149326,4711686006090|4710998000802|4710731060124|4710363382045|4710032601194|4710015103370|4711128668787|4710960892077|4710247005206|4710467221516
1149579,20424183|20415723|20406349|20370688|20333225|20332419|20307585|20301149|20246068|20246013
1149647,20424183|20415723|20406349|20370688|20333225|20332419|20307585|20301149|20246068|20246013
1149937,20424183|20415723|20406349|20370688|20333225|20332419|20307585|20301149|20246068|20246013
1151404,20424183|20415723|20406349|20370688|20333225|20332419|20307585|20301149|20246068|20246013
1151459,20424183|20415723|20406349|20370688|20333225|20332419|20307585|20301149|20246068|20246013
1151572,20424183|20415723|20406349|20370688|20333225|20332419|20307585|20301149|20246068|20246013
1151718,20424183|20415723|20406349|20370688|20333225|20332419|20307585|20301149|20246068|20246013
1152449,20424183|20415723|20406349|20370688|20333225|20332419|20307585|20301149|20246068|20246013
1152463,20424183|20415723|20406349|20370688|20333225|20332419|20307585|20301149|20246068|20246013
1152715,20424183|20415723|20406349|20370688|20333225|20332419|20307585|20301149|20246068|20246013
1153576,8934614019061|4718429100077|4712494215773|4710105020310|4717097101027|4710105020358|4710105046013|20424183|20415723|20406349
1153644,20424183|20415723|20406349|20370688|20333225|20332419|20307585|20301149|20246068|20246013
1154153,20424183|20415723|20406349|20370688|20333225|20332419|20307585|20301149|20246068|20246013
1154221,20424183|20415723|20406349|20370688|20333225|20332419|20307585|20301149|20246068|20246013
1154351,20424183|20415723|20406349|20370688|20333225|20332419|20307585|20301149|20246068|20246013
1155266,20424183|20415723|20406349|20370688|20333225|20332419|20307585|20301149|20246068|20246013
1155402,4711686006090|4710998000802|4710731060124|4710363382045|4710032601194|4710015103370|4711128668787|4710960892077|4710247005206|4710467221516
1155693,20424183|20415723|20406349|20370688|20333225|20332419|20307585|20301149|20246068|20246013
1156065,20424183|20415723|20406349|20370688|20333225|20332419|20307585|20301149|20246068|20246013
1156331,4711686006090|4710998000802|4710731060124|4710363382045|4710032601194|4710015103370|4711128668787|4710960892077|4710247005206|4710467221516
1156362,20424183|20415723|20406349|20370688|20333225|20332419|20307585|20301149|20246068|20246013
1156591,20424183|20415723|20406349|20370688|20333225|20332419|20307585|20301149|20246068|20246013
1156843,20424183|20415723|20406349|20370688|20333225|20332419|20307585|20301149|20246068|20246013
1157185,4711686006090|4710998000802|4710731060124|4710363382045|4710032601194|4710015103370|4711128668787|4710960892077|4710247005206|4710467221516
1157505,4711686006090|4710998000802|4710731060124|4710363382045|4710032601194|4710015103370|4711128668787|4710960892077|4710247005206|4710467221516
1157901,20424183|20415723|20406349|20370688|20333225|20332419|20307585|20301149|20246068|20246013
1157970,20424183|20415723|20406349|20370688|20333225|20332419|20307585|20301149|20246068|20246013
1158816,4714947000509|9555037202039|9310155412520|4901005202702|4712500125126|4711128668787|4710960892077|4710323168054|4710018031632|20553418
1159219,20424183|20415723|20406349|20370688|20333225|20332419|20307585|20301149|20246068|20246013
1160192,20424183|20415723|20406349|20370688|20333225|20332419|20307585|20301149|20246068|20246013
1160482,4711686006090|4710998000802|4710731060124|4710363382045|4710032601194|4710015103370|4711128668787|4710960892077|4710247005206|4710467221516
1160604,20424183|20415723|20406349|20370688|20333225|20332419|20307585|20301149|20246068|20246013
1160765,20424183|20415723|20406349|20370688|20333225|20332419|20307585|20301149|20246068|20246013
1161212,20424183|20415723|20406349|20370688|20333225|20332419|20307585|20301149|20246068|20246013
1161267,4711686006090|4710998000802|4710731060124|4710363382045|4710032601194|4710015103370|4711128668787|4710960892077|4710247005206|4710467221516
1161526,4712278884263|4711634000965|47100312|4711686006090|4710998000802|4710731060124|4710363382045|4710247005206|4710032601194|4710015103370
1161755,20424183|20415723|20406349|20370688|20333225|20332419|20307585|20301149|20246068|20246013
1162004,4711686006090|4710998000802|4710731060124|4710363382045|4710032601194|4710015103370|4711128668787|4710960892077|4710247005206|4710467221516
1162080,20451042|20424183|20415723|20370688|20333225|20332419|20307585|20301149|20246068|20246013
1162134,20424183|20415723|20406349|20370688|20333225|20332419|20307585|20301149|20246068|20246013
1162820,20424183|20415723|20406349|20370688|20333225|20332419|20307585|20301149|20246068|20246013
1163063,4711686006090|4710998000802|4710731060124|4710363382045|4710032601194|4710015103370|4711128668787|4710960892077|4710247005206|4710467221516
1163193,20424183|20415723|20406349|20370688|20333225|20332419|20307585|20301149|20246068|20246013
1163438,20424183|20415723|20406349|20370688|20333225|20332419|20307585|20301149|20246068|20246013
1163636,20424183|20415723|20406349|20370688|20333225|20332419|20307585|20301149|20246068|20246013
1163919,20424183|20415723|20406349|20370688|20333225|20332419|20307585|20301149|20246068|20246013
1163964,20424183|20415723|20406349|20370688|20333225|20332419|20307585|20301149|20246068|20246013
1163995,20424183|20415723|20406349|20370688|20333225|20332419|20307585|20301149|20246068|20246013
1164152,20424183|20415723|20406349|20370688|20333225|20332419|20307585|20301149|20246068|20246013
1164268,20424183|20415723|20406349|20370688|20333225|20332419|20307585|20301149|20246068|20246013
1164305,20424183|20415723|20406349|20370688|20333225|20332419|20307585|20301149|20246068|20246013
1165012,20424183|20415723|20406349|20370688|20333225|20332419|20307585|20301149|20246068|20246013
1165197,20424183|20415723|20406349|20370688|20333225|20332419|20307585|20301149|20246068|20246013
1165647,20451042|20415723|20406349|20370688|20333225|20332419|20307585|20301149|20246068|20246013
1165715,20424183|20415723|20406349|20370688|20333225|20332419|20307585|20301149|20246068|20246013
1166026,4712278884263|4711634000965|47100312|4711686006090|4710998000802|4710731060124|4710363382045|4710247005206|4710032601194|4710015103370
1166347,20424183|20415723|20406349|20370688|20333225|20332419|20307585|20301149|20246068|20246013
1166781,20424183|20415723|20406349|20370688|20333225|20332419|20307585|20301149|20246068|20246013
1166811,4711686006090|4710998000802|4710731060124|4710363382045|4710032601194|4710015103370|4711128668787|4710960892077|4710247005206|4710467221516
1166941,20424183|20415723|20406349|20370688|20333225|20332419|20307585|20301149|20246068|20246013
1167443,4711686006090|4710998000802|4710731060124|4710363382045|4710032601194|4710015103370|4711128668787|4710960892077|4710247005206|4710467221516
1167474,20424183|20415723|20406349|20370688|20333225|20332419|20307585|20301149|20246068|20246013
1167511,4711686006090|4710998000802|4710731060124|4710363382045|4710032601194|4710015103370|4711128668787|4710960892077|4710247005206|4710467221516
1168075,20424183|20415723|20406349|20370688|20333225|20332419|20307585|20301149|20246068|20246013
1168709,20424183|20415723|20406349|20370688|20333225|20332419|20307585|20301149|20246068|20246013
1169140,20451042|20424183|20415723|20406349|20370688|20333225|20307585|20301149|20246068|20246013
1169454,4711686006090|4710998000802|4710731060124|4710363382045|4710032601194|4710015103370|4711128668787|4710960892077|4710247005206|4710467221516
1171853,20424183|20415723|20406349|20370688|20333225|20332419|20307585|20301149|20246068|20246013
1171921,4711686006090|4710998000802|4710731060124|4710363382045|4710032601194|4710015103370|4711128668787|4710960892077|4710247005206|4710467221516
1172102,20424183|20415723|20406349|20370688|20333225|20332419|20307585|20301149|20246068|20246013
1172591,20424183|20415723|20406349|20370688|20333225|20332419|20307585|20301149|20246068|20246013
1172744,20424183|20415723|20406349|20370688|20333225|20332419|20307585|20301149|20246068|20246013
1172829,4711686006090|4710998000802|4710731060124|4710363382045|4710032601194|4710015103370|4711128668787|4710960892077|4710247005206|4710467221516
1172850,20424183|20415723|20406349|20370688|20333225|20332419|20307585|20301149|20246068|20246013
1172980,20424183|20415723|20406349|20370688|20333225|20332419|20307585|20301149|20246068|20246013
1173178,20424183|20415723|20406349|20370688|20333225|20332419|20307585|20301149|20246068|20246013
1173321,20424183|20415723|20406349|20370688|20333225|20332419|20307585|20301149|20246068|20246013
1173642,4711686006090|4710998000802|4710731060124|4710363382045|4710032601194|4710015103370|4711128668787|4710960892077|4710247005206|4710467221516
1173741,20424183|20415723|20406349|20370688|20333225|20332419|20307585|20301149|20246068|20246013
1174700,20424183|20415723|20406349|20370688|20333225|20332419|20307585|20301149|20246068|20246013
1174885,20424183|20415723|20406349|20370688|20333225|20332419|20307585|20301149|20246068|20246013
1174939,20424183|20415723|20406349|20370688|20333225|20332419|20307585|20301149|20246068|20246013
1175103,4711686006090|4710998000802|4710731060124|4710363382045|4710032601194|4710015103370|4711128668787|4710960892077|4710247005206|4710467221516
1175172,20424183|20415723|20406349|20370688|20333225|20332419|20307585|20301149|20246068|20246013
1175196,20424183|20415723|20406349|20370688|20333225|20332419|20307585|20301149|20246068|20246013
1175202,20424183|20415723|20406349|20370688|20333225|20332419|20307585|20301149|20246068|20246013
1175660,20424183|20415723|20406349|20370688|20333225|20332419|20307585|20301149|20246068|20246013
1175783,20451042|20424183|20415723|20406349|20370688|20333225|20332419|20301149|20246068|20246013
1175912,20424183|20415723|20406349|20370688|20333225|20332419|20307585|20301149|20246068|20246013
1176018,20424183|20415723|20406349|20370688|20333225|20332419|20307585|20301149|20246068|20246013
1176049,4711686006090|4710998000802|4710731060124|4710363382045|4710032601194|4710015103370|4711128668787|4710960892077|4710247005206|4710467221516
1176223,20424183|20415723|20406349|20370688|20333225|20332419|20307585|20301149|20246068|20246013
1177145,4711686006090|4710998000802|4710731060124|4710363382045|4710032601194|4710015103370|4711128668787|4710960892077|4710247005206|4710467221516
1177398,20424183|20415723|20406349|20370688|20333225|20332419|20307585|20301149|20246068|20246013
1177732,4710088414311|4710088414328|20424183|20415723|20406349|20370688|20333225|20332419|20307585|20301149
1178067,4711686006090|4710998000802|4710731060124|4710363382045|4710032601194|4710015103370|4711128668787|4710960892077|4710247005206|4710467221516
1178265,4711686006090|4710998000802|4710731060124|4710363382045|4710032601194|4710015103370|4711128668787|4710960892077|4710247005206|4710467221516
1178395,20424183|20415723|20406349|20370688|20333225|20332419|20307585|20301149|20246068|20246013
1178517,20424183|20415723|20406349|20370688|20333225|20332419|20307585|20301149|20246068|20246013
1178760,20424183|20415723|20406349|20370688|20333225|20332419|20307585|20301149|20246068|20246013
1178777,20424183|20415723|20406349|20370688|20333225|20332419|20307585|20301149|20246068|20246013
1178814,20424183|20415723|20406349|20370688|20333225|20332419|20307585|20301149|20246068|20246013
1179491,20424183|20415723|20406349|20370688|20333225|20332419|20307585|20301149|20246068|20246013
1179675,20424183|20415723|20406349|20370688|20333225|20332419|20307585|20301149|20246068|20246013
1180664,20424183|20415723|20406349|20370688|20333225|20332419|20307585|20301149|20246068|20246013
1181418,20424183|20415723|20406349|20370688|20333225|20332419|20307585|20301149|20246068|20246013
1182040,20424183|20415723|20406349|20370688|20333225|20332419|20307585|20301149|20246068|20246013
1182231,20424183|20415723|20406349|20370688|20333225|20332419|20307585|20301149|20246068|20246013
1182330,20424183|20415723|20406349|20370688|20333225|20332419|20307585|20301149|20246068|20246013
1182507,20424183|20415723|20406349|20370688|20333225|20332419|20307585|20301149|20246068|20246013
1182996,20424183|20415723|20406349|20370688|20333225|20332419|20307585|20301149|20246068|20246013
1183054,20424183|20415723|20406349|20370688|20333225|20332419|20307585|20301149|20246068|20246013
1183511,4711686006090|4710998000802|4710731060124|4710363382045|4710032601194|4710015103370|4711128668787|4710960892077|4710247005206|4710467221516
1183931,4711128668787|4710960892077|4710467221516|4710632001660|4901872506507|4710068331553|41333600017|4710011414012|4718429100060|4710134024242
1183955,20424183|20415723|20406349|20370688|20333225|20332419|20307585|20301149|20246068|20246013
1183986,20424183|20415723|20406349|20370688|20333225|20332419|20307585|20301149|20246068|20246013
1184334,20424183|20415723|20406349|20370688|20333225|20332419|20307585|20301149|20246068|20246013
1184556,20424183|20415723|20406349|20370688|20333225|20332419|20307585|20301149|20246068|20246013
1185089,20424183|20415723|20406349|20370688|20333225|20332419|20307585|20301149|20246068|20246013
1185133,20424183|20415723|20406349|20370688|20333225|20332419|20307585|20301149|20246068|20246013
1185218,20424183|20415723|20406349|20370688|20333225|20332419|20307585|20301149|20246068|20246013
1185416,4711686006090|4710998000802|4710731060124|4710363382045|4710032601194|4710015103370|4711128668787|4710960892077|4710247005206|4710467221516
1185577,20424183|20415723|20406349|20370688|20333225|20332419|20307585|20301149|20246068|20246013
1185676,20424183|20415723|20406349|20370688|20333225|20332419|20307585|20301149|20246068|20246013
1185843,20424183|20415723|20406349|20370688|20333225|20332419|20307585|20301149|20246068|20246013
1185881,20424183|20415723|20406349|20370688|20333225|20332419|20307585|20301149|20246068|20246013
1185966,20424183|20415723|20406349|20370688|20333225|20332419|20307585|20301149|20246068|20246013
1186017,4716545201104|20424183|20415723|20406349|20370688|20333225|20332419|20307585|20301149|20246068
1186031,20424183|20415723|20406349|20370688|20333225|20332419|20307585|20301149|20246068|20246013
1186116,20424183|20415723|20406349|20370688|20333225|20332419|20307585|20301149|20246068|20246013
1186444,20424183|20415723|20406349|20370688|20333225|20332419|20307585|20301149|20246068|20246013
1186987,20424183|20415723|20406349|20370688|20333225|20332419|20307585|20301149|20246068|20246013
1187137,20424183|20415723|20406349|20370688|20333225|20332419|20307585|20301149|20246068|20246013
1187366,20451042|20424183|20406349|20370688|20333225|20332419|20307585|20301149|20246068|20246013
1187410,4711663700010|4714981010038|20451042|20424183|20415723|20406349|20370688|20333225|20332419|20301149
1187427,20424183|20415723|20406349|20370688|20333225|20332419|20307585|20301149|20246068|20246013
1187649,20424183|20415723|20406349|20370688|20333225|20332419|20307585|20301149|20246068|20246013
1187786,20424183|20415723|20406349|20370688|20333225|20332419|20307585|20301149|20246068|20246013
1188097,20424183|20415723|20406349|20370688|20333225|20332419|20307585|20301149|20246068|20246013
1188516,20424183|20415723|20406349|20370688|20333225|20332419|20307585|20301149|20246068|20246013
1188608,4711686006090|4710998000802|4710731060124|4710363382045|4710032601194|4710015103370|4711128668787|4710960892077|4710247005206|4710467221516
1189025,4711686006090|4710998000802|4710731060124|4710363382045|4710032601194|4710015103370|4711128668787|4710960892077|4710247005206|4710467221516
1189322,20424183|20415723|20406349|20370688|20333225|20332419|20307585|20301149|20246068|20246013
1189490,4711686006090|4710998000802|4710731060124|4710363382045|4710032601194|4710015103370|4711128668787|4710960892077|4710247005206|4710467221516
1190915,20451042|20424183|20415723|20406349|20333225|20332419|20307585|20301149|20246068|20246013
1190922,4711686006090|4710998000802|4710731060124|4710363382045|4710032601194|4710015103370|4711128668787|4710960892077|4710247005206|4710467221516
1191004,20424183|20415723|20406349|20370688|20333225|20332419|20307585|20301149|20246068|20246013
1191141,20424183|20415723|20406349|20370688|20333225|20332419|20307585|20301149|20246068|20246013
1191219,20424183|20415723|20406349|20370688|20333225|20332419|20307585|20301149|20246068|20246013
1191349,20424183|20415723|20406349|20370688|20333225|20332419|20307585|20301149|20246068|20246013
1191431,20424183|20415723|20406349|20370688|20333225|20332419|20307585|20301149|20246068|20246013
1191448,20424183|20415723|20406349|20370688|20333225|20332419|20307585|20301149|20246068|20246013
1191455,20424183|20415723|20406349|20370688|20333225|20332419|20307585|20301149|20246068|20246013
1192827,20424183|20415723|20406349|20370688|20333225|20332419|20307585|20301149|20246068|20246013
1193305,20424183|20415723|20406349|20370688|20333225|20332419|20307585|20301149|20246068|20246013
1195101,20424183|20415723|20406349|20370688|20333225|20332419|20307585|20301149|20246068|20246013
1195118,20424183|20415723|20406349|20370688|20333225|20332419|20307585|20301149|20246068|20246013
1195309,20424183|20415723|20406349|20370688|20333225|20332419|20307585|20301149|20246068|20246013
1195514,20424183|20415723|20406349|20370688|20333225|20332419|20307585|20301149|20246068|20246013
1195613,20424183|20415723|20406349|20370688|20333225|20332419|20307585|20301149|20246068|20246013
1196276,20424183|20415723|20406349|20370688|20333225|20332419|20307585|20301149|20246068|20246013
1196658,4711686006090|4710998000802|4710731060124|4710363382045|4710032601194|4710015103370|4711128668787|4710960892077|4710247005206|4710467221516
1196672,20424183|20415723|20406349|20370688|20333225|20332419|20307585|20301149|20246068|20246013
1197051,4711686006090|4710998000802|4710731060124|4710363382045|4710032601194|4710015103370|4711128668787|4710960892077|4710247005206|4710467221516
1197693,20424183|20415723|20406349|20370688|20333225|20332419|20307585|20301149|20246068|20246013
1197709,20424183|20415723|20406349|20370688|20333225|20332419|20307585|20301149|20246068|20246013
1198010,20424183|20415723|20406349|20370688|20333225|20332419|20307585|20301149|20246068|20246013
1198454,20424183|20415723|20406349|20370688|20333225|20332419|20307585|20301149|20246068|20246013
1198768,20424183|20415723|20406349|20370688|20333225|20332419|20307585|20301149|20246068|20246013
1199499,20424183|20415723|20406349|20370688|20333225|20332419|20307585|20301149|20246068|20246013
1199642,20424183|20415723|20406349|20370688|20333225|20332419|20307585|20301149|20246068|20246013
1199765,4712278884263|4711634000965|47100312|4711686006090|4710998000802|4710731060124|4710363382045|4710247005206|4710032601194|4710015103370
1199833,20424183|20415723|20406349|20370688|20333225|20332419|20307585|20301149|20246068|20246013
1200010,20424183|20415723|20406349|20370688|20333225|20332419|20307585|20301149|20246068|20246013
1200027,20424183|20415723|20406349|20370688|20333225|20332419|20307585|20301149|20246068|20246013
1200218,20424183|20415723|20406349|20370688|20333225|20332419|20307585|20301149|20246068|20246013
1200584,20424183|20415723|20406349|20370688|20333225|20332419|20307585|20301149|20246068|20246013
1200621,4711686006090|4710998000802|4710731060124|4710363382045|4710032601194|4710015103370|4711128668787|4710960892077|4710247005206|4710467221516
1200751,20424183|20415723|20406349|20370688|20333225|20332419|20307585|20301149|20246068|20246013
1200966,8007150511013|4710088433268|20424183|20415723|20406349|20370688|20333225|20332419|20307585|20301149
1201802,20451042|20424183|20415723|20406349|20370688|20333225|20307585|20301149|20246068|20246013
1202243,20424183|20415723|20406349|20370688|20333225|20332419|20307585|20301149|20246068|20246013
1202335,20424183|20415723|20406349|20370688|20333225|20332419|20307585|20301149|20246068|20246013
1202380,4711686006090|4710998000802|4710731060124|4710363382045|4710032601194|4710015103370|4711128668787|4710960892077|4710247005206|4710467221516
1202434,20424183|20415723|20406349|20370688|20333225|20332419|20307585|20301149|20246068|20246013
1202458,20451042|20415723|20406349|20370688|20333225|20332419|20307585|20301149|20246068|20246013
1202533,20424183|20415723|20406349|20370688|20333225|20332419|20307585|20301149|20246068|20246013
1202588,20424183|20415723|20406349|20370688|20333225|20332419|20307585|20301149|20246068|20246013
1202687,20424183|20415723|20406349|20370688|20333225|20332419|20307585|20301149|20246068|20246013
1202694,20451042|20424183|20415723|20406349|20370688|20333225|20332419|20301149|20246068|20246013
1203622,4711686006090|4710998000802|4710731060124|4710363382045|4710032601194|4710015103370|4711128668787|4710960892077|4710247005206|4710467221516
1203653,20424183|20415723|20406349|20370688|20333225|20332419|20307585|20301149|20246068|20246013
1204117,20424183|20415723|20406349|20370688|20333225|20332419|20307585|20301149|20246068|20246013
1204308,20424183|20415723|20406349|20370688|20333225|20332419|20307585|20301149|20246068|20246013
1205954,20424183|20415723|20406349|20370688|20333225|20332419|20307585|20301149|20246068|20246013
1206098,4711022100031|4710057830012|51000024237|20557003|8801047271024|4710043981513|4710176023098|4710583910004|4710247006562|47106710
1206111,20424183|20415723|20406349|20370688|20333225|20332419|20307585|20301149|20246068|20246013
1207460,20424183|20415723|20406349|20370688|20333225|20332419|20307585|20301149|20246068|20246013
1207514,20424183|20415723|20406349|20370688|20333225|20332419|20307585|20301149|20246068|20246013
1207811,20424183|20415723|20406349|20370688|20333225|20332419|20307585|20301149|20246068|20246013
1208214,4711686006090|4710998000802|4710731060124|4710363382045|4710032601194|4710015103370|4711128668787|4710960892077|4710247005206|4710467221516
1208269,20424183|20415723|20406349|20370688|20333225|20332419|20307585|20301149|20246068|20246013
1208726,20424183|20415723|20406349|20370688|20333225|20332419|20307585|20301149|20246068|20246013
1209013,20424183|20415723|20406349|20370688|20333225|20332419|20307585|20301149|20246068|20246013
1209563,20424183|20415723|20406349|20370688|20333225|20332419|20307585|20301149|20246068|20246013
1211139,4711686006090|4710998000802|4710731060124|4710363382045|4710032601194|4710015103370|4711128668787|4710960892077|4710247005206|4710467221516
1211252,20424183|20415723|20406349|20370688|20333225|20332419|20307585|20301149|20246068|20246013
1211412,20424183|20415723|20406349|20370688|20333225|20332419|20307585|20301149|20246068|20246013
1211504,20424183|20415723|20406349|20370688|20333225|20332419|20307585|20301149|20246068|20246013
1211559,4710011409056|4710857000042|4710011405133|4710011401128|20424183|20415723|20406349|20370688|20333225|20332419
1212235,20424183|20415723|20406349|20370688|20333225|20332419|20307585|20301149|20246068|20246013
1212686,4711686006090|4710998000802|4710731060124|4710363382045|4710032601194|4710015103370|4711128668787|4710960892077|4710247005206|4710467221516
1212822,20424183|20415723|20406349|20370688|20333225|20332419|20307585|20301149|20246068|20246013
1212839,4710362010093|4719090701051|4714381003128|37000440192|4710174041551|4710105015125|20424183|20415723|20406349|20370688
1213379,20424183|20415723|20406349|20370688|20333225|20332419|20307585|20301149|20246068|20246013
1213409,20424183|20415723|20406349|20370688|20333225|20332419|20307585|20301149|20246068|20246013
1213522,20424183|20415723|20406349|20370688|20333225|20332419|20307585|20301149|20246068|20246013
1213874,20424183|20415723|20406349|20370688|20333225|20332419|20307585|20301149|20246068|20246013
1213881,20424183|20415723|20406349|20370688|20333225|20332419|20307585|20301149|20246068|20246013
1214222,4711686006090|4710998000802|4710731060124|4710363382045|4710032601194|4710015103370|4711128668787|4710960892077|4710247005206|4710467221516
1214512,4711686006090|4710998000802|4710731060124|4710363382045|4710032601194|4710015103370|4711128668787|4710960892077|4710247005206|4710467221516
1214918,20424183|20415723|20406349|20370688|20333225|20332419|20307585|20301149|20246068|20246013
1215038,20424183|20415723|20406349|20370688|20333225|20332419|20307585|20301149|20246068|20246013
1215151,20424183|20415723|20406349|20370688|20333225|20332419|20307585|20301149|20246068|20246013
1215175,4710105051017|20424183|20415723|20406349|20370688|20333225|20332419|20307585|20301149|20246068
1215410,20424183|20415723|20406349|20370688|20333225|20332419|20307585|20301149|20246068|20246013
1215489,20424183|20415723|20406349|20370688|20333225|20332419|20307585|20301149|20246068|20246013
1215595,4711686006090|4710998000802|4710731060124|4710363382045|4710032601194|4710015103370|4711128668787|4710960892077|4710247005206|4710467221516
1215663,20424183|20415723|20406349|20370688|20333225|20332419|20307585|20301149|20246068|20246013
1215762,20424183|20415723|20406349|20370688|20333225|20332419|20307585|20301149|20246068|20246013
1215854,4711686006090|4710998000802|4710731060124|4710363382045|4710032601194|4710015103370|4711128668787|4710960892077|4710247005206|4710467221516
1216455,20424183|20415723|20406349|20370688|20333225|20332419|20307585|20301149|20246068|20246013
1216530,20424183|20415723|20406349|20370688|20333225|20332419|20307585|20301149|20246068|20246013
1216783,20424183|20415723|20406349|20370688|20333225|20332419|20307585|20301149|20246068|20246013
1216998,4714686400394|4710362010482|4711163000603|4710626844013|4710172030069|4014400901573|20424183|20415723|20406349|20370688
1217834,4711686006090|4710998000802|4710731060124|4710363382045|4710032601194|4710015103370|4711128668787|4710960892077|4710247005206|4710467221516
1218312,20424183|20415723|20406349|20370688|20333225|20332419|20307585|20301149|20246068|20246013
1220698,20424183|20415723|20406349|20370688|20333225|20332419|20307585|20301149|20246068|20246013
1220810,20424183|20415723|20406349|20370688|20333225|20332419|20307585|20301149|20246068|20246013
1221268,20451042|20424183|20415723|20406349|20370688|20333225|20332419|20301149|20246068|20246013
1221459,20424183|20415723|20406349|20370688|20333225|20332419|20307585|20301149|20246068|20246013
1221558,20424183|20415723|20406349|20370688|20333225|20332419|20307585|20301149|20246068|20246013
1221633,20424183|20415723|20406349|20370688|20333225|20332419|20307585|20301149|20246068|20246013
1224306,20424183|20415723|20406349|20370688|20333225|20332419|20307585|20301149|20246068|20246013
1224368,20424183|20415723|20406349|20370688|20333225|20332419|20307585|20301149|20246068|20246013
1224436,20424183|20415723|20406349|20370688|20333225|20332419|20307585|20301149|20246068|20246013
1225396,20424183|20415723|20406349|20370688|20333225|20332419|20307585|20301149|20246068|20246013
1225532,20424183|20415723|20406349|20370688|20333225|20332419|20307585|20301149|20246068|20246013
1227048,20424183|20415723|20406349|20370688|20333225|20332419|20307585|20301149|20246068|20246013
1227468,20424183|20415723|20406349|20370688|20333225|20332419|20307585|20301149|20246068|20246013
1227772,20424183|20415723|20406349|20370688|20333225|20332419|20307585|20301149|20246068|20246013
1227888,4711686006090|4710998000802|4710731060124|4710363382045|4710032601194|4710015103370|4711128668787|4710960892077|4710247005206|4710467221516
1228007,4719090900058|4711080010112|4714981010038|20424183|20415723|20406349|20370688|20333225|20332419|20307585
1228069,20424183|20415723|20406349|20370688|20333225|20332419|20307585|20301149|20246068|20246013
1229400,20424183|20415723|20406349|20370688|20333225|20332419|20307585|20301149|20246068|20246013
1229455,20424183|20415723|20406349|20370688|20333225|20332419|20307585|20301149|20246068|20246013
1229646,20424183|20415723|20406349|20370688|20333225|20332419|20307585|20301149|20246068|20246013
1232028,4711686006090|4710998000802|4710731060124|4710363382045|4710032601194|4710015103370|4711128668787|4710960892077|4710247005206|4710467221516
1233667,4711686006090|4710998000802|4710731060124|4710363382045|4710032601194|4710015103370|4711128668787|4710960892077|4710247005206|4710467221516
1234145,20451042|20424183|20406349|20370688|20333225|20332419|20307585|20301149|20246068|20246013
1234336,20424183|20415723|20406349|20370688|20333225|20332419|20307585|20301149|20246068|20246013
1234367,20424183|20415723|20406349|20370688|20333225|20332419|20307585|20301149|20246068|20246013
1234411,20424183|20415723|20406349|20370688|20333225|20332419|20307585|20301149|20246068|20246013
1235661,20424183|20415723|20406349|20370688|20333225|20332419|20307585|20301149|20246068|20246013
1237214,20451042|20424183|20415723|20406349|20370688|20333225|20332419|20307585|20301149|20246068
1237368,20424183|20415723|20406349|20370688|20333225|20332419|20307585|20301149|20246068|20246013
1237580,20424183|20415723|20406349|20370688|20333225|20332419|20307585|20301149|20246068|20246013
1238266,20424183|20415723|20406349|20370688|20333225|20332419|20307585|20301149|20246068|20246013
1238662,4711686006090|4710998000802|4710731060124|4710363382045|4710032601194|4710015103370|4711128668787|4710960892077|4710247005206|4710467221516
1238747,4710498990085|4710008290155|20424183|20415723|20406349|20370688|20333225|20332419|20307585|20301149
1239096,20424183|20415723|20406349|20370688|20333225|20332419|20307585|20301149|20246068|20246013
1239126,20424183|20415723|20406349|20370688|20333225|20332419|20307585|20301149|20246068|20246013
1239300,20424183|20415723|20406349|20370688|20333225|20332419|20307585|20301149|20246068|20246013
1239461,20424183|20415723|20406349|20370688|20333225|20332419|20307585|20301149|20246068|20246013
1239560,20424183|20415723|20406349|20370688|20333225|20332419|20307585|20301149|20246068|20246013
1239959,20424183|20415723|20406349|20370688|20333225|20332419|20307585|20301149|20246068|20246013
1240221,4711686006090|4710998000802|4710731060124|4710363382045|4710032601194|4710015103370|4711128668787|4710960892077|4710247005206|4710467221516
1241020,20424183|20415723|20406349|20370688|20333225|20332419|20307585|20301149|20246068|20246013
1241044,20424183|20415723|20406349|20370688|20333225|20332419|20307585|20301149|20246068|20246013
1241525,20424183|20415723|20406349|20370688|20333225|20332419|20307585|20301149|20246068|20246013
1241563,20451042|20424183|20415723|20406349|20370688|20333225|20332419|20301149|20246068|20246013
1241655,20424183|20415723|20406349|20370688|20333225|20332419|20307585|20301149|20246068|20246013
1241792,4711686006090|4710998000802|4710731060124|4710363382045|4710032601194|4710015103370|4711128668787|4710960892077|4710247005206|4710467221516
1241839,20451042|20424183|20415723|20406349|20370688|20333225|20332419|20301149|20246068|20246013
1241853,20424183|20415723|20406349|20370688|20333225|20332419|20307585|20301149|20246068|20246013
1241907,20424183|20415723|20406349|20370688|20333225|20332419|20307585|20301149|20246068|20246013
1242164,4711686006090|4710998000802|4710731060124|4710363382045|4710032601194|4710015103370|4711128668787|4710960892077|4710247005206|4710467221516
1242867,20424183|20415723|20406349|20370688|20333225|20332419|20307585|20301149|20246068|20246013
1243550,20424183|20415723|20406349|20370688|20333225|20332419|20307585|20301149|20246068|20246013
1243581,20424183|20415723|20406349|20370688|20333225|20332419|20307585|20301149|20246068|20246013
1243598,20424183|20415723|20406349|20370688|20333225|20332419|20307585|20301149|20246068|20246013
1243635,4710085104116|4712278884263|4711634000965|47100312|4711686006090|4710998000802|4710731060124|4710363382045|4710247005206|4710032601194
1243888,4712278884263|4711634000965|47100312|4711686006090|4710998000802|4710731060124|4710363382045|4710247005206|4710032601194|4710015103370
1244458,20424183|20415723|20406349|20370688|20333225|20332419|20307585|20301149|20246068|20246013
1244939,20424183|20415723|20406349|20370688|20333225|20332419|20307585|20301149|20246068|20246013
1245547,20424183|20415723|20406349|20370688|20333225|20332419|20307585|20301149|20246068|20246013
1246933,20424183|20415723|20406349|20370688|20333225|20332419|20307585|20301149|20246068|20246013
1247428,20424183|20415723|20406349|20370688|20333225|20332419|20307585|20301149|20246068|20246013
1247435,20424183|20415723|20406349|20370688|20333225|20332419|20307585|20301149|20246068|20246013
1249163,20424183|20415723|20406349|20370688|20333225|20332419|20307585|20301149|20246068|20246013
1249347,20424183|20415723|20406349|20370688|20333225|20332419|20307585|20301149|20246068|20246013
1249477,4710670200100|4710105045221|4710088443328|4710011406123|4710105031613|4710088434043|4716617500036|4710126012066|4710105051147|4710515533028
1250121,20451042|20424183|20415723|20406349|20370688|20333225|20332419|20307585|20301149|20246013
1250374,20424183|20415723|20406349|20370688|20333225|20332419|20307585|20301149|20246068|20246013
1251593,20451042|20424183|20415723|20406349|20370688|20333225|20332419|20301149|20246068|20246013
1252026,20424183|20415723|20406349|20370688|20333225|20332419|20307585|20301149|20246068|20246013
1252095,20424183|20415723|20406349|20370688|20333225|20332419|20307585|20301149|20246068|20246013
1252187,20424183|20415723|20406349|20370688|20333225|20332419|20307585|20301149|20246068|20246013
1252224,20424183|20415723|20406349|20370688|20333225|20332419|20307585|20301149|20246068|20246013
1252651,20424183|20415723|20406349|20370688|20333225|20332419|20307585|20301149|20246068|20246013
1252774,20424183|20415723|20406349|20370688|20333225|20332419|20307585|20301149|20246068|20246013
1253467,4711686006090|4710998000802|4710731060124|4710363382045|4710032601194|4710015103370|4711128668787|4710960892077|4710247005206|4710467221516
1253627,20424183|20415723|20406349|20370688|20333225|20332419|20307585|20301149|20246068|20246013
1254334,20424183|20415723|20406349|20370688|20333225|20332419|20307585|20301149|20246068|20246013
1254808,20424183|20415723|20406349|20370688|20333225|20332419|20307585|20301149|20246068|20246013
1254914,20424183|20415723|20406349|20370688|20333225|20332419|20307585|20301149|20246068|20246013
1255577,20424183|20415723|20406349|20370688|20333225|20332419|20307585|20301149|20246068|20246013
1255706,20451042|20424183|20406349|20370688|20333225|20332419|20307585|20301149|20246068|20246013
1256154,20424183|20415723|20406349|20370688|20333225|20332419|20307585|20301149|20246068|20246013
1256352,20424183|20415723|20406349|20370688|20333225|20332419|20307585|20301149|20246068|20246013
1256376,20451042|20424183|20415723|20406349|20370688|20333225|20332419|20307585|20301149|20246068
1256468,20424183|20415723|20406349|20370688|20333225|20332419|20307585|20301149|20246068|20246013
1257069,20424183|20415723|20406349|20370688|20333225|20332419|20307585|20301149|20246068|20246013
1257090,20424183|20415723|20406349|20370688|20333225|20332419|20307585|20301149|20246068|20246013
1257212,20424183|20415723|20406349|20370688|20333225|20332419|20307585|20301149|20246068|20246013
1257281,20424183|20415723|20406349|20370688|20333225|20332419|20307585|20301149|20246068|20246013
1258493,20424183|20415723|20406349|20370688|20333225|20332419|20307585|20301149|20246068|20246013
1258509,4711686006090|4710998000802|4710731060124|4710363382045|4710032601194|4710015103370|4711128668787|4710960892077|4710247005206|4710467221516
1258554,20424183|20415723|20406349|20370688|20333225|20332419|20307585|20301149|20246068|20246013
1259766,20451042|20424183|20415723|20406349|20370688|20333225|20332419|20307585|20301149|20246068
1259896,20424183|20415723|20406349|20370688|20333225|20332419|20307585|20301149|20246068|20246013
1259902,20424183|20415723|20406349|20370688|20333225|20332419|20307585|20301149|20246068|20246013
1260397,20424183|20415723|20406349|20370688|20333225|20332419|20307585|20301149|20246068|20246013
1260427,20424183|20415723|20406349|20370688|20333225|20332419|20307585|20301149|20246068|20246013
1260854,20424183|20415723|20406349|20370688|20333225|20332419|20307585|20301149|20246068|20246013
1260960,4711686006090|4710998000802|4710731060124|4710363382045|4710032601194|4710015103370|4711128668787|4710960892077|4710247005206|4710467221516
1261448,20424183|20415723|20406349|20370688|20333225|20332419|20307585|20301149|20246068|20246013
1261486,20424183|20415723|20406349|20370688|20333225|20332419|20307585|20301149|20246068|20246013
1261509,20424183|20415723|20406349|20370688|20333225|20332419|20307585|20301149|20246068|20246013
1262469,20424183|20415723|20406349|20370688|20333225|20332419|20307585|20301149|20246068|20246013
1262766,4712278884263|4711634000965|47100312|4711686006090|4710998000802|4710731060124|4710363382045|4710247005206|4710032601194|4710015103370
1263114,20424183|20415723|20406349|20370688|20333225|20332419|20307585|20301149|20246068|20246013
1263381,20424183|20415723|20406349|20370688|20333225|20332419|20307585|20301149|20246068|20246013
1263770,20424183|20415723|20406349|20370688|20333225|20332419|20307585|20301149|20246068|20246013
1263947,20424183|20415723|20406349|20370688|20333225|20332419|20307585|20301149|20246068|20246013
1264746,4711686006090|4710998000802|4710731060124|4710363382045|4710032601194|4710015103370|4711128668787|4710960892077|4710247005206|4710467221516
1265071,20424183|20415723|20406349|20370688|20333225|20332419|20307585|20301149|20246068|20246013
1265200,20424183|20415723|20406349|20370688|20333225|20332419|20307585|20301149|20246068|20246013
1265385,20424183|20415723|20406349|20370688|20333225|20332419|20307585|20301149|20246068|20246013
1266498,20424183|20415723|20406349|20370688|20333225|20332419|20307585|20301149|20246068|20246013
1266580,4714276280061|20424183|20415723|20406349|20370688|20333225|20332419|20307585|20301149|20246068
1266801,20424183|20415723|20406349|20370688|20333225|20332419|20307585|20301149|20246068|20246013
1266856,20424183|20415723|20406349|20370688|20333225|20332419|20307585|20301149|20246068|20246013
1267471,20424183|20415723|20406349|20370688|20333225|20332419|20307585|20301149|20246068|20246013
1267648,20424183|20415723|20406349|20370688|20333225|20332419|20307585|20301149|20246068|20246013
1267839,20424183|20415723|20406349|20370688|20333225|20332419|20307585|20301149|20246068|20246013
1268560,20424183|20415723|20406349|20370688|20333225|20332419|20307585|20301149|20246068|20246013
1268584,20451042|20424183|20406349|20370688|20333225|20332419|20307585|20301149|20246068|20246013
1269499,20424183|20415723|20406349|20370688|20333225|20332419|20307585|20301149|20246068|20246013
1270075,4711686006090|4710998000802|4710731060124|4710363382045|4710032601194|4710015103370|4711128668787|4710960892077|4710247005206|4710467221516
1270143,4719090701051|20424183|20415723|20406349|20370688|20333225|20332419|20307585|20301149|20246068
1270167,20451042|20424183|20415723|20370688|20333225|20332419|20307585|20301149|20246068|20246013
1270518,20424183|20415723|20406349|20370688|20333225|20332419|20307585|20301149|20246068|20246013
1271508,4711686006090|4710998000802|4710731060124|4710363382045|4710032601194|4710015103370|4711128668787|4710960892077|4710247005206|4710467221516
1271560,4711686006090|4710998000802|4710731060124|4710363382045|4710032601194|4710015103370|4711128668787|4710960892077|4710247005206|4710467221516
1271683,20424183|20415723|20406349|20370688|20333225|20332419|20307585|20301149|20246068|20246013
1271812,20424183|20415723|20406349|20370688|20333225|20332419|20307585|20301149|20246068|20246013
1271874,20424183|20415723|20406349|20370688|20333225|20332419|20307585|20301149|20246068|20246013
1271997,4711686006090|4710998000802|4710731060124|4710363382045|4710032601194|4710015103370|4711128668787|4710960892077|4710247005206|4710467221516
1272475,20424183|20415723|20406349|20370688|20333225|20332419|20307585|20301149|20246068|20246013
1272918,20424183|20415723|20406349|20370688|20333225|20332419|20307585|20301149|20246068|20246013
1272970,20424183|20415723|20406349|20370688|20333225|20332419|20307585|20301149|20246068|20246013
1273014,20424183|20415723|20406349|20370688|20333225|20332419|20307585|20301149|20246068|20246013
1273458,20424183|20415723|20406349|20370688|20333225|20332419|20307585|20301149|20246068|20246013
1273816,20424183|20415723|20406349|20370688|20333225|20332419|20307585|20301149|20246068|20246013
1273885,20424183|20415723|20406349|20370688|20333225|20332419|20307585|20301149|20246068|20246013
1274066,20424183|20415723|20406349|20370688|20333225|20332419|20307585|20301149|20246068|20246013
1274233,4711686006090|4710998000802|4710731060124|4710363382045|4710032601194|4710015103370|4711128668787|4710960892077|4710247005206|4710467221516
1274592,20424183|20415723|20406349|20370688|20333225|20332419|20307585|20301149|20246068|20246013
1275605,20424183|20415723|20406349|20370688|20333225|20332419|20307585|20301149|20246068|20246013
1275773,20424183|20415723|20406349|20370688|20333225|20332419|20307585|20301149|20246068|20246013
1276091,20424183|20415723|20406349|20370688|20333225|20332419|20307585|20301149|20246068|20246013
1276442,20424183|20415723|20406349|20370688|20333225|20332419|20307585|20301149|20246068|20246013
1276459,20424183|20415723|20406349|20370688|20333225|20332419|20307585|20301149|20246068|20246013
1276725,20424183|20415723|20406349|20370688|20333225|20332419|20307585|20301149|20246068|20246013
1276763,20424183|20415723|20406349|20370688|20333225|20332419|20307585|20301149|20246068|20246013
1277111,20424183|20415723|20406349|20370688|20333225|20332419|20307585|20301149|20246068|20246013
1277623,20424183|20415723|20406349|20370688|20333225|20332419|20307585|20301149|20246068|20246013
1277852,4711686006090|4710998000802|4710731060124|4710363382045|4710032601194|4710015103370|4711128668787|4710960892077|4710247005206|4710467221516
1279368,20424183|20415723|20406349|20370688|20333225|20332419|20307585|20301149|20246068|20246013
1279535,20451042|20424183|20415723|20406349|20370688|20333225|20332419|20307585|20301149|20246068
1279641,20424183|20415723|20406349|20370688|20333225|20332419|20307585|20301149|20246068|20246013
1280081,20424183|20415723|20406349|20370688|20333225|20332419|20307585|20301149|20246068|20246013
1281286,4710105015521|4711663700010|4714981010038|20451042|20424183|20415723|20406349|20370688|20333225|20332419
1281477,4711686006090|4710998000802|4710731060124|4710363382045|4710032601194|4710015103370|4711128668787|4710960892077|4710247005206|4710467221516
1281682,20424183|20415723|20406349|20370688|20333225|20332419|20307585|20301149|20246068|20246013
1282054,20424183|20415723|20406349|20370688|20333225|20332419|20307585|20301149|20246068|20246013
1282375,4712278884263|4711634000965|47100312|4711686006090|4710998000802|4710731060124|4710363382045|4710032601194|4710015103370|4710200000019
1284263,20424183|20415723|20406349|20370688|20333225|20332419|20307585|20301149|20246068|20246013
1284416,20424183|20415723|20406349|20370688|20333225|20332419|20307585|20301149|20246068|20246013
1284911,20424183|20415723|20406349|20370688|20333225|20332419|20307585|20301149|20246068|20246013
1285086,20424183|20415723|20406349|20370688|20333225|20332419|20307585|20301149|20246068|20246013
1286304,20424183|20415723|20406349|20370688|20333225|20332419|20307585|20301149|20246068|20246013
1288186,20424183|20415723|20406349|20370688|20333225|20332419|20307585|20301149|20246068|20246013
1288247,20424183|20415723|20406349|20370688|20333225|20332419|20307585|20301149|20246068|20246013
1288254,20424183|20415723|20406349|20370688|20333225|20332419|20307585|20301149|20246068|20246013
1289053,4711258001508|4711128668787|4710960892077|4710467221516|4710088414311|4710011414012|4710094097768|4710632001660|4710105015125|20424183
1289244,20424183|20415723|20406349|20370688|20333225|20332419|20307585|20301149|20246068|20246013
1289398,20424183|20415723|20406349|20370688|20333225|20332419|20307585|20301149|20246068|20246013
1289565,20424183|20415723|20406349|20370688|20333225|20332419|20307585|20301149|20246068|20246013
1289664,20424183|20415723|20406349|20370688|20333225|20332419|20307585|20301149|20246068|20246013
1290134,4711686006090|4710998000802|4710731060124|4710363382045|4710032601194|4710015103370|4711128668787|4710960892077|4710247005206|4710467221516
1290905,20424183|20415723|20406349|20370688|20333225|20332419|20307585|20301149|20246068|20246013
1291070,20424183|20415723|20406349|20370688|20333225|20332419|20307585|20301149|20246068|20246013
1291100,20424183|20415723|20406349|20370688|20333225|20332419|20307585|20301149|20246068|20246013
1292084,20424183|20415723|20406349|20370688|20333225|20332419|20307585|20301149|20246068|20246013
1292350,20424183|20415723|20406349|20370688|20333225|20332419|20307585|20301149|20246068|20246013
1292459,20424183|20415723|20406349|20370688|20333225|20332419|20307585|20301149|20246068|20246013
1293098,20424183|20415723|20406349|20370688|20333225|20332419|20307585|20301149|20246068|20246013
1293654,4711686006090|4710998000802|4710731060124|4710363382045|4710032601194|4710015103370|4711128668787|4710960892077|4710247005206|4710467221516
1293708,9300644131759|4710105011011|4711128668787|4710960892077|4710583910004|4710362010093|47106710|4710467221516|4711163000603|4710088414328
1293913,4711686006090|4710998000802|4710731060124|4710363382045|4710032601194|4710015103370|4711128668787|4710960892077|4710247005206|4710467221516
1293975,20424183|20415723|20406349|20370688|20333225|20332419|20307585|20301149|20246068|20246013
1294064,20424183|20415723|20406349|20370688|20333225|20332419|20307585|20301149|20246068|20246013
1294187,20424183|20415723|20406349|20370688|20333225|20332419|20307585|20301149|20246068|20246013
1294538,4710098162806|4902757160906|4710105045320|4710105045450|20424183|20415723|20406349|20370688|20333225|20332419
1294699,20424183|20415723|20406349|20370688|20333225|20332419|20307585|20301149|20246068|20246013
1294910,20424183|20415723|20406349|20370688|20333225|20332419|20307585|20301149|20246068|20246013
1295214,20424183|20415723|20406349|20370688|20333225|20332419|20307585|20301149|20246068|20246013
1295511,20424183|20415723|20406349|20370688|20333225|20332419|20307585|20301149|20246068|20246013
1296143,20424183|20415723|20406349|20370688|20333225|20332419|20307585|20301149|20246068|20246013
1296372,4710085150328|9300644131759|4710105011011|4711022100031|4711128668787|4710960892077|4710362010093|4710467221516|4710057830012|51000024237
1297232,4711686006090|4710998000802|4710731060124|4710363382045|4710032601194|4710015103370|4711128668787|4710960892077|4710247005206|4710467221516
1298871,20424183|20415723|20406349|20370688|20333225|20332419|20307585|20301149|20246068|20246013
1299519,20424183|20415723|20406349|20370688|20333225|20332419|20307585|20301149|20246068|20246013
1299670,4711686006090|4710998000802|4710731060124|4710363382045|4710032601194|4710015103370|4711128668787|4710960892077|4710247005206|4710467221516
1299717,20424183|20415723|20406349|20370688|20333225|20332419|20307585|20301149|20246068|20246013
1299854,4710015103073|20424183|20415723|20406349|20370688|20333225|20332419|20307585|20301149|20246068
1299878,20424183|20415723|20406349|20370688|20333225|20332419|20307585|20301149|20246068|20246013
1300130,20424183|20415723|20406349|20370688|20333225|20332419|20307585|20301149|20246068|20246013
1300390,20424183|20415723|20406349|20370688|20333225|20332419|20307585|20301149|20246068|20246013
1300642,20424183|20415723|20406349|20370688|20333225|20332419|20307585|20301149|20246068|20246013
1301113,20424183|20415723|20406349|20370688|20333225|20332419|20307585|20301149|20246068|20246013
1301274,20451042|20424183|20415723|20406349|20370688|20333225|20307585|20301149|20246068|20246013
1301830,20424183|20415723|20406349|20370688|20333225|20332419|20307585|20301149|20246068|20246013
1301885,20451042|20424183|20415723|20406349|20370688|20333225|20332419|20307585|20301149|20246068
1302103,4711686006090|4710998000802|4710731060124|4710363382045|4710032601194|4710015103370|4711128668787|4710960892077|4710247005206|4710467221516
1302172,20424183|20415723|20406349|20370688|20333225|20332419|20307585|20301149|20246068|20246013
1302448,4711686006090|4710998000802|4710731060124|4710363382045|4710032601194|4710015103370|4711128668787|4710960892077|4710247005206|4710467221516
1302486,20424183|20415723|20406349|20370688|20333225|20332419|20307585|20301149|20246068|20246013
1302561,20424183|20415723|20406349|20370688|20333225|20332419|20307585|20301149|20246068|20246013
1302653,4711686006090|4710998000802|4710731060124|4710363382045|4710032601194|4710015103370|4711128668787|4710960892077|4710247005206|4710467221516
1303568,20424183|20415723|20406349|20370688|20333225|20332419|20307585|20301149|20246068|20246013
1304312,20424183|20415723|20406349|20370688|20333225|20332419|20307585|20301149|20246068|20246013
1304527,20451042|20424183|20406349|20370688|20333225|20332419|20307585|20301149|20246068|20246013
1304770,20424183|20415723|20406349|20370688|20333225|20332419|20307585|20301149|20246068|20246013
1304893,4712278884263|4711634000965|47100312|4711686006090|4710998000802|4710731060124|4710363382045|4710247005206|4710032601194|4710015103370
1305029,20424183|20415723|20406349|20370688|20333225|20332419|20307585|20301149|20246068|20246013
1305166,20451042|20424183|20415723|20406349|20370688|20333225|20332419|20307585|20301149|20246068
1306255,20424183|20415723|20406349|20370688|20333225|20332419|20307585|20301149|20246068|20246013
1306491,20424183|20415723|20406349|20370688|20333225|20332419|20307585|20301149|20246068|20246013
1307405,4711686006090|4710998000802|4710731060124|4710363382045|4710032601194|4710015103370|4711128668787|4710960892077|4710247005206|4710467221516
1307719,4710088430922|4711524001041|4710290007011|4710022102892|4710088432476|4711524000471|4710857472634|4710088434258|4710088433343|4710088433268
1307993,20424183|20415723|20406349|20370688|20333225|20332419|20307585|20301149|20246068|20246013
1308594,4711686006090|4710998000802|4710731060124|4710363382045|4710032601194|4710015103370|4711128668787|4710960892077|4710247005206|4710467221516
1308617,20424183|20415723|20406349|20370688|20333225|20332419|20307585|20301149|20246068|20246013
1309652,20424183|20415723|20406349|20370688|20333225|20332419|20307585|20301149|20246068|20246013
1309881,20424183|20415723|20406349|20370688|20333225|20332419|20307585|20301149|20246068|20246013
1310085,20424183|20415723|20406349|20370688|20333225|20332419|20307585|20301149|20246068|20246013
1310122,4711686006090|4710998000802|4710731060124|4710363382045|4710032601194|4710015103370|4711128668787|4710960892077|4710247005206|4710467221516
1310658,20424183|20415723|20406349|20370688|20333225|20332419|20307585|20301149|20246068|20246013
1311365,20424183|20415723|20406349|20370688|20333225|20332419|20307585|20301149|20246068|20246013
1312003,20424183|20415723|20406349|20370688|20333225|20332419|20307585|20301149|20246068|20246013
1312010,4711686006090|4710998000802|4710731060124|4710363382045|4710032601194|4710015103370|4711128668787|4710960892077|4710247005206|4710467221516
1312140,20424183|20415723|20406349|20370688|20333225|20332419|20307585|20301149|20246068|20246013
1312331,20424183|20415723|20406349|20370688|20333225|20332419|20307585|20301149|20246068|20246013
1312676,20424183|20415723|20406349|20370688|20333225|20332419|20307585|20301149|20246068|20246013
1313536,4711686006090|4710998000802|4710731060124|4710363382045|4710032601194|4710015103370|4711128668787|4710960892077|4710247005206|4710467221516
1313567,20424183|20415723|20406349|20370688|20333225|20332419|20307585|20301149|20246068|20246013
1313611,20424183|20415723|20406349|20370688|20333225|20332419|20307585|20301149|20246068|20246013
1313789,4711686006090|4710998000802|4710731060124|4710363382045|4710032601194|4710015103370|4711128668787|4710960892077|4710247005206|4710467221516
1313925,20424183|20415723|20406349|20370688|20333225|20332419|20307585|20301149|20246068|20246013
1314052,4711686006090|4710998000802|4710731060124|4710363382045|4710032601194|4710015103370|4711128668787|4710960892077|4710247005206|4710467221516
1314496,20424183|20415723|20406349|20370688|20333225|20332419|20307585|20301149|20246068|20246013
1314564,20424183|20415723|20406349|20370688|20333225|20332419|20307585|20301149|20246068|20246013
1315080,20424183|20415723|20406349|20370688|20333225|20332419|20307585|20301149|20246068|20246013
1315264,4711686006090|4710998000802|4710731060124|4710363382045|4710247005206|4710032601194|4710015103370|4710088431295|4711039232190|4710290003082
1316278,20424183|20415723|20406349|20370688|20333225|20332419|20307585|20301149|20246068|20246013
1316841,20424183|20415723|20406349|20370688|20333225|20332419|20307585|20301149|20246068|20246013
1317046,20424183|20415723|20406349|20370688|20333225|20332419|20307585|20301149|20246068|20246013
1317138,4711686006090|4710998000802|4710731060124|4710363382045|4710032601194|4710015103370|4711128668787|4710960892077|4710247005206|4710467221516
1317220,20424183|20415723|20406349|20370688|20333225|20332419|20307585|20301149|20246068|20246013
1317770,20424183|20415723|20406349|20370688|20333225|20332419|20307585|20301149|20246068|20246013
1317954,20424183|20415723|20406349|20370688|20333225|20332419|20307585|20301149|20246068|20246013
1318395,20424183|20415723|20406349|20370688|20333225|20332419|20307585|20301149|20246068|20246013
1318555,20424183|20415723|20406349|20370688|20333225|20332419|20307585|20301149|20246068|20246013
1318654,20424183|20415723|20406349|20370688|20333225|20332419|20307585|20301149|20246068|20246013
1319071,20424183|20415723|20406349|20370688|20333225|20332419|20307585|20301149|20246068|20246013
1319279,4711686006090|4710998000802|4710731060124|4710363382045|4710032601194|4710015103370|4711128668787|4710960892077|4710247005206|4710467221516
1319521,20424183|20415723|20406349|20370688|20333225|20332419|20307585|20301149|20246068|20246013
1319644,20424183|20415723|20406349|20370688|20333225|20332419|20307585|20301149|20246068|20246013
1320190,4711686006090|4710998000802|4710731060124|4710363382045|4710032601194|4710015103370|4711128668787|4710960892077|4710247005206|4710467221516
1320282,20424183|20415723|20406349|20370688|20333225|20332419|20307585|20301149|20246068|20246013
1320572,4711686006090|4710998000802|4710731060124|4710363382045|4710032601194|4710015103370|4711128668787|4710960892077|4710247005206|4710467221516
1321609,4711686006090|4710998000802|4710731060124|4710363382045|4710032601194|4710015103370|4711128668787|4710960892077|4710247005206|4710467221516
1322231,20424183|20415723|20406349|20370688|20333225|20332419|20307585|20301149|20246068|20246013
1322477,20424183|20415723|20406349|20370688|20333225|20332419|20307585|20301149|20246068|20246013
1322804,20424183|20415723|20406349|20370688|20333225|20332419|20307585|20301149|20246068|20246013
1323429,20424183|20415723|20406349|20370688|20333225|20332419|20307585|20301149|20246068|20246013
1323573,20424183|20415723|20406349|20370688|20333225|20332419|20307585|20301149|20246068|20246013
1323894,20424183|20415723|20406349|20370688|20333225|20332419|20307585|20301149|20246068|20246013
1325164,20424183|20415723|20406349|20370688|20333225|20332419|20307585|20301149|20246068|20246013
1325232,4711686006090|4710998000802|4710731060124|4710363382045|4710032601194|4710015103370|4711128668787|4710960892077|4710247005206|4710467221516
1325591,20424183|20415723|20406349|20370688|20333225|20332419|20307585|20301149|20246068|20246013
1325874,20424183|20415723|20406349|20370688|20333225|20332419|20307585|20301149|20246068|20246013
1326093,20424183|20415723|20406349|20370688|20333225|20332419|20307585|20301149|20246068|20246013
1327205,9555037202039|9310155412520|4901005202702|4712500125126|4711128668787|4710960892077|4710294610811|4710018031632|20553418|4710467221516
1327380,20424183|20415723|20406349|20370688|20333225|20332419|20307585|20301149|20246068|20246013
1328028,4710022209591|4710233101035|4710011405133|4710105051147|4710088432353|4711524000396|20424183|20415723|20406349|20370688
1328066,9555037202039|9310155412520|4901005202702|4711128668787|4710960892077|4710323168054|4710294610811|4710018031632|4710467221516|4710105024127
1328288,20424183|20415723|20406349|20370688|20333225|20332419|20307585|20301149|20246068|20246013
1328738,20424183|20415723|20406349|20370688|20333225|20332419|20307585|20301149|20246068|20246013
1328912,20424183|20415723|20406349|20370688|20333225|20332419|20307585|20301149|20246068|20246013
1329742,4710126392199|4710857000042|4710011432825|4710011401128|4713985863121|9557615168355|4711524000907|4710247001765|4710011432856|4710011406123
1330144,20424183|20415723|20406349|20370688|20333225|20332419|20307585|20301149|20246068|20246013
1330458,20424183|20415723|20406349|20370688|20333225|20332419|20307585|20301149|20246068|20246013
1330571,20424183|20415723|20406349|20370688|20333225|20332419|20307585|20301149|20246068|20246013
1330793,4711686006090|4710998000802|4710731060124|4710363382045|4710032601194|4710015103370|4711128668787|4710960892077|4710247005206|4710467221516
1331080,20424183|20415723|20406349|20370688|20333225|20332419|20307585|20301149|20246068|20246013
1331592,20424183|20415723|20406349|20370688|20333225|20332419|20307585|20301149|20246068|20246013
1331622,20424183|20415723|20406349|20370688|20333225|20332419|20307585|20301149|20246068|20246013
1331851,20424183|20415723|20406349|20370688|20333225|20332419|20307585|20301149|20246068|20246013
1332292,20424183|20415723|20406349|20370688|20333225|20332419|20307585|20301149|20246068|20246013
1332438,4711686006090|4710998000802|4710731060124|4710363382045|4710032601194|4710015103370|4711128668787|4710960892077|4710247005206|4710467221516
1332933,4710105020341|4710105020358|4710857472634|4712278884263|4711634000965|47100312|4710998000802|4710731060124|4710363382045|4710247005206
1333282,20424183|20415723|20406349|20370688|20333225|20332419|20307585|20301149|20246068|20246013
1333299,20424183|20415723|20406349|20370688|20333225|20332419|20307585|20301149|20246068|20246013
1333398,20424183|20415723|20406349|20370688|20333225|20332419|20307585|20301149|20246068|20246013
1333602,20424183|20415723|20406349|20370688|20333225|20332419|20307585|20301149|20246068|20246013
1335279,20424183|20415723|20406349|20370688|20333225|20332419|20307585|20301149|20246068|20246013
1335422,20424183|20415723|20406349|20370688|20333225|20332419|20307585|20301149|20246068|20246013
1336221,4711686006090|4710998000802|4710731060124|4710363382045|4710032601194|4710015103370|4711128668787|4710960892077|4710247005206|4710467221516
1336610,20424183|20415723|20406349|20370688|20333225|20332419|20307585|20301149|20246068|20246013
1336719,20424183|20415723|20406349|20370688|20333225|20332419|20307585|20301149|20246068|20246013
1337631,20424183|20415723|20406349|20370688|20333225|20332419|20307585|20301149|20246068|20246013
1338713,20424183|20415723|20406349|20370688|20333225|20332419|20307585|20301149|20246068|20246013
1339055,20424183|20415723|20406349|20370688|20333225|20332419|20307585|20301149|20246068|20246013
1339222,20424183|20415723|20406349|20370688|20333225|20332419|20307585|20301149|20246068|20246013
1339345,20424183|20415723|20406349|20370688|20333225|20332419|20307585|20301149|20246068|20246013
1339635,4711686006090|4710998000802|4710731060124|4710363382045|4710032601194|4710015103370|4711128668787|4710960892077|4710247005206|4710467221516
1339673,20424183|20415723|20406349|20370688|20333225|20332419|20307585|20301149|20246068|20246013
1340167,8934614019061|4718429100077|4710105046013|4714686400394|4014400901573|20424183|20415723|20406349|20370688|20333225
1340181,20424183|20415723|20406349|20370688|20333225|20332419|20307585|20301149|20246068|20246013
1340594,20424183|20415723|20406349|20370688|20333225|20332419|20307585|20301149|20246068|20246013
1341164,20424183|20415723|20406349|20370688|20333225|20332419|20307585|20301149|20246068|20246013
1341256,20424183|20415723|20406349|20370688|20333225|20332419|20307585|20301149|20246068|20246013
1341362,20424183|20415723|20406349|20370688|20333225|20332419|20307585|20301149|20246068|20246013
1341430,20424183|20415723|20406349|20370688|20333225|20332419|20307585|20301149|20246068|20246013
1341485,4711686006090|4710998000802|4710731060124|4710363382045|4710032601194|4710015103370|4711128668787|4710960892077|4710247005206|4710467221516
1341645,20424183|20415723|20406349|20370688|20333225|20332419|20307585|20301149|20246068|20246013
1341980,20424183|20415723|20406349|20370688|20333225|20332419|20307585|20301149|20246068|20246013
1342079,20424183|20415723|20406349|20370688|20333225|20332419|20307585|20301149|20246068|20246013
1342550,20424183|20415723|20406349|20370688|20333225|20332419|20307585|20301149|20246068|20246013
1342611,20424183|20415723|20406349|20370688|20333225|20332419|20307585|20301149|20246068|20246013
1342703,4711686006090|4710998000802|4710731060124|4710363382045|4710032601194|4710015103370|4711128668787|4710960892077|4710247005206|4710467221516
1343243,20424183|20415723|20406349|20370688|20333225|20332419|20307585|20301149|20246068|20246013
1345292,20424183|20415723|20406349|20370688|20333225|20332419|20307585|20301149|20246068|20246013
1345407,20424183|20415723|20406349|20370688|20333225|20332419|20307585|20301149|20246068|20246013
1346046,20424183|20415723|20406349|20370688|20333225|20332419|20307585|20301149|20246068|20246013
1346091,20451042|20424183|20415723|20370688|20333225|20332419|20307585|20301149|20246068|20246013
1346275,20424183|20415723|20406349|20370688|20333225|20332419|20307585|20301149|20246068|20246013
1346893,20424183|20415723|20406349|20370688|20333225|20332419|20307585|20301149|20246068|20246013
1346923,20424183|20415723|20406349|20370688|20333225|20332419|20307585|20301149|20246068|20246013
1347104,20424183|20415723|20406349|20370688|20333225|20332419|20307585|20301149|20246068|20246013
1347135,20424183|20415723|20406349|20370688|20333225|20332419|20307585|20301149|20246068|20246013
1347197,20424183|20415723|20406349|20370688|20333225|20332419|20307585|20301149|20246068|20246013
1347548,20424183|20415723|20406349|20370688|20333225|20332419|20307585|20301149|20246068|20246013
1347678,20424183|20415723|20406349|20370688|20333225|20332419|20307585|20301149|20246068|20246013
1348699,20451042|20424183|20415723|20406349|20370688|20333225|20332419|20307585|20246068|20246013
1348743,20424183|20415723|20406349|20370688|20333225|20332419|20307585|20301149|20246068|20246013
1349559,20424183|20415723|20406349|20370688|20333225|20332419|20307585|20301149|20246068|20246013
1349795,20424183|20415723|20406349|20370688|20333225|20332419|20307585|20301149|20246068|20246013
1350098,20424183|20415723|20406349|20370688|20333225|20332419|20307585|20301149|20246068|20246013
1350142,20424183|20415723|20406349|20370688|20333225|20332419|20307585|20301149|20246068|20246013
1350920,20424183|20415723|20406349|20370688|20333225|20332419|20307585|20301149|20246068|20246013
1351248,20424183|20415723|20406349|20370688|20333225|20332419|20307585|20301149|20246068|20246013
1351415,4711686006090|4710998000802|4710731060124|4710363382045|4710032601194|4710015103370|4711128668787|4710960892077|4710247005206|4710467221516
1351507,20424183|20415723|20406349|20370688|20333225|20332419|20307585|20301149|20246068|20246013
1351699,20424183|20415723|20406349|20370688|20333225|20332419|20307585|20301149|20246068|20246013
1351965,20424183|20415723|20406349|20370688|20333225|20332419|20307585|20301149|20246068|20246013
1352450,4711369000018|4710011409056|4710247001765|4719862260410|4710011405133|4712278884263|4711634000965|4710250440186|4710011417099|4710008242123
1352801,4711686006090|4710998000802|4710731060124|4710363382045|4710032601194|4710015103370|4711128668787|4710960892077|4710247005206|4710467221516
1353457,4719859015078|4719859015061|4710722000474|4719090790017|4713758146031|4714381003128|20307585|4714981010038|20424183|20415723
1353662,20424183|20415723|20406349|20370688|20333225|20332419|20307585|20301149|20246068|20246013
1353686,20424183|20415723|20406349|20370688|20333225|20332419|20307585|20301149|20246068|20246013
1354164,20424183|20415723|20406349|20370688|20333225|20332419|20307585|20301149|20246068|20246013
1354560,4712278884263|4711634000965|47100312|4711686006090|4710998000802|4710731060124|4710363382045|4710247005206|4710032601194|4710015103370
1354737,20424183|20415723|20406349|20370688|20333225|20332419|20307585|20301149|20246068|20246013
1355291,4711686006090|4710998000802|4710731060124|4710363382045|4710032601194|4710015103370|4711128668787|4710960892077|4710247005206|4710467221516
1355949,20424183|20415723|20406349|20370688|20333225|20332419|20307585|20301149|20246068|20246013
1356243,20424183|20415723|20406349|20370688|20333225|20332419|20307585|20301149|20246068|20246013
1356571,20424183|20415723|20406349|20370688|20333225|20332419|20307585|20301149|20246068|20246013
1356755,20424183|20415723|20406349|20370688|20333225|20332419|20307585|20301149|20246068|20246013
1356915,20451042|20424183|20415723|20406349|20370688|20333225|20332419|20301149|20246068|20246013
1357509,20424183|20415723|20406349|20370688|20333225|20332419|20307585|20301149|20246068|20246013
1358285,4711686006090|4710998000802|4710731060124|4710363382045|4710032601194|4710015103370|4711128668787|4710960892077|4710247005206|4710467221516
1358315,20424183|20415723|20406349|20370688|20333225|20332419|20307585|20301149|20246068|20246013
1359015,4710109770532|4710543511036|4710362010116|20451042|20424183|20415723|20406349|20370688|20333225|20307585
1359145,20424183|20415723|20406349|20370688|20333225|20332419|20307585|20301149|20246068|20246013
1359220,4711686006090|4710998000802|4710731060124|4710363382045|4710032601194|4710015103370|4711128668787|4710960892077|4710247005206|4710467221516
1359718,20424183|20415723|20406349|20370688|20333225|20332419|20307585|20301149|20246068|20246013
1359824,20424183|20415723|20406349|20370688|20333225|20332419|20307585|20301149|20246068|20246013
1359831,20424183|20415723|20406349|20370688|20333225|20332419|20307585|20301149|20246068|20246013
1360110,20424183|20415723|20406349|20370688|20333225|20332419|20307585|20301149|20246068|20246013
1360356,20424183|20415723|20406349|20370688|20333225|20332419|20307585|20301149|20246068|20246013
1360493,20424183|20415723|20406349|20370688|20333225|20332419|20307585|20301149|20246068|20246013
1360752,20424183|20415723|20406349|20370688|20333225|20332419|20307585|20301149|20246068|20246013
1361384,20424183|20415723|20406349|20370688|20333225|20332419|20307585|20301149|20246068|20246013
1361919,20424183|20415723|20406349|20370688|20333225|20332419|20307585|20301149|20246068|20246013
1361926,20424183|20415723|20406349|20370688|20333225|20332419|20307585|20301149|20246068|20246013
1361988,20424183|20415723|20406349|20370688|20333225|20332419|20307585|20301149|20246068|20246013
1361995,20424183|20415723|20406349|20370688|20333225|20332419|20307585|20301149|20246068|20246013
1363227,20424183|20415723|20406349|20370688|20333225|20332419|20307585|20301149|20246068|20246013
1363388,20424183|20415723|20406349|20370688|20333225|20332419|20307585|20301149|20246068|20246013
1363432,4711524000419|4717101101265|4714276113888|4710011409056|4716617500036|4711634002297|4710088443328|4710088424273|4711524000457|4710515533028
1363586,4711686006090|4710998000802|4710731060124|4710363382045|4710032601194|4710015103370|4711128668787|4710960892077|4710247005206|4710467221516
1363654,4711686006090|4710998000802|4710731060124|4710363382045|4710032601194|4710015103370|4711128668787|4710960892077|4710247005206|4710467221516
1363869,20424183|20415723|20406349|20370688|20333225|20332419|20307585|20301149|20246068|20246013
1364156,20424183|20415723|20406349|20370688|20333225|20332419|20307585|20301149|20246068|20246013
1364231,20451042|20415723|20406349|20370688|20333225|20332419|20307585|20301149|20246068|20246013
1364934,20424183|20415723|20406349|20370688|20333225|20332419|20307585|20301149|20246068|20246013
1365146,20424183|20415723|20406349|20370688|20333225|20332419|20307585|20301149|20246068|20246013
1365207,20424183|20415723|20406349|20370688|20333225|20332419|20307585|20301149|20246068|20246013
1365252,20424183|20415723|20406349|20370688|20333225|20332419|20307585|20301149|20246068|20246013
1365412,20424183|20415723|20406349|20370688|20333225|20332419|20307585|20301149|20246068|20246013
1365795,20424183|20415723|20406349|20370688|20333225|20332419|20307585|20301149|20246068|20246013
1365863,20424183|20415723|20406349|20370688|20333225|20332419|20307585|20301149|20246068|20246013
1366174,20451042|20424183|20415723|20370688|20333225|20332419|20307585|20301149|20246068|20246013
1366440,20424183|20415723|20406349|20370688|20333225|20332419|20307585|20301149|20246068|20246013
1367317,20424183|20415723|20406349|20370688|20333225|20332419|20307585|20301149|20246068|20246013
1367584,20424183|20415723|20406349|20370688|20333225|20332419|20307585|20301149|20246068|20246013
1367768,4711686006090|4710998000802|4710731060124|4710363382045|4710032601194|4710015103370|4711128668787|4710960892077|4710247005206|4710467221516
1368147,20424183|20415723|20406349|20370688|20333225|20332419|20307585|20301149|20246068|20246013
1368284,20424183|20415723|20406349|20370688|20333225|20332419|20307585|20301149|20246068|20246013
1369021,4711686006090|4710998000802|4710731060124|4710363382045|4710032601194|4710015103370|4711128668787|4710960892077|4710247005206|4710467221516
1369397,20424183|20415723|20406349|20370688|20333225|20332419|20307585|20301149|20246068|20246013
1370188,20424183|20415723|20406349|20370688|20333225|20332419|20307585|20301149|20246068|20246013
1370799,20424183|20415723|20406349|20370688|20333225|20332419|20307585|20301149|20246068|20246013
1371437,20424183|20415723|20406349|20370688|20333225|20332419|20307585|20301149|20246068|20246013
1371703,20451042|20424183|20415723|20406349|20370688|20333225|20332419|20301149|20246068|20246013
1371710,4710105045221|4710088443328|4710105031613|4710088434043|4716617500036|4710126012066|4710105051147|4710515533028|4710105045450|4711524000471
1372489,4710364144307|4710290004065|4710084119562|4712425010712|20424183|20415723|20406349|20370688|20333225|20332419
1372618,20424183|20415723|20406349|20370688|20333225|20332419|20307585|20301149|20246068|20246013
1372656,20424183|20415723|20406349|20370688|20333225|20332419|20307585|20301149|20246068|20246013
1373820,20424183|20415723|20406349|20370688|20333225|20332419|20307585|20301149|20246068|20246013
1374261,20424183|20415723|20406349|20370688|20333225|20332419|20307585|20301149|20246068|20246013
1375220,20424183|20415723|20406349|20370688|20333225|20332419|20307585|20301149|20246068|20246013
1376586,20424183|20415723|20406349|20370688|20333225|20332419|20307585|20301149|20246068|20246013
1376760,20424183|20415723|20406349|20370688|20333225|20332419|20307585|20301149|20246068|20246013
1376906,4711686006090|4710998000802|4710731060124|4710363382045|4710032601194|4710015103370|4711128668787|4710960892077|4710247005206|4710467221516
1378122,20424183|20415723|20406349|20370688|20333225|20332419|20307585|20301149|20246068|20246013
1378269,20424183|20415723|20406349|20370688|20333225|20332419|20307585|20301149|20246068|20246013
1378757,4711686006090|4710998000802|4710731060124|4710363382045|4710032601194|4710015103370|4711128668787|4710960892077|4710247005206|4710467221516
1378962,4711686006090|4710998000802|4710731060124|4710363382045|4710032601194|4710015103370|4711128668787|4710960892077|4710247005206|4710467221516
1379266,20424183|20415723|20406349|20370688|20333225|20332419|20307585|20301149|20246068|20246013
1380002,20424183|20415723|20406349|20370688|20333225|20332419|20307585|20301149|20246068|20246013
1380231,20451042|20424183|20415723|20406349|20370688|20333225|20332419|20307585|20301149|20246013
1380897,20451042|20424183|20415723|20406349|20370688|20333225|20332419|20307585|20301149|20246013
1380934,20424183|20415723|20406349|20370688|20333225|20332419|20307585|20301149|20246068|20246013
1381887,4712278884263|4711634000965|47100312|4711686006090|4710998000802|4710731060124|4710363382045|4710247005206|4710032601194|4710015103370
1382211,20424183|20415723|20406349|20370688|20333225|20332419|20307585|20301149|20246068|20246013
1382532,20424183|20415723|20406349|20370688|20333225|20332419|20307585|20301149|20246068|20246013
1382686,20424183|20415723|20406349|20370688|20333225|20332419|20307585|20301149|20246068|20246013
1383409,20424183|20415723|20406349|20370688|20333225|20332419|20307585|20301149|20246068|20246013
1383966,4901872506507|4710068331553|41333600017|4718429100060|4710134024242|4710632001660|4711985100024|4710126194281|20424183|20415723
1383980,4718647503278|20424183|20415723|20406349|20370688|20333225|20332419|20307585|20301149|20246068
1384888,20424183|20415723|20406349|20370688|20333225|20332419|20307585|20301149|20246068|20246013
1385816,20424183|20415723|20406349|20370688|20333225|20332419|20307585|20301149|20246068|20246013
1386080,20424183|20415723|20406349|20370688|20333225|20332419|20307585|20301149|20246068|20246013
1386257,20424183|20415723|20406349|20370688|20333225|20332419|20307585|20301149|20246068|20246013
1387414,4710068331553|4710088434692|4710088432353|4710126194281|4710088414311|20424183|20415723|20406349|20370688|20333225
1387438,20451042|20415723|20406349|20370688|20333225|20332419|20307585|20301149|20246068|20246013
1389111,20424183|20415723|20406349|20370688|20333225|20332419|20307585|20301149|20246068|20246013
1389289,20424183|20415723|20406349|20370688|20333225|20332419|20307585|20301149|20246068|20246013
1390513,20424183|20415723|20406349|20370688|20333225|20332419|20307585|20301149|20246068|20246013
1391206,20424183|20415723|20406349|20370688|20333225|20332419|20307585|20301149|20246068|20246013
1392210,20424183|20415723|20406349|20370688|20333225|20332419|20307585|20301149|20246068|20246013
1392234,20424183|20415723|20406349|20370688|20333225|20332419|20307585|20301149|20246068|20246013
1392869,20424183|20415723|20406349|20370688|20333225|20332419|20307585|20301149|20246068|20246013
1393736,4710105045443|20424183|20415723|20406349|20370688|20333225|20332419|20307585|20301149|20246068
1394092,20424183|20415723|20406349|20370688|20333225|20332419|20307585|20301149|20246068|20246013
1394672,20424183|20415723|20406349|20370688|20333225|20332419|20307585|20301149|20246068|20246013
1394795,20424183|20415723|20406349|20370688|20333225|20332419|20307585|20301149|20246068|20246013
1394863,4711686006090|4710998000802|4710731060124|4710363382045|4710032601194|4710015103370|4711128668787|4710960892077|4710247005206|4710467221516
1394870,20424183|20415723|20406349|20370688|20333225|20332419|20307585|20301149|20246068|20246013
1394917,4711686006090|4710998000802|4710731060124|4710363382045|4710032601194|4710015103370|4711128668787|4710960892077|4710247005206|4710467221516
1395563,4711686006090|4710998000802|4710731060124|4710363382045|4710032601194|4710015103370|4711128668787|4710960892077|4710247005206|4710467221516
1395730,20424183|20415723|20406349|20370688|20333225|20332419|20307585|20301149|20246068|20246013
1396409,20424183|20415723|20406349|20370688|20333225|20332419|20307585|20301149|20246068|20246013
1397222,20424183|20415723|20406349|20370688|20333225|20332419|20307585|20301149|20246068|20246013
1397543,20424183|20415723|20406349|20370688|20333225|20332419|20307585|20301149|20246068|20246013
1397598,20451042|20424183|20415723|20406349|20370688|20333225|20307585|20301149|20246068|20246013
1397611,20424183|20415723|20406349|20370688|20333225|20332419|20307585|20301149|20246068|20246013
1397802,20424183|20415723|20406349|20370688|20333225|20332419|20307585|20301149|20246068|20246013
1398014,20424183|20415723|20406349|20370688|20333225|20332419|20307585|20301149|20246068|20246013
1398212,20424183|20415723|20406349|20370688|20333225|20332419|20307585|20301149|20246068|20246013
1398557,20561208|20424183|20415723|20406349|20370688|20333225|20332419|20307585|20301149|20246068
1398694,4711686006090|4710998000802|4710731060124|4710363382045|4710032601194|4710015103370|4711128668787|4710960892077|4710247005206|4710467221516
1398724,20424183|20415723|20406349|20370688|20333225|20332419|20307585|20301149|20246068|20246013
1398748,20424183|20415723|20406349|20370688|20333225|20332419|20307585|20301149|20246068|20246013
1398847,4711663700010|4714981010038|20451042|20424183|20415723|20406349|20370688|20333225|20332419|20301149
1399318,20451042|20424183|20406349|20370688|20333225|20332419|20307585|20301149|20246068|20246013
1399882,20424183|20415723|20406349|20370688|20333225|20332419|20307585|20301149|20246068|20246013
1400038,4711686006090|4710998000802|4710731060124|4710363382045|4710032601194|4710015103370|4711128668787|4710960892077|4710247005206|4710467221516
1400052,20424183|20415723|20406349|20370688|20333225|20332419|20307585|20301149|20246068|20246013
1400083,4711686006090|4710998000802|4710731060124|4710363382045|4710032601194|4710015103370|4711128668787|4710960892077|4710247005206|4710467221516
1400359,20424183|20415723|20406349|20370688|20333225|20332419|20307585|20301149|20246068|20246013
1400397,20424183|20415723|20406349|20370688|20333225|20332419|20307585|20301149|20246068|20246013
1400670,4714050000038|4710110000581|4711437000063|4710209701139|4710114105046|4710105010724|4710094012686|4710515533028|4710247001765|4710085120468
1400687,20424183|20415723|20406349|20370688|20333225|20332419|20307585|20301149|20246068|20246013
1400694,20424183|20415723|20406349|20370688|20333225|20332419|20307585|20301149|20246068|20246013
1400748,20424183|20415723|20406349|20370688|20333225|20332419|20307585|20301149|20246068|20246013
1400779,20451042|20424183|20415723|20370688|20333225|20332419|20307585|20301149|20246068|20246013
1401141,20424183|20415723|20406349|20370688|20333225|20332419|20307585|20301149|20246068|20246013
1401738,4711686006090|4710998000802|4710731060124|4710363382045|4710032601194|4710015103370|4711128668787|4710960892077|4710247005206|4710467221516
1401752,20424183|20415723|20406349|20370688|20333225|20332419|20307585|20301149|20246068|20246013
1401929,20424183|20415723|20406349|20370688|20333225|20332419|20307585|20301149|20246068|20246013
1402018,20424183|20415723|20406349|20370688|20333225|20332419|20307585|20301149|20246068|20246013
1402124,20424183|20415723|20406349|20370688|20333225|20332419|20307585|20301149|20246068|20246013
1402308,20424183|20415723|20406349|20370688|20333225|20332419|20307585|20301149|20246068|20246013
1402339,20424183|20415723|20406349|20370688|20333225|20332419|20307585|20301149|20246068|20246013
1402568,20424183|20415723|20406349|20370688|20333225|20332419|20307585|20301149|20246068|20246013
1402582,20424183|20415723|20406349|20370688|20333225|20332419|20307585|20301149|20246068|20246013
1402735,20424183|20415723|20406349|20370688|20333225|20332419|20307585|20301149|20246068|20246013
1403374,20424183|20415723|20406349|20370688|20333225|20332419|20307585|20301149|20246068|20246013
1403589,20424183|20415723|20406349|20370688|20333225|20332419|20307585|20301149|20246068|20246013
1403657,20424183|20415723|20406349|20370688|20333225|20332419|20307585|20301149|20246068|20246013
1403862,20424183|20415723|20406349|20370688|20333225|20332419|20307585|20301149|20246068|20246013
1403954,20424183|20415723|20406349|20370688|20333225|20332419|20307585|20301149|20246068|20246013
1403992,7610053910800|4711634002754|4710063312168|4714050000038|4710110000581|4711437000063|4710209701139|4710105010724|4710515533028|4710247001765
1404319,4713608210035|4711634002754|4710114105046|4710094012686|4710063312168|4711080010112|4714981010038|20424183|20415723|20406349
1404876,20451042|20424183|20415723|20406349|20370688|20332419|20307585|20301149|20246068|20246013
1405088,20424183|20415723|20406349|20370688|20333225|20332419|20307585|20301149|20246068|20246013
1405224,20424183|20415723|20406349|20370688|20333225|20332419|20307585|20301149|20246068|20246013
1405392,20424183|20415723|20406349|20370688|20333225|20332419|20307585|20301149|20246068|20246013
1405477,20424183|20415723|20406349|20370688|20333225|20332419|20307585|20301149|20246068|20246013
1406467,4710088414328|20424183|20415723|20406349|20370688|20333225|20332419|20307585|20301149|20246068
1406870,20424183|20415723|20406349|20370688|20333225|20332419|20307585|20301149|20246068|20246013
1407044,20424183|20415723|20406349|20370688|20333225|20332419|20307585|20301149|20246068|20246013
1407150,20424183|20415723|20406349|20370688|20333225|20332419|20307585|20301149|20246068|20246013
1407303,4711686006090|4710998000802|4710731060124|4710363382045|4710032601194|4710015103370|4711128668787|4710960892077|4710247005206|4710467221516
1407501,20451042|20424183|20415723|20406349|20370688|20333225|20332419|20301149|20246068|20246013
1407785,20424183|20415723|20406349|20370688|20333225|20332419|20307585|20301149|20246068|20246013
1408331,20424183|20415723|20406349|20370688|20333225|20332419|20307585|20301149|20246068|20246013
1408485,4711686006090|4710998000802|4710731060124|4710363382045|4710032601194|4710015103370|4711128668787|4710960892077|4710247005206|4710467221516
1408782,20424183|20415723|20406349|20370688|20333225|20332419|20307585|20301149|20246068|20246013
1409093,20424183|20415723|20406349|20370688|20333225|20332419|20307585|20301149|20246068|20246013
1409383,20424183|20415723|20406349|20370688|20333225|20332419|20307585|20301149|20246068|20246013
1409710,20424183|20415723|20406349|20370688|20333225|20332419|20307585|20301149|20246068|20246013
1409734,20424183|20415723|20406349|20370688|20333225|20332419|20307585|20301149|20246068|20246013
1410266,20424183|20415723|20406349|20370688|20333225|20332419|20307585|20301149|20246068|20246013
1410273,4711686006090|4710998000802|4710731060124|4710363382045|4710032601194|4710015103370|4711128668787|4710960892077|4710247005206|4710467221516
1410501,4711686006090|4710998000802|4710731060124|4710363382045|4710032601194|4710015103370|4711128668787|4710960892077|4710247005206|4710467221516
1410785,20424183|20415723|20406349|20370688|20333225|20332419|20307585|20301149|20246068|20246013
1411621,4711686006090|4710998000802|4710731060124|4710363382045|4710032601194|4710015103370|4711128668787|4710960892077|4710247005206|4710467221516
1411959,4711686006090|4710998000802|4710731060124|4710363382045|4710032601194|4710015103370|4711128668787|4710960892077|4710247005206|4710467221516
1412253,20424183|20415723|20406349|20370688|20333225|20332419|20307585|20301149|20246068|20246013
1412369,4711767670103|4711108208637|4714981010038|20451042|20424183|20415723|20406349|20370688|20333225|20332419
1412468,20424183|20415723|20406349|20370688|20333225|20332419|20307585|20301149|20246068|20246013
1412994,20424183|20415723|20406349|20370688|20333225|20332419|20307585|20301149|20246068|20246013
1413151,20424183|20415723|20406349|20370688|20333225|20332419|20307585|20301149|20246068|20246013
1413243,20424183|20415723|20406349|20370688|20333225|20332419|20307585|20301149|20246068|20246013
1413892,20424183|20415723|20406349|20370688|20333225|20332419|20307585|20301149|20246068|20246013
1413953,4711686006090|4710998000802|4710731060124|4710363382045|4710032601194|4710015103370|4711128668787|4710960892077|4710247005206|4710467221516
1414172,20424183|20415723|20406349|20370688|20333225|20332419|20307585|20301149|20246068|20246013
1414431,20424183|20415723|20406349|20370688|20333225|20332419|20307585|20301149|20246068|20246013
1414509,20424183|20415723|20406349|20370688|20333225|20332419|20307585|20301149|20246068|20246013
1414639,20424183|20415723|20406349|20370688|20333225|20332419|20307585|20301149|20246068|20246013
1414677,20424183|20415723|20406349|20370688|20333225|20332419|20307585|20301149|20246068|20246013
1415063,20424183|20415723|20406349|20370688|20333225|20332419|20307585|20301149|20246068|20246013
1415636,4711686006090|4710998000802|4710731060124|4710363382045|4710032601194|4710015103370|4711128668787|4710960892077|4710247005206|4710467221516
1416183,20424183|20415723|20406349|20370688|20333225|20332419|20307585|20301149|20246068|20246013
1416442,4711686006090|4710998000802|4710731060124|4710363382045|4710032601194|4710015103370|4711128668787|4710960892077|4710247005206|4710467221516
1416596,20424183|20415723|20406349|20370688|20333225|20332419|20307585|20301149|20246068|20246013
1417371,20424183|20415723|20406349|20370688|20333225|20332419|20307585|20301149|20246068|20246013
1417616,20424183|20415723|20406349|20370688|20333225|20332419|20307585|20301149|20246068|20246013
1417661,20451042|20424183|20415723|20406349|20370688|20333225|20332419|20301149|20246068|20246013
1418095,4711686006090|4710998000802|4710731060124|4710363382045|4710032601194|4710015103370|4711128668787|4710960892077|4710247005206|4710467221516
1418668,20424183|20415723|20406349|20370688|20333225|20332419|20307585|20301149|20246068|20246013
1418897,20424183|20415723|20406349|20370688|20333225|20332419|20307585|20301149|20246068|20246013
1419306,20424183|20415723|20406349|20370688|20333225|20332419|20307585|20301149|20246068|20246013
1419368,20424183|20415723|20406349|20370688|20333225|20332419|20307585|20301149|20246068|20246013
1419542,20424183|20415723|20406349|20370688|20333225|20332419|20307585|20301149|20246068|20246013
1419863,20424183|20415723|20406349|20370688|20333225|20332419|20307585|20301149|20246068|20246013
1420296,20424183|20415723|20406349|20370688|20333225|20332419|20307585|20301149|20246068|20246013
1420333,20424183|20415723|20406349|20370688|20333225|20332419|20307585|20301149|20246068|20246013
1421217,4711686006090|4710998000802|4710731060124|4710363382045|4710032601194|4710015103370|4711128668787|4710960892077|4710247005206|4710467221516
1421385,20424183|20415723|20406349|20370688|20333225|20332419|20307585|20301149|20246068|20246013
1421811,20424183|20415723|20406349|20370688|20333225|20332419|20307585|20301149|20246068|20246013
1421972,20424183|20415723|20406349|20370688|20333225|20332419|20307585|20301149|20246068|20246013
1422269,20424183|20415723|20406349|20370688|20333225|20332419|20307585|20301149|20246068|20246013
1423051,20424183|20415723|20406349|20370688|20333225|20332419|20307585|20301149|20246068|20246013
1423068,20424183|20415723|20406349|20370688|20333225|20332419|20307585|20301149|20246068|20246013
1423327,20424183|20415723|20406349|20370688|20333225|20332419|20307585|20301149|20246068|20246013
1423334,20424183|20415723|20406349|20370688|20333225|20332419|20307585|20301149|20246068|20246013
1423341,4711686006090|4710998000802|4710731060124|4710363382045|4710032601194|4710015103370|4711128668787|4710960892077|4710247005206|4710467221516
1423426,20424183|20415723|20406349|20370688|20333225|20332419|20307585|20301149|20246068|20246013
1423860,20424183|20415723|20406349|20370688|20333225|20332419|20307585|20301149|20246068|20246013
1423938,20424183|20415723|20406349|20370688|20333225|20332419|20307585|20301149|20246068|20246013
1424331,20424183|20415723|20406349|20370688|20333225|20332419|20307585|20301149|20246068|20246013
1424485,20424183|20415723|20406349|20370688|20333225|20332419|20307585|20301149|20246068|20246013
1424713,20424183|20415723|20406349|20370688|20333225|20332419|20307585|20301149|20246068|20246013
1425055,20424183|20415723|20406349|20370688|20333225|20332419|20307585|20301149|20246068|20246013
1425321,20424183|20415723|20406349|20370688|20333225|20332419|20307585|20301149|20246068|20246013
1426045,20424183|20415723|20406349|20370688|20333225|20332419|20307585|20301149|20246068|20246013
1426496,20424183|20415723|20406349|20370688|20333225|20332419|20307585|20301149|20246068|20246013
1426564,4711686006090|4710998000802|4710731060124|4710363382045|4710032601194|4710015103370|4711128668787|4710960892077|4710247005206|4710467221516
1426854,20451042|20424183|20415723|20406349|20370688|20333225|20332419|20307585|20246068|20246013
1426922,4711686006090|4710998000802|4710731060124|4710363382045|4710032601194|4710015103370|4711128668787|4710960892077|4710247005206|4710467221516
1427103,20424183|20415723|20406349|20370688|20333225|20332419|20307585|20301149|20246068|20246013
1427257,20424183|20415723|20406349|20370688|20333225|20332419|20307585|20301149|20246068|20246013
1427448,20424183|20415723|20406349|20370688|20333225|20332419|20307585|20301149|20246068|20246013
1427912,20424183|20415723|20406349|20370688|20333225|20332419|20307585|20301149|20246068|20246013
1428438,20451042|20424183|20415723|20406349|20370688|20333225|20332419|20301149|20246068|20246013
1428520,20424183|20415723|20406349|20370688|20333225|20332419|20307585|20301149|20246068|20246013
1428612,20424183|20415723|20406349|20370688|20333225|20332419|20307585|20301149|20246068|20246013
1429350,20424183|20415723|20406349|20370688|20333225|20332419|20307585|20301149|20246068|20246013
1429510,4711686006090|4710998000802|4710731060124|4710363382045|4710032601194|4710015103370|4711128668787|4710960892077|4710247005206|4710467221516
1429534,20424183|20415723|20406349|20370688|20333225|20332419|20307585|20301149|20246068|20246013
1429862,20424183|20415723|20406349|20370688|20333225|20332419|20307585|20301149|20246068|20246013
1429923,20424183|20415723|20406349|20370688|20333225|20332419|20307585|20301149|20246068|20246013
1430264,20424183|20415723|20406349|20370688|20333225|20332419|20307585|20301149|20246068|20246013
1430769,20424183|20415723|20406349|20370688|20333225|20332419|20307585|20301149|20246068|20246013
1430868,20424183|20415723|20406349|20370688|20333225|20332419|20307585|20301149|20246068|20246013
1431179,20424183|20415723|20406349|20370688|20333225|20332419|20307585|20301149|20246068|20246013
1431414,9556121008032|9556121008025|4717101101265|4714276113888|4712397000261|4710105051628|4710871000356|4710583920003|20246013|4711039232190
1432046,20424183|20415723|20406349|20370688|20333225|20332419|20307585|20301149|20246068|20246013
1432442,20424183|20415723|20406349|20370688|20333225|20332419|20307585|20301149|20246068|20246013
1432503,20424183|20415723|20406349|20370688|20333225|20332419|20307585|20301149|20246068|20246013
1432909,20424183|20415723|20406349|20370688|20333225|20332419|20307585|20301149|20246068|20246013
1433067,20424183|20415723|20406349|20370688|20333225|20332419|20307585|20301149|20246068|20246013
1433371,20424183|20415723|20406349|20370688|20333225|20332419|20307585|20301149|20246068|20246013
1433425,20424183|20415723|20406349|20370688|20333225|20332419|20307585|20301149|20246068|20246013
1433883,20424183|20415723|20406349|20370688|20333225|20332419|20307585|20301149|20246068|20246013
1434040,20424183|20415723|20406349|20370688|20333225|20332419|20307585|20301149|20246068|20246013
1434330,4711686006090|4710998000802|4710731060124|4710363382045|4710032601194|4710015103370|4711128668787|4710960892077|4710247005206|4710467221516
1434927,4711686006090|4710998000802|4710731060124|4710363382045|4710032601194|4710015103370|4711128668787|4710960892077|4710247005206|4710467221516
1435955,20424183|20415723|20406349|20370688|20333225|20332419|20307585|20301149|20246068|20246013
1436150,4711686006090|4710998000802|4710731060124|4710363382045|4710032601194|4710015103370|4711128668787|4710960892077|4710247005206|4710467221516
1436334,4711686006090|4710998000802|4710731060124|4710363382045|4710032601194|4710015103370|4711128668787|4710960892077|4710247005206|4710467221516
1436365,20424183|20415723|20406349|20370688|20333225|20332419|20307585|20301149|20246068|20246013
1437041,20451042|20424183|20406349|20370688|20333225|20332419|20307585|20301149|20246068|20246013
1437683,20424183|20415723|20406349|20370688|20333225|20332419|20307585|20301149|20246068|20246013
1437768,20424183|20415723|20406349|20370688|20333225|20332419|20307585|20301149|20246068|20246013
1438277,20424183|20415723|20406349|20370688|20333225|20332419|20307585|20301149|20246068|20246013
1438536,4711686006090|4710998000802|4710731060124|4710363382045|4710032601194|4710015103370|4711128668787|4710960892077|4710247005206|4710467221516
1438581,20424183|20415723|20406349|20370688|20333225|20332419|20307585|20301149|20246068|20246013
1438673,4714686400394|4712494215773|4710105020310|4717097101027|4710247005299|20424183|20415723|20406349|20370688|20333225
1438741,4711686006090|4710998000802|4710731060124|4710363382045|4710032601194|4710015103370|4711128668787|4710960892077|4710247005206|4710467221516
1439038,4711686006090|4710998000802|4710731060124|4710363382045|4710032601194|4710015103370|4711128668787|4710960892077|4710247005206|4710467221516
1439243,20424183|20415723|20406349|20370688|20333225|20332419|20307585|20301149|20246068|20246013
1439274,4711686006090|4710998000802|4710731060124|4710363382045|4710032601194|4710015103370|4711128668787|4710960892077|4710247005206|4710467221516
1439311,4711686006090|4710998000802|4710731060124|4710363382045|4710032601194|4710015103370|4711128668787|4710960892077|4710247005206|4710467221516
1439410,20424183|20415723|20406349|20370688|20333225|20332419|20307585|20301149|20246068|20246013
1439632,20424183|20415723|20406349|20370688|20333225|20332419|20307585|20301149|20246068|20246013
1439823,20424183|20415723|20406349|20370688|20333225|20332419|20307585|20301149|20246068|20246013
1439892,20424183|20415723|20406349|20370688|20333225|20332419|20307585|20301149|20246068|20246013
1440041,4711686006090|4710998000802|4710731060124|4710363382045|4710032601194|4710015103370|4711128668787|4710960892077|4710247005206|4710467221516
1440096,20424183|20415723|20406349|20370688|20333225|20332419|20307585|20301149|20246068|20246013
1440201,20424183|20415723|20406349|20370688|20333225|20332419|20307585|20301149|20246068|20246013
1440263,20424183|20415723|20406349|20370688|20333225|20332419|20307585|20301149|20246068|20246013
1440621,20424183|20415723|20406349|20370688|20333225|20332419|20307585|20301149|20246068|20246013
1440645,20424183|20415723|20406349|20370688|20333225|20332419|20307585|20301149|20246068|20246013
1441154,20424183|20415723|20406349|20370688|20333225|20332419|20307585|20301149|20246068|20246013
1441192,4711686006090|4710998000802|4710731060124|4710363382045|4710032601194|4710015103370|4711128668787|4710960892077|4710247005206|4710467221516
1441284,20424183|20415723|20406349|20370688|20333225|20332419|20307585|20301149|20246068|20246013
1441611,4711686006090|4710998000802|4710731060124|4710363382045|4710032601194|4710015103370|4711128668787|4710960892077|4710247005206|4710467221516
1441802,20424183|20415723|20406349|20370688|20333225|20332419|20307585|20301149|20246068|20246013
1441994,20424183|20415723|20406349|20370688|20333225|20332419|20307585|20301149|20246068|20246013
1442106,20424183|20415723|20406349|20370688|20333225|20332419|20307585|20301149|20246068|20246013
1442229,20424183|20415723|20406349|20370688|20333225|20332419|20307585|20301149|20246068|20246013
1442304,20424183|20415723|20406349|20370688|20333225|20332419|20307585|20301149|20246068|20246013
1442472,20424183|20415723|20406349|20370688|20333225|20332419|20307585|20301149|20246068|20246013
1442540,4712278884263|4711634000965|47100312|4711686006090|4710998000802|4710731060124|4710363382045|4710247005206|4710032601194|4710015103370
1442564,20424183|20415723|20406349|20370688|20333225|20332419|20307585|20301149|20246068|20246013
1442694,20424183|20415723|20406349|20370688|20333225|20332419|20307585|20301149|20246068|20246013
1442816,4711686006090|4710998000802|4710731060124|4710363382045|4710032601194|4710015103370|4711128668787|4710960892077|4710247005206|4710467221516
1442847,20451042|20424183|20406349|20370688|20333225|20332419|20307585|20301149|20246068|20246013
1442885,20424183|20415723|20406349|20370688|20333225|20332419|20307585|20301149|20246068|20246013
1442922,20424183|20415723|20406349|20370688|20333225|20332419|20307585|20301149|20246068|20246013
1443103,20424183|20415723|20406349|20370688|20333225|20332419|20307585|20301149|20246068|20246013
1443141,20424183|20415723|20406349|20370688|20333225|20332419|20307585|20301149|20246068|20246013
1443776,20424183|20415723|20406349|20370688|20333225|20332419|20307585|20301149|20246068|20246013
1444117,20424183|20415723|20406349|20370688|20333225|20332419|20307585|20301149|20246068|20246013
1444810,20424183|20415723|20406349|20370688|20333225|20332419|20307585|20301149|20246068|20246013
1444865,20424183|20415723|20406349|20370688|20333225|20332419|20307585|20301149|20246068|20246013
1444872,20424183|20415723|20406349|20370688|20333225|20332419|20307585|20301149|20246068|20246013
1444988,20424183|20415723|20406349|20370688|20333225|20332419|20307585|20301149|20246068|20246013
1445527,4711686006090|4710998000802|4710731060124|4710363382045|4710032601194|4710015103370|4711128668787|4710960892077|4710247005206|4710467221516
1446661,20424183|20415723|20406349|20370688|20333225|20332419|20307585|20301149|20246068|20246013
1446685,4711686006090|4710998000802|4710731060124|4710363382045|4710032601194|4710015103370|4711128668787|4710960892077|4710247005206|4710467221516
1446739,20424183|20415723|20406349|20370688|20333225|20332419|20307585|20301149|20246068|20246013
1446838,4711686006090|4710998000802|4710731060124|4710363382045|4710032601194|4710015103370|4711128668787|4710960892077|4710247005206|4710467221516
1447163,4711686006090|4710998000802|4710731060124|4710363382045|4710032601194|4710015103370|4711128668787|4710960892077|4710247005206|4710467221516
1447187,20424183|20415723|20406349|20370688|20333225|20332419|20307585|20301149|20246068|20246013
1447446,20424183|20415723|20406349|20370688|20333225|20332419|20307585|20301149|20246068|20246013
1447507,20424183|20415723|20406349|20370688|20333225|20332419|20307585|20301149|20246068|20246013
1448047,20424183|20415723|20406349|20370688|20333225|20332419|20307585|20301149|20246068|20246013
1448054,20424183|20415723|20406349|20370688|20333225|20332419|20307585|20301149|20246068|20246013
1448375,20424183|20415723|20406349|20370688|20333225|20332419|20307585|20301149|20246068|20246013
1448818,20424183|20415723|20406349|20370688|20333225|20332419|20307585|20301149|20246068|20246013
1448856,20424183|20415723|20406349|20370688|20333225|20332419|20307585|20301149|20246068|20246013
1450460,20424183|20415723|20406349|20370688|20333225|20332419|20307585|20301149|20246068|20246013
1450545,4710011409056|4710857000042|4710011405133|4710011406123|4710011401128|20424183|20415723|20406349|20370688|20333225
1450651,20424183|20415723|20406349|20370688|20333225|20332419|20307585|20301149|20246068|20246013
1450835,4711686006090|4710998000802|4710731060124|4710363382045|4710032601194|4710015103370|4711128668787|4710960892077|4710247005206|4710467221516
1450941,4711686006090|4710998000802|4710731060124|4710363382045|4710032601194|4710015103370|4711128668787|4710960892077|4710247005206|4710467221516
1450958,20424183|20415723|20406349|20370688|20333225|20332419|20307585|20301149|20246068|20246013
1451115,20424183|20415723|20406349|20370688|20333225|20332419|20307585|20301149|20246068|20246013
1451375,4711686006090|4710998000802|4710731060124|4710363382045|4710032601194|4710015103370|4711128668787|4710960892077|4710247005206|4710467221516
1452006,20424183|20415723|20406349|20370688|20333225|20332419|20307585|20301149|20246068|20246013
1452181,4711686006090|4710998000802|4710731060124|4710363382045|4710032601194|4710015103370|4711128668787|4710960892077|4710247005206|4710467221516
1452235,20451042|20424183|20415723|20406349|20370688|20333225|20332419|20307585|20301149|20246013
1452624,4711686006090|4710998000802|4710731060124|4710363382045|4710032601194|4710015103370|4711128668787|4710960892077|4710247005206|4710467221516
1452778,20424183|20415723|20406349|20370688|20333225|20332419|20307585|20301149|20246068|20246013
1453058,20424183|20415723|20406349|20370688|20333225|20332419|20307585|20301149|20246068|20246013
1453119,20424183|20415723|20406349|20370688|20333225|20332419|20307585|20301149|20246068|20246013
1453140,20424183|20415723|20406349|20370688|20333225|20332419|20307585|20301149|20246068|20246013
1453263,20424183|20415723|20406349|20370688|20333225|20332419|20307585|20301149|20246068|20246013
1454048,20424183|20415723|20406349|20370688|20333225|20332419|20307585|20301149|20246068|20246013
1454420,20424183|20415723|20406349|20370688|20333225|20332419|20307585|20301149|20246068|20246013
1454581,20424183|20415723|20406349|20370688|20333225|20332419|20307585|20301149|20246068|20246013
1454833,20424183|20415723|20406349|20370688|20333225|20332419|20307585|20301149|20246068|20246013
1455199,20424183|20415723|20406349|20370688|20333225|20332419|20307585|20301149|20246068|20246013
1455205,20424183|20415723|20406349|20370688|20333225|20332419|20307585|20301149|20246068|20246013
1455748,20424183|20415723|20406349|20370688|20333225|20332419|20307585|20301149|20246068|20246013
1455915,20424183|20415723|20406349|20370688|20333225|20332419|20307585|20301149|20246068|20246013
1456103,20424183|20415723|20406349|20370688|20333225|20332419|20307585|20301149|20246068|20246013
1456141,20424183|20415723|20406349|20370688|20333225|20332419|20307585|20301149|20246068|20246013
1456745,20424183|20415723|20406349|20370688|20333225|20332419|20307585|20301149|20246068|20246013
1457032,20424183|20415723|20406349|20370688|20333225|20332419|20307585|20301149|20246068|20246013
1457094,20424183|20415723|20406349|20370688|20333225|20332419|20307585|20301149|20246068|20246013
1457353,20424183|20415723|20406349|20370688|20333225|20332419|20307585|20301149|20246068|20246013
1457452,20424183|20415723|20406349|20370688|20333225|20332419|20307585|20301149|20246068|20246013
1457650,4711686006090|4710998000802|4710731060124|4710363382045|4710032601194|4710015103370|4711128668787|4710960892077|4710247005206|4710467221516
1457926,9555037202039|9310155412520|4901005202702|4712500125126|4711128668787|4710960892077|4710323168054|4710294610811|4710018031632|20553418
1458442,4711686006090|4710998000802|4710731060124|4710363382045|4710032601194|4710015103370|4711128668787|4710960892077|4710247005206|4710467221516
1458527,4711686006090|4710998000802|4710731060124|4710363382045|4710032601194|4710015103370|4711128668787|4710960892077|4710247005206|4710467221516
1458695,20424183|20415723|20406349|20370688|20333225|20332419|20307585|20301149|20246068|20246013
1458756,20424183|20415723|20406349|20370688|20333225|20332419|20307585|20301149|20246068|20246013
1458800,20424183|20415723|20406349|20370688|20333225|20332419|20307585|20301149|20246068|20246013
1458831,20424183|20415723|20406349|20370688|20333225|20332419|20307585|20301149|20246068|20246013
1458886,4711686006090|4710998000802|4710731060124|4710363382045|4710032601194|4710015103370|4711128668787|4710960892077|4710247005206|4710467221516
1458930,20424183|20415723|20406349|20370688|20333225|20332419|20307585|20301149|20246068|20246013
1459302,20424183|20415723|20406349|20370688|20333225|20332419|20307585|20301149|20246068|20246013
1459500,20424183|20415723|20406349|20370688|20333225|20332419|20307585|20301149|20246068|20246013
1459715,20424183|20415723|20406349|20370688|20333225|20332419|20307585|20301149|20246068|20246013
1459791,20424183|20415723|20406349|20370688|20333225|20332419|20307585|20301149|20246068|20246013
1459821,20424183|20415723|20406349|20370688|20333225|20332419|20307585|20301149|20246068|20246013
1460049,20424183|20415723|20406349|20370688|20333225|20332419|20307585|20301149|20246068|20246013
1460308,4711686006090|4710998000802|4710731060124|4710363382045|4710032601194|4710015103370|4711128668787|4710960892077|4710247005206|4710467221516
1460377,20451042|20424183|20415723|20406349|20370688|20333225|20332419|20301149|20246068|20246013
1460735,20424183|20415723|20406349|20370688|20333225|20332419|20307585|20301149|20246068|20246013
1460902,4711686006090|4710998000802|4710731060124|4710363382045|4710032601194|4710015103370|4711128668787|4710960892077|4710247005206|4710467221516
1461022,20424183|20415723|20406349|20370688|20333225|20332419|20307585|20301149|20246068|20246013
1461107,4711686006090|4710998000802|4710731060124|4710363382045|4710032601194|4710015103370|4711128668787|4710960892077|4710247005206|4710467221516
1461374,20424183|20415723|20406349|20370688|20333225|20332419|20307585|20301149|20246068|20246013
1461459,20424183|20415723|20406349|20370688|20333225|20332419|20307585|20301149|20246068|20246013
1461916,20424183|20415723|20406349|20370688|20333225|20332419|20307585|20301149|20246068|20246013
1461930,20424183|20415723|20406349|20370688|20333225|20332419|20307585|20301149|20246068|20246013
1462135,20424183|20415723|20406349|20370688|20333225|20332419|20307585|20301149|20246068|20246013
1462203,4711686006090|4710998000802|4710731060124|4710363382045|4710032601194|4710015103370|4711128668787|4710960892077|4710247005206|4710467221516
1462371,20424183|20415723|20406349|20370688|20333225|20332419|20307585|20301149|20246068|20246013
1462609,20424183|20415723|20406349|20370688|20333225|20332419|20307585|20301149|20246068|20246013
1463118,20424183|20415723|20406349|20370688|20333225|20332419|20307585|20301149|20246068|20246013
1463347,20451042|20424183|20415723|20406349|20333225|20332419|20307585|20301149|20246068|20246013
1463354,20424183|20415723|20406349|20370688|20333225|20332419|20307585|20301149|20246068|20246013
1463545,20424183|20415723|20406349|20370688|20333225|20332419|20307585|20301149|20246068|20246013
1463590,20424183|20415723|20406349|20370688|20333225|20332419|20307585|20301149|20246068|20246013
1463699,20451042|20424183|20415723|20406349|20370688|20333225|20332419|20307585|20301149|20246068
1463828,20424183|20415723|20406349|20370688|20333225|20332419|20307585|20301149|20246068|20246013
1463903,20424183|20415723|20406349|20370688|20333225|20332419|20307585|20301149|20246068|20246013
1465075,20424183|20415723|20406349|20370688|20333225|20332419|20307585|20301149|20246068|20246013
1465082,20424183|20415723|20406349|20370688|20333225|20332419|20307585|20301149|20246068|20246013
1465310,20424183|20415723|20406349|20370688|20333225|20332419|20307585|20301149|20246068|20246013
1465341,20424183|20415723|20406349|20370688|20333225|20332419|20307585|20301149|20246068|20246013
1465815,20424183|20415723|20406349|20370688|20333225|20332419|20307585|20301149|20246068|20246013
1465990,20424183|20415723|20406349|20370688|20333225|20332419|20307585|20301149|20246068|20246013
1466218,20424183|20415723|20406349|20370688|20333225|20332419|20307585|20301149|20246068|20246013
1466362,20424183|20415723|20406349|20370688|20333225|20332419|20307585|20301149|20246068|20246013
1466430,4711686006090|4710998000802|4710731060124|4710363382045|4710032601194|4710015103370|4711128668787|4710960892077|4710247005206|4710467221516
1466898,4711686006090|4710998000802|4710731060124|4710363382045|4710032601194|4710015103370|4711128668787|4710960892077|4710247005206|4710467221516
1466911,4711686006090|4710998000802|4710731060124|4710363382045|4710032601194|4710015103370|4711128668787|4710960892077|4710247005206|4710467221516
1466980,20424183|20415723|20406349|20370688|20333225|20332419|20307585|20301149|20246068|20246013
1467178,20424183|20415723|20406349|20370688|20333225|20332419|20307585|20301149|20246068|20246013
1467451,20424183|20415723|20406349|20370688|20333225|20332419|20307585|20301149|20246068|20246013
1467673,20424183|20415723|20406349|20370688|20333225|20332419|20307585|20301149|20246068|20246013
1467710,20424183|20415723|20406349|20370688|20333225|20332419|20307585|20301149|20246068|20246013
1468113,20424183|20415723|20406349|20370688|20333225|20332419|20307585|20301149|20246068|20246013
1468335,20424183|20415723|20406349|20370688|20333225|20332419|20307585|20301149|20246068|20246013
1468700,4711686006090|4710998000802|4710731060124|4710363382045|4710032601194|4710015103370|4711128668787|4710960892077|4710247005206|4710467221516
1469011,4719111313102|4714082210610|4711703330122|4710126392007|4710088432353|20424183|20415723|20406349|20370688|20333225
1469288,20424183|20415723|20406349|20370688|20333225|20332419|20307585|20301149|20246068|20246013
1469615,20424183|20415723|20406349|20370688|20333225|20332419|20307585|20301149|20246068|20246013
1469622,4711686006090|4710998000802|4710731060124|4710363382045|4710032601194|4710015103370|4711128668787|4710960892077|4710247005206|4710467221516
1470178,20424183|20415723|20406349|20370688|20333225|20332419|20307585|20301149|20246068|20246013
1470369,20424183|20415723|20406349|20370688|20333225|20332419|20307585|20301149|20246068|20246013
1470680,20424183|20415723|20406349|20370688|20333225|20332419|20307585|20301149|20246068|20246013
1470772,20424183|20415723|20406349|20370688|20333225|20332419|20307585|20301149|20246068|20246013
1471168,20424183|20415723|20406349|20370688|20333225|20332419|20307585|20301149|20246068|20246013
1471243,20424183|20415723|20406349|20370688|20333225|20332419|20307585|20301149|20246068|20246013
1471502,20424183|20415723|20406349|20370688|20333225|20332419|20307585|20301149|20246068|20246013
1471700,20424183|20415723|20406349|20370688|20333225|20332419|20307585|20301149|20246068|20246013
1471939,4710011409056|4710857000042|4710011405133|4710011406123|4710011401128|20424183|20415723|20406349|20370688|20333225
1471960,20424183|20415723|20406349|20370688|20333225|20332419|20307585|20301149|20246068|20246013
1471977,20424183|20415723|20406349|20370688|20333225|20332419|20307585|20301149|20246068|20246013
1473056,20424183|20415723|20406349|20370688|20333225|20332419|20307585|20301149|20246068|20246013
1473612,4711686006090|4710998000802|4710731060124|4710363382045|4710032601194|4710015103370|4711128668787|4710960892077|4710247005206|4710467221516
1473742,20424183|20415723|20406349|20370688|20333225|20332419|20307585|20301149|20246068|20246013
1474183,20424183|20415723|20406349|20370688|20333225|20332419|20307585|20301149|20246068|20246013
1474749,20424183|20415723|20406349|20370688|20333225|20332419|20307585|20301149|20246068|20246013
1474893,20424183|20415723|20406349|20370688|20333225|20332419|20307585|20301149|20246068|20246013
1474930,20424183|20415723|20406349|20370688|20333225|20332419|20307585|20301149|20246068|20246013
1475173,20424183|20415723|20406349|20370688|20333225|20332419|20307585|20301149|20246068|20246013
1475463,34000338108|93370868|20424183|20415723|20406349|20370688|20333225|20332419|20307585|20301149
1475746,20424183|20415723|20406349|20370688|20333225|20332419|20307585|20301149|20246068|20246013
1476149,20424183|20415723|20406349|20370688|20333225|20332419|20307585|20301149|20246068|20246013
1476569,4711686006090|4710998000802|4710731060124|4710363382045|4710032601194|4710015103370|4711128668787|4710960892077|4710247005206|4710467221516
1476644,8888240001030|20424183|20415723|20406349|20370688|20333225|20332419|20307585|20301149|20246068
1476774,20424183|20415723|20406349|20370688|20333225|20332419|20307585|20301149|20246068|20246013
1476866,20451042|20424183|20406349|20370688|20333225|20332419|20307585|20301149|20246068|20246013
1476880,20424183|20415723|20406349|20370688|20333225|20332419|20307585|20301149|20246068|20246013
1477047,20424183|20415723|20406349|20370688|20333225|20332419|20307585|20301149|20246068|20246013
1477078,20424183|20415723|20406349|20370688|20333225|20332419|20307585|20301149|20246068|20246013
1477092,20424183|20415723|20406349|20370688|20333225|20332419|20307585|20301149|20246068|20246013
1477108,20424183|20415723|20406349|20370688|20333225|20332419|20307585|20301149|20246068|20246013
1477238,20424183|20415723|20406349|20370688|20333225|20332419|20307585|20301149|20246068|20246013
1477467,20451042|20424183|20406349|20370688|20333225|20332419|20307585|20301149|20246068|20246013
1477511,20424183|20415723|20406349|20370688|20333225|20332419|20307585|20301149|20246068|20246013
1477788,4711686006090|4710998000802|4710731060124|4710363382045|4710032601194|4710015103370|4711128668787|4710960892077|4710247005206|4710467221516
1477962,20424183|20415723|20406349|20370688|20333225|20332419|20307585|20301149|20246068|20246013
1478006,20424183|20415723|20406349|20370688|20333225|20332419|20307585|20301149|20246068|20246013
1478044,20424183|20415723|20406349|20370688|20333225|20332419|20307585|20301149|20246068|20246013
1478402,20424183|20415723|20406349|20370688|20333225|20332419|20307585|20301149|20246068|20246013
1478556,20424183|20415723|20406349|20370688|20333225|20332419|20307585|20301149|20246068|20246013
1479003,20424183|20415723|20406349|20370688|20333225|20332419|20307585|20301149|20246068|20246013
1479249,4712067898914|20424183|20415723|20406349|20370688|20333225|20332419|20307585|20301149|20246068
1479485,4710583300089|4710105015118|20424183|20415723|20406349|20370688|20333225|20332419|20307585|20301149
1480092,20333225|20415723|4710105045450|4710105045443|20424183|20406349|20370688|20332419|20307585|20301149
1480146,4711686006090|4710998000802|4710731060124|4710363382045|4710032601194|4710015103370|4711128668787|4710960892077|4710247005206|4710467221516
1480214,20424183|20415723|20406349|20370688|20333225|20332419|20307585|20301149|20246068|20246013
1480351,4711686006090|4710998000802|4710731060124|4710363382045|4710032601194|4710015103370|4711128668787|4710960892077|4710247005206|4710467221516
1480955,20424183|20415723|20406349|20370688|20333225|20332419|20307585|20301149|20246068|20246013
1480979,20424183|20415723|20406349|20370688|20333225|20332419|20307585|20301149|20246068|20246013
1481280,4711686006090|4710998000802|4710731060124|4710363382045|4710032601194|4710015103370|4711128668787|4710960892077|4710247005206|4710467221516
1481518,20424183|20415723|20406349|20370688|20333225|20332419|20307585|20301149|20246068|20246013
1481686,20424183|20415723|20406349|20370688|20333225|20332419|20307585|20301149|20246068|20246013
1481693,20424183|20415723|20406349|20370688|20333225|20332419|20307585|20301149|20246068|20246013
1481761,20424183|20415723|20406349|20370688|20333225|20332419|20307585|20301149|20246068|20246013
1482393,20424183|20415723|20406349|20370688|20333225|20332419|20307585|20301149|20246068|20246013
1482430,20451042|20424183|20406349|20370688|20333225|20332419|20307585|20301149|20246068|20246013
1482522,4711686006090|4710998000802|4710731060124|4710363382045|4710032601194|4710015103370|4711128668787|4710960892077|4710247005206|4710467221516
1482560,4711686006090|4710998000802|4710731060124|4710363382045|4710032601194|4710015103370|4711128668787|4710960892077|4710247005206|4710467221516
1482591,20424183|20415723|20406349|20370688|20333225|20332419|20307585|20301149|20246068|20246013
1482614,20424183|20415723|20406349|20370688|20333225|20332419|20307585|20301149|20246068|20246013
1483024,20424183|20415723|20406349|20370688|20333225|20332419|20307585|20301149|20246068|20246013
1483123,20424183|20415723|20406349|20370688|20333225|20332419|20307585|20301149|20246068|20246013
1483529,20424183|20415723|20406349|20370688|20333225|20332419|20307585|20301149|20246068|20246013
1483550,20424183|20415723|20406349|20370688|20333225|20332419|20307585|20301149|20246068|20246013
1483819,4711686006090|4710998000802|4710731060124|4710363382045|4710032601194|4710015103370|4711128668787|4710960892077|4710247005206|4710467221516
1484014,20424183|20415723|20406349|20370688|20333225|20332419|20307585|20301149|20246068|20246013
1484137,20424183|20415723|20406349|20370688|20333225|20332419|20307585|20301149|20246068|20246013
1484502,20424183|20415723|20406349|20370688|20333225|20332419|20307585|20301149|20246068|20246013
1484519,20424183|20415723|20406349|20370688|20333225|20332419|20307585|20301149|20246068|20246013
1484588,20424183|20415723|20406349|20370688|20333225|20332419|20307585|20301149|20246068|20246013
1484618,20424183|20415723|20406349|20370688|20333225|20332419|20307585|20301149|20246068|20246013
1484847,20424183|20415723|20406349|20370688|20333225|20332419|20307585|20301149|20246068|20246013
1485066,20424183|20415723|20406349|20370688|20333225|20332419|20307585|20301149|20246068|20246013
1485172,20424183|20415723|20406349|20370688|20333225|20332419|20307585|20301149|20246068|20246013
1485219,20424183|20415723|20406349|20370688|20333225|20332419|20307585|20301149|20246068|20246013
1485455,20424183|20415723|20406349|20370688|20333225|20332419|20307585|20301149|20246068|20246013
1485752,20424183|20415723|20406349|20370688|20333225|20332419|20307585|20301149|20246068|20246013
1486476,20424183|20415723|20406349|20370688|20333225|20332419|20307585|20301149|20246068|20246013
1486599,4711686006090|4710998000802|4710731060124|4710363382045|4710032601194|4710015103370|4711128668787|4710960892077|4710247005206|4710467221516
1487497,20424183|20415723|20406349|20370688|20333225|20332419|20307585|20301149|20246068|20246013
1487510,7610700600863|20451042|20424183|20415723|20406349|20370688|20333225|20332419|20307585|20301149
1487930,20424183|20415723|20406349|20370688|20333225|20332419|20307585|20301149|20246068|20246013
1488029,20424183|20415723|20406349|20370688|20333225|20332419|20307585|20301149|20246068|20246013
1488081,20424183|20415723|20406349|20370688|20333225|20332419|20307585|20301149|20246068|20246013
1488098,20424183|20415723|20406349|20370688|20333225|20332419|20307585|20301149|20246068|20246013
1488456,20451042|20424183|20415723|20406349|20370688|20333225|20332419|20307585|20301149|20246068
1488593,20424183|20415723|20406349|20370688|20333225|20332419|20307585|20301149|20246068|20246013
1488647,20424183|20415723|20406349|20370688|20333225|20332419|20307585|20301149|20246068|20246013
1488975,20424183|20415723|20406349|20370688|20333225|20332419|20307585|20301149|20246068|20246013
1489064,20424183|20415723|20406349|20370688|20333225|20332419|20307585|20301149|20246068|20246013
1489378,20424183|20415723|20406349|20370688|20333225|20332419|20307585|20301149|20246068|20246013
1489729,4711686006090|4710998000802|4710731060124|4710363382045|4710032601194|4710015103370|4711128668787|4710960892077|4710247005206|4710467221516
1489828,20424183|20415723|20406349|20370688|20333225|20332419|20307585|20301149|20246068|20246013
1489873,20424183|20415723|20406349|20370688|20333225|20332419|20307585|20301149|20246068|20246013
1490176,20424183|20415723|20406349|20370688|20333225|20332419|20307585|20301149|20246068|20246013
1490305,20424183|20415723|20406349|20370688|20333225|20332419|20307585|20301149|20246068|20246013
1490473,20424183|20415723|20406349|20370688|20333225|20332419|20307585|20301149|20246068|20246013
1490565,4711686006090|4710998000802|4710731060124|4710363382045|4710032601194|4710015103370|4711128668787|4710960892077|4710247005206|4710467221516
1490633,20424183|20415723|20406349|20370688|20333225|20332419|20307585|20301149|20246068|20246013
1491036,4711686006090|4710998000802|4710731060124|4710363382045|4710032601194|4710015103370|4711128668787|4710960892077|4710247005206|4710467221516
1491302,20424183|20415723|20406349|20370688|20333225|20332419|20307585|20301149|20246068|20246013
1491609,20424183|20415723|20406349|20370688|20333225|20332419|20307585|20301149|20246068|20246013
1492002,20451042|20424183|20415723|20370688|20333225|20332419|20307585|20301149|20246068|20246013
1492156,4711686006090|4710998000802|4710731060124|4710363382045|4710032601194|4710015103370|4711128668787|4710960892077|4710247005206|4710467221516
1492385,20424183|20415723|20406349|20370688|20333225|20332419|20307585|20301149|20246068|20246013
1492491,20424183|20415723|20406349|20370688|20333225|20332419|20307585|20301149|20246068|20246013
1492552,4717101101371|4714242832669|4710032501791|20424183|20415723|20406349|20370688|20333225|20332419|20307585
1493221,20424183|20415723|20406349|20370688|20333225|20332419|20307585|20301149|20246068|20246013
1493238,20451042|20424183|20406349|20370688|20333225|20332419|20307585|20301149|20246068|20246013
1493542,4711686006090|4710998000802|4710731060124|4710363382045|4710032601194|4710015103370|4711128668787|4710960892077|4710247005206|4710467221516
1493726,20424183|20415723|20406349|20370688|20333225|20332419|20307585|20301149|20246068|20246013
1493832,20424183|20415723|20406349|20370688|20333225|20332419|20307585|20301149|20246068|20246013
1494068,20424183|20415723|20406349|20370688|20333225|20332419|20307585|20301149|20246068|20246013
1494150,20424183|20415723|20406349|20370688|20333225|20332419|20307585|20301149|20246068|20246013
1494259,20424183|20415723|20406349|20370688|20333225|20332419|20307585|20301149|20246068|20246013
1494426,20424183|20415723|20406349|20370688|20333225|20332419|20307585|20301149|20246068|20246013
1494570,4711686006090|4710998000802|4710731060124|4710363382045|4710032601194|4710015103370|4711128668787|4710960892077|4710247005206|4710467221516
1495324,4710105020327|4710105020358|4710144101452|20424183|20415723|20406349|20370688|20333225|20332419|20307585
1495522,20424183|20415723|20406349|20370688|20333225|20332419|20307585|20301149|20246068|20246013
1495539,4711686006090|4710998000802|4710731060124|4710363382045|4710032601194|4710015103370|4711128668787|4710960892077|4710247005206|4710467221516
1495904,20424183|20415723|20406349|20370688|20333225|20332419|20307585|20301149|20246068|20246013
1495997,20424183|20415723|20406349|20370688|20333225|20332419|20307585|20301149|20246068|20246013
1496796,20424183|20415723|20406349|20370688|20333225|20332419|20307585|20301149|20246068|20246013
1497373,20424183|20415723|20406349|20370688|20333225|20332419|20307585|20301149|20246068|20246013
1497410,20424183|20415723|20406349|20370688|20333225|20332419|20307585|20301149|20246068|20246013
1497830,20424183|20415723|20406349|20370688|20333225|20332419|20307585|20301149|20246068|20246013
1498103,20424183|20415723|20406349|20370688|20333225|20332419|20307585|20301149|20246068|20246013
1499414,20424183|20415723|20406349|20370688|20333225|20332419|20307585|20301149|20246068|20246013
1499834,20424183|20415723|20406349|20370688|20333225|20332419|20307585|20301149|20246068|20246013
1499889,20424183|20415723|20406349|20370688|20333225|20332419|20307585|20301149|20246068|20246013
1500059,20424183|20415723|20406349|20370688|20333225|20332419|20307585|20301149|20246068|20246013
1500110,20424183|20415723|20406349|20370688|20333225|20332419|20307585|20301149|20246068|20246013
1500127,20424183|20415723|20406349|20370688|20333225|20332419|20307585|20301149|20246068|20246013
1500301,20424183|20415723|20406349|20370688|20333225|20332419|20307585|20301149|20246068|20246013
1500370,20424183|20415723|20406349|20370688|20333225|20332419|20307585|20301149|20246068|20246013
1500516,20424183|20415723|20406349|20370688|20333225|20332419|20307585|20301149|20246068|20246013
1500745,20424183|20415723|20406349|20370688|20333225|20332419|20307585|20301149|20246068|20246013
1500820,20451042|20424183|20415723|20370688|20333225|20332419|20307585|20301149|20246068|20246013
1501186,4711686006090|4710998000802|4710731060124|4710363382045|4710032601194|4710015103370|4711128668787|4710960892077|4710247005206|4710467221516
1501377,20424183|20415723|20406349|20370688|20333225|20332419|20307585|20301149|20246068|20246013
1502541,4711686006090|4710998000802|4710731060124|4710363382045|4710032601194|4710015103370|4711128668787|4710960892077|4710247005206|4710467221516
1502770,4711686006090|4710998000802|4710731060124|4710363382045|4710032601194|4710015103370|4711128668787|4710960892077|4710247005206|4710467221516
1502862,4711686006090|4710998000802|4710731060124|4710363382045|4710032601194|4710015103370|4711128668787|4710960892077|4710247005206|4710467221516
1502916,20424183|20415723|20406349|20370688|20333225|20332419|20307585|20301149|20246068|20246013
1503142,20424183|20415723|20406349|20370688|20333225|20332419|20307585|20301149|20246068|20246013
1503234,20424183|20415723|20406349|20370688|20333225|20332419|20307585|20301149|20246068|20246013
1503241,4711686006090|4710998000802|4710731060124|4710363382045|4710032601194|4710015103370|4711128668787|4710960892077|4710247005206|4710467221516
1503258,20424183|20415723|20406349|20370688|20333225|20332419|20307585|20301149|20246068|20246013
1503265,20424183|20415723|20406349|20370688|20333225|20332419|20307585|20301149|20246068|20246013
1503647,20424183|20415723|20406349|20370688|20333225|20332419|20307585|20301149|20246068|20246013
1503739,20424183|20415723|20406349|20370688|20333225|20332419|20307585|20301149|20246068|20246013
1504156,20424183|20415723|20406349|20370688|20333225|20332419|20307585|20301149|20246068|20246013
1504323,20451042|20424183|20415723|20406349|20370688|20333225|20332419|20307585|20301149|20246068
1504484,20424183|20415723|20406349|20370688|20333225|20332419|20307585|20301149|20246068|20246013
1504491,20424183|20415723|20406349|20370688|20333225|20332419|20307585|20301149|20246068|20246013
1504590,4711686006090|4710998000802|4710731060124|4710363382045|4710032601194|4710015103370|4711128668787|4710960892077|4710247005206|4710467221516
1504682,20424183|20415723|20406349|20370688|20333225|20332419|20307585|20301149|20246068|20246013
1506143,20424183|20415723|20406349|20370688|20333225|20332419|20307585|20301149|20246068|20246013
1506174,20424183|20415723|20406349|20370688|20333225|20332419|20307585|20301149|20246068|20246013
1506310,20424183|20415723|20406349|20370688|20333225|20332419|20307585|20301149|20246068|20246013
1506402,4719859015078|4719859015061|4719090701051|20307585|20424183|20415723|20406349|20370688|20333225|20332419
1506501,4711686006090|4710998000802|4710731060124|4710363382045|4710247005206|4710032601194|4710015103370|4710088431295|4710290003082|4710088410382
1507041,20424183|20415723|20406349|20370688|20333225|20332419|20307585|20301149|20246068|20246013
1507126,4711524000907|4711369000018|4710011432856|4710011401135|4710011432825|4710011401142|4714981010038|20424183|20415723|20406349
1507218,20424183|20415723|20406349|20370688|20333225|20332419|20307585|20301149|20246068|20246013
1507348,4711686006090|4710998000802|4710731060124|4710363382045|4710032601194|4710015103370|4711128668787|4710960892077|4710247005206|4710467221516
1507409,20424183|20415723|20406349|20370688|20333225|20332419|20307585|20301149|20246068|20246013
1507690,20424183|20415723|20406349|20370688|20333225|20332419|20307585|20301149|20246068|20246013
1507836,4712278884263|4711634000965|47100312|4711686006090|4710998000802|4710363382045|4710247005206|4710032601194|4710015103370|4710200000019
1508017,20424183|20415723|20406349|20370688|20333225|20332419|20307585|20301149|20246068|20246013
1508260,4711686006090|4710998000802|4710731060124|4710363382045|4710032601194|4710015103370|4711128668787|4710960892077|4710247005206|4710467221516
1508406,4711686006090|4710998000802|4710731060124|4710363382045|4710032601194|4710015103370|4711128668787|4710960892077|4710247005206|4710467221516
1508727,4711686006090|4710998000802|4710731060124|4710363382045|4710032601194|4710015103370|4711128668787|4710960892077|4710247005206|4710467221516
1508772,20424183|20415723|20406349|20370688|20333225|20332419|20307585|20301149|20246068|20246013
1509373,20424183|20415723|20406349|20370688|20333225|20332419|20307585|20301149|20246068|20246013
1509403,20424183|20415723|20406349|20370688|20333225|20332419|20307585|20301149|20246068|20246013
1509496,20424183|20415723|20406349|20370688|20333225|20332419|20307585|20301149|20246068|20246013
1509557,20424183|20415723|20406349|20370688|20333225|20332419|20307585|20301149|20246068|20246013
1509632,20514761|20514235|20451042|20424183|20406349|20370688|20333225|20332419|20301149|20246068
1510096,20424183|20415723|20406349|20370688|20333225|20332419|20307585|20301149|20246068|20246013
1510119,20424183|20415723|20406349|20370688|20333225|20332419|20307585|20301149|20246068|20246013
1510430,20424183|20415723|20406349|20370688|20333225|20332419|20307585|20301149|20246068|20246013
1510447,20424183|20415723|20406349|20370688|20333225|20332419|20307585|20301149|20246068|20246013
1510461,4711686006090|4710998000802|4710731060124|4710363382045|4710032601194|4710015103370|4711128668787|4710960892077|4710247005206|4710467221516
1510560,20424183|20415723|20406349|20370688|20333225|20332419|20307585|20301149|20246068|20246013
1510638,20424183|20415723|20406349|20370688|20333225|20332419|20307585|20301149|20246068|20246013
1510829,20424183|20415723|20406349|20370688|20333225|20332419|20307585|20301149|20246068|20246013
1510836,20424183|20415723|20406349|20370688|20333225|20332419|20307585|20301149|20246068|20246013
1511123,20424183|20415723|20406349|20370688|20333225|20332419|20307585|20301149|20246068|20246013
1511390,4711686006090|4710998000802|4710731060124|4710363382045|4710032601194|4710015103370|4711128668787|4710960892077|4710247005206|4710467221516
1511420,4710154012076|4710628070465|4710036110067|20424183|20415723|20406349|20370688|20333225|20332419|20307585
1512830,4711634000460|4710722000474|37000441809|37000329169|20424183|20415723|20406349|20370688|20333225|20332419
1512946,4711686006090|4710998000802|4710731060124|4710363382045|4710032601194|4710015103370|4711128668787|4710960892077|4710247005206|4710467221516
1512991,20424183|20415723|20406349|20370688|20333225|20332419|20307585|20301149|20246068|20246013
1513257,20424183|20415723|20406349|20370688|20333225|20332419|20307585|20301149|20246068|20246013
1513288,20424183|20415723|20406349|20370688|20333225|20332419|20307585|20301149|20246068|20246013
1513448,20424183|20415723|20406349|20370688|20333225|20332419|20307585|20301149|20246068|20246013
1513738,20424183|20415723|20406349|20370688|20333225|20332419|20307585|20301149|20246068|20246013
1513981,20424183|20415723|20406349|20370688|20333225|20332419|20307585|20301149|20246068|20246013
1514230,20424183|20415723|20406349|20370688|20333225|20332419|20307585|20301149|20246068|20246013
1514407,20424183|20415723|20406349|20370688|20333225|20332419|20307585|20301149|20246068|20246013
1514667,20424183|20415723|20406349|20370688|20333225|20332419|20307585|20301149|20246068|20246013
1514766,20424183|20415723|20406349|20370688|20333225|20332419|20307585|20301149|20246068|20246013
1514803,20451042|20424183|20415723|20406349|20370688|20333225|20332419|20301149|20246068|20246013
1514841,4711686006090|4710998000802|4710731060124|4710363382045|4710032601194|4710015103370|4711128668787|4710960892077|4710247005206|4710467221516
1515077,20424183|20415723|20406349|20370688|20333225|20332419|20307585|20301149|20246068|20246013
1515565,4711686006090|4710998000802|4710731060124|4710363382045|4710032601194|4710015103370|4711128668787|4710960892077|4710247005206|4710467221516
1515626,20424183|20415723|20406349|20370688|20333225|20332419|20307585|20301149|20246068|20246013
1515749,20424183|20415723|20406349|20370688|20333225|20332419|20307585|20301149|20246068|20246013
1515817,4711686006090|4710998000802|4710731060124|4710363382045|4710032601194|4710015103370|4711128668787|4710960892077|4710247005206|4710467221516
1516067,20424183|20415723|20406349|20370688|20333225|20332419|20307585|20301149|20246068|20246013
1516142,20424183|20415723|20406349|20370688|20333225|20332419|20307585|20301149|20246068|20246013
1516203,20424183|20415723|20406349|20370688|20333225|20332419|20307585|20301149|20246068|20246013
1516333,20424183|20415723|20406349|20370688|20333225|20332419|20307585|20301149|20246068|20246013
1516715,4711686006090|4710998000802|4710731060124|4710363382045|4710032601194|4710015103370|4711128668787|4710960892077|4710247005206|4710467221516
1516777,20424183|20415723|20406349|20370688|20333225|20332419|20307585|20301149|20246068|20246013
1517033,20424183|20415723|20406349|20370688|20333225|20332419|20307585|20301149|20246068|20246013
1517071,4711686006090|4710998000802|4710731060124|4710363382045|4710032601194|4710015103370|4711128668787|4710960892077|4710247005206|4710467221516
1517194,20424183|20415723|20406349|20370688|20333225|20332419|20307585|20301149|20246068|20246013
1517675,20424183|20415723|20406349|20370688|20333225|20332419|20307585|20301149|20246068|20246013
1517767,20424183|20415723|20406349|20370688|20333225|20332419|20307585|20301149|20246068|20246013
1517828,20424183|20415723|20406349|20370688|20333225|20332419|20307585|20301149|20246068|20246013
1518245,20424183|20415723|20406349|20370688|20333225|20332419|20307585|20301149|20246068|20246013
1518467,20424183|20415723|20406349|20370688|20333225|20332419|20307585|20301149|20246068|20246013
1518603,4711686006090|4710998000802|4710731060124|4710363382045|4710032601194|4710015103370|4711128668787|4710960892077|4710247005206|4710467221516
1518764,20424183|20415723|20406349|20370688|20333225|20332419|20307585|20301149|20246068|20246013
1518832,20424183|20415723|20406349|20370688|20333225|20332419|20307585|20301149|20246068|20246013
1519006,20451042|20424183|20415723|20406349|20333225|20332419|20307585|20301149|20246068|20246013
1519129,20424183|20415723|20406349|20370688|20333225|20332419|20307585|20301149|20246068|20246013
1519198,20424183|20415723|20406349|20370688|20333225|20332419|20307585|20301149|20246068|20246013
1520552,4711686006090|4710998000802|4710731060124|4710363382045|4710032601194|4710015103370|4711128668787|4710960892077|4710247005206|4710467221516
1520576,20424183|20415723|20406349|20370688|20333225|20332419|20307585|20301149|20246068|20246013
1521030,20424183|20415723|20406349|20370688|20333225|20332419|20307585|20301149|20246068|20246013
1521061,4714050000038|4710110000581|4711437000063|4710209701139|4712789000022|4710114105046|4710105010724|4710094012686|4710515533028|4710247001765
1521214,20424183|20415723|20406349|20370688|20333225|20332419|20307585|20301149|20246068|20246013
1521252,20424183|20415723|20406349|20370688|20333225|20332419|20307585|20301149|20246068|20246013
1521269,20424183|20415723|20406349|20370688|20333225|20332419|20307585|20301149|20246068|20246013
1521573,4710294610811|4710094097768|20424183|20415723|20406349|20370688|20333225|20332419|20307585|20301149
1521580,20424183|20415723|20406349|20370688|20333225|20332419|20307585|20301149|20246068|20246013
1521665,20424183|20415723|20406349|20370688|20333225|20332419|20307585|20301149|20246068|20246013
1521894,20424183|20415723|20406349|20370688|20333225|20332419|20307585|20301149|20246068|20246013
1522006,20424183|20415723|20406349|20370688|20333225|20332419|20307585|20301149|20246068|20246013
1522082,20424183|20415723|20406349|20370688|20333225|20332419|20307585|20301149|20246068|20246013
1522242,20451042|20424183|20415723|20406349|20370688|20333225|20307585|20301149|20246068|20246013
1522396,20424183|20415723|20406349|20370688|20333225|20332419|20307585|20301149|20246068|20246013
1522433,4711686006090|4710998000802|4710731060124|4710363382045|4710032601194|4710015103370|4711128668787|4710960892077|4710247005206|4710467221516
1522655,20424183|20415723|20406349|20370688|20333225|20332419|20307585|20301149|20246068|20246013
1522808,20424183|20415723|20406349|20370688|20333225|20332419|20307585|20301149|20246068|20246013
1523034,20424183|20415723|20406349|20370688|20333225|20332419|20307585|20301149|20246068|20246013
1523065,4711686006090|4710998000802|4710731060124|4710363382045|4710032601194|4710015103370|4711128668787|4710960892077|4710247005206|4710467221516
1523607,20424183|20415723|20406349|20370688|20333225|20332419|20307585|20301149|20246068|20246013
1524062,20424183|20415723|20406349|20370688|20333225|20332419|20307585|20301149|20246068|20246013
1524086,4710098162806|4711926724012|4710105045320|4710105045450|4714981010038|20424183|20415723|20406349|20370688|20333225
1524277,20424183|20415723|20406349|20370688|20333225|20332419|20307585|20301149|20246068|20246013
1524314,20424183|20415723|20406349|20370688|20333225|20332419|20307585|20301149|20246068|20246013
1524888,20451042|20424183|20415723|20406349|20370688|20333225|20332419|20301149|20246068|20246013
1524956,4711686006090|4710998000802|4710731060124|4710363382045|4710032601194|4710015103370|4711128668787|4710960892077|4710247005206|4710467221516
1524963,20424183|20415723|20406349|20370688|20333225|20332419|20307585|20301149|20246068|20246013
1525007,20424183|20415723|20406349|20370688|20333225|20332419|20307585|20301149|20246068|20246013
1525014,20424183|20415723|20406349|20370688|20333225|20332419|20307585|20301149|20246068|20246013
1525144,20424183|20415723|20406349|20370688|20333225|20332419|20307585|20301149|20246068|20246013
1525274,20424183|20415723|20406349|20370688|20333225|20332419|20307585|20301149|20246068|20246013
1525496,20424183|20415723|20406349|20370688|20333225|20332419|20307585|20301149|20246068|20246013
1525540,20424183|20415723|20406349|20370688|20333225|20332419|20307585|20301149|20246068|20246013
1526509,20424183|20415723|20406349|20370688|20333225|20332419|20307585|20301149|20246068|20246013
1526776,20424183|20415723|20406349|20370688|20333225|20332419|20307585|20301149|20246068|20246013
1526967,4711524000419|4711524000396|4716617500036|4711634002297|4710515533028|4710088424273|4711524000891|4711524000600|4711524000471|4710015103288
1527179,20424183|20415723|20406349|20370688|20333225|20332419|20307585|20301149|20246068|20246013
1528008,20424183|20415723|20406349|20370688|20333225|20332419|20307585|20301149|20246068|20246013
1528039,20424183|20415723|20406349|20370688|20333225|20332419|20307585|20301149|20246068|20246013
1528152,20424183|20415723|20406349|20370688|20333225|20332419|20307585|20301149|20246068|20246013
1528244,20424183|20415723|20406349|20370688|20333225|20332419|20307585|20301149|20246068|20246013
1528336,20424183|20415723|20406349|20370688|20333225|20332419|20307585|20301149|20246068|20246013
1528466,20424183|20415723|20406349|20370688|20333225|20332419|20307585|20301149|20246068|20246013
1528879,20451042|20424183|20415723|20406349|20370688|20333225|20332419|20301149|20246068|20246013
1529081,20424183|20415723|20406349|20370688|20333225|20332419|20307585|20301149|20246068|20246013
1529128,20424183|20415723|20406349|20370688|20333225|20332419|20307585|20301149|20246068|20246013
1529258,4710126392007|4710088432353|20424183|20415723|20406349|20370688|20333225|20332419|20307585|20301149
1529272,20424183|20415723|20406349|20370688|20333225|20332419|20307585|20301149|20246068|20246013
1529319,20424183|20415723|20406349|20370688|20333225|20332419|20307585|20301149|20246068|20246013
1529623,20424183|20415723|20406349|20370688|20333225|20332419|20307585|20301149|20246068|20246013
1529739,20424183|20415723|20406349|20370688|20333225|20332419|20307585|20301149|20246068|20246013
1530476,4711686006090|4710998000802|4710731060124|4710363382045|4710032601194|4710015103370|4711128668787|4710960892077|4710247005206|4710467221516
1530490,20424183|20415723|20406349|20370688|20333225|20332419|20307585|20301149|20246068|20246013
1530995,20451042|20424183|20406349|20370688|20333225|20332419|20307585|20301149|20246068|20246013
1531008,20424183|20415723|20406349|20370688|20333225|20332419|20307585|20301149|20246068|20246013
1531183,20424183|20415723|20406349|20370688|20333225|20332419|20307585|20301149|20246068|20246013
1531275,20424183|20415723|20406349|20370688|20333225|20332419|20307585|20301149|20246068|20246013
1531657,4711686006090|4710998000802|4710731060124|4710363382045|4710032601194|4710015103370|4711128668787|4710960892077|4710247005206|4710467221516
1531817,20424183|20415723|20406349|20370688|20333225|20332419|20307585|20301149|20246068|20246013
1532128,20424183|20415723|20406349|20370688|20333225|20332419|20307585|20301149|20246068|20246013
1532357,20424183|20415723|20406349|20370688|20333225|20332419|20307585|20301149|20246068|20246013
1532579,20424183|20415723|20406349|20370688|20333225|20332419|20307585|20301149|20246068|20246013
1532586,20424183|20415723|20406349|20370688|20333225|20332419|20307585|20301149|20246068|20246013
1532616,20424183|20415723|20406349|20370688|20333225|20332419|20307585|20301149|20246068|20246013
1532685,20424183|20415723|20406349|20370688|20333225|20332419|20307585|20301149|20246068|20246013
1532753,20424183|20415723|20406349|20370688|20333225|20332419|20307585|20301149|20246068|20246013
1533163,4710057830012|51000024237|4710105015118|20424183|20415723|20406349|20370688|20333225|20332419|20307585
1533248,20424183|20415723|20406349|20370688|20333225|20332419|20307585|20301149|20246068|20246013
1533286,20451042|20424183|20415723|20406349|20333225|20332419|20307585|20301149|20246068|20246013
1533590,20424183|20415723|20406349|20370688|20333225|20332419|20307585|20301149|20246068|20246013
1533705,20424183|20415723|20406349|20370688|20333225|20332419|20307585|20301149|20246068|20246013
1533736,4711686006090|4710998000802|4710731060124|4710363382045|4710032601194|4710015103370|4711128668787|4710960892077|4710247005206|4710467221516
1533743,20424183|20415723|20406349|20370688|20333225|20332419|20307585|20301149|20246068|20246013
1533873,20424183|20415723|20406349|20370688|20333225|20332419|20307585|20301149|20246068|20246013
1533903,20424183|20415723|20406349|20370688|20333225|20332419|20307585|20301149|20246068|20246013
1534023,20424183|20415723|20406349|20370688|20333225|20332419|20307585|20301149|20246068|20246013
1534092,4710036038033|4719090900058|4711080010112|4714981010038|20424183|20415723|20406349|20370688|20333225|20332419
1534108,20424183|20415723|20406349|20370688|20333225|20332419|20307585|20301149|20246068|20246013
1534375,9556121008032|9556121008025|4717101101265|4714276113888|4712397000261|4710105051628|4710583920003|20246013|4711039232190|4710043131703
1534443,20424183|20415723|20406349|20370688|20333225|20332419|20307585|20301149|20246068|20246013
1534535,4711686006090|4710998000802|4710731060124|4710363382045|4710032601194|4710015103370|4711128668787|4710960892077|4710247005206|4710467221516
1534689,20424183|20415723|20406349|20370688|20333225|20332419|20307585|20301149|20246068|20246013
1534740,20424183|20415723|20406349|20370688|20333225|20332419|20307585|20301149|20246068|20246013
1535099,20424183|20415723|20406349|20370688|20333225|20332419|20307585|20301149|20246068|20246013
1535266,4711686006090|4710998000802|4710731060124|4710363382045|4710032601194|4710015103370|4711128668787|4710960892077|4710247005206|4710467221516
1535303,20451042|20424183|20415723|20406349|20370688|20333225|20332419|20307585|20301149|20246068
1535655,20424183|20415723|20406349|20370688|20333225|20332419|20307585|20301149|20246068|20246013
1535716,4710063421624|4710209701139|4710128030037|4710626055310|20424183|20415723|20406349|20370688|20333225|20332419
1535907,20424183|20415723|20406349|20370688|20333225|20332419|20307585|20301149|20246068|20246013
1536140,20424183|20415723|20406349|20370688|20333225|20332419|20307585|20301149|20246068|20246013
1536362,20424183|20415723|20406349|20370688|20333225|20332419|20307585|20301149|20246068|20246013
1536539,4711686006090|4710998000802|4710731060124|4710363382045|4710032601194|4710015103370|4711128668787|4710960892077|4710247005206|4710467221516
1536690,20424183|20415723|20406349|20370688|20333225|20332419|20307585|20301149|20246068|20246013
1537185,20424183|20415723|20406349|20370688|20333225|20332419|20307585|20301149|20246068|20246013
1537208,20424183|20415723|20406349|20370688|20333225|20332419|20307585|20301149|20246068|20246013
1537321,20424183|20415723|20406349|20370688|20333225|20332419|20307585|20301149|20246068|20246013
1537406,20424183|20415723|20406349|20370688|20333225|20332419|20307585|20301149|20246068|20246013
1537598,20451042|20424183|20415723|20406349|20333225|20332419|20307585|20301149|20246068|20246013
1537741,20424183|20415723|20406349|20370688|20333225|20332419|20307585|20301149|20246068|20246013
1537772,4711686006090|4710998000802|4710731060124|4710363382045|4710032601194|4710015103370|4711128668787|4710960892077|4710247005206|4710467221516
1538045,20424183|20415723|20406349|20370688|20333225|20332419|20307585|20301149|20246068|20246013
1538175,20424183|20415723|20406349|20370688|20333225|20332419|20307585|20301149|20246068|20246013
1538205,20424183|20415723|20406349|20370688|20333225|20332419|20307585|20301149|20246068|20246013
1538328,20424183|20415723|20406349|20370688|20333225|20332419|20307585|20301149|20246068|20246013
1539431,20424183|20415723|20406349|20370688|20333225|20332419|20307585|20301149|20246068|20246013
1539578,4711686006090|4710998000802|4710731060124|4710363382045|4710032601194|4710015103370|4711128668787|4710960892077|4710247005206|4710467221516
1539608,20424183|20415723|20406349|20370688|20333225|20332419|20307585|20301149|20246068|20246013
1539691,20424183|20415723|20406349|20370688|20333225|20332419|20307585|20301149|20246068|20246013
1539738,20424183|20415723|20406349|20370688|20333225|20332419|20307585|20301149|20246068|20246013
1539868,20424183|20415723|20406349|20370688|20333225|20332419|20307585|20301149|20246068|20246013
1539912,20424183|20415723|20406349|20370688|20333225|20332419|20307585|20301149|20246068|20246013
1540062,20424183|20415723|20406349|20370688|20333225|20332419|20307585|20301149|20246068|20246013
1540581,4711686006090|4710998000802|4710731060124|4710363382045|4710032601194|4710015103370|4711128668787|4710960892077|4710247005206|4710467221516
1541014,20424183|20415723|20406349|20370688|20333225|20332419|20307585|20301149|20246068|20246013
1541403,20424183|20415723|20406349|20370688|20333225|20332419|20307585|20301149|20246068|20246013
1541571,20424183|20415723|20406349|20370688|20333225|20332419|20307585|20301149|20246068|20246013
1541632,20424183|20415723|20406349|20370688|20333225|20332419|20307585|20301149|20246068|20246013
1541861,20424183|20415723|20406349|20370688|20333225|20332419|20307585|20301149|20246068|20246013
1542271,20451042|20424183|20415723|20406349|20370688|20333225|20332419|20307585|20301149|20246068
1542363,4901872506507|4710068331553|41333600017|4711128668787|4710960892077|4710467221516|4718429100060|4710134024242|4711985100024|4710126194281
1542486,20424183|20415723|20406349|20370688|20333225|20332419|20307585|20301149|20246068|20246013
1542851,4711686006090|4710998000802|4710731060124|4710363382045|4710032601194|4710015103370|4711128668787|4710960892077|4710247005206|4710467221516
1542868,20424183|20415723|20406349|20370688|20333225|20332419|20307585|20301149|20246068|20246013
1542998,4711686006090|4710998000802|4710731060124|4710363382045|4710032601194|4710015103370|4711128668787|4710960892077|4710247005206|4710467221516
1543469,4712934010074|4710176016045|4710105010113|4710088430922|4711524001041|4710549000664|4710290007011|4710022102892|40000015314|4710088432476
1543551,20424183|20415723|20406349|20370688|20333225|20332419|20307585|20301149|20246068|20246013
1543650,20424183|20415723|20406349|20370688|20333225|20332419|20307585|20301149|20246068|20246013
1543681,20424183|20415723|20406349|20370688|20333225|20332419|20307585|20301149|20246068|20246013
1544015,20424183|20415723|20406349|20370688|20333225|20332419|20307585|20301149|20246068|20246013
1544060,4711686006090|4710998000802|4710731060124|4710363382045|4710032601194|4710015103370|4711128668787|4710960892077|4710247005206|4710467221516
1544268,20424183|20415723|20406349|20370688|20333225|20332419|20307585|20301149|20246068|20246013
1544541,20424183|20415723|20406349|20370688|20333225|20332419|20307585|20301149|20246068|20246013
1545005,20424183|20415723|20406349|20370688|20333225|20332419|20307585|20301149|20246068|20246013
1545012,20424183|20415723|20406349|20370688|20333225|20332419|20307585|20301149|20246068|20246013
1545173,20424183|20415723|20406349|20370688|20333225|20332419|20307585|20301149|20246068|20246013
1545180,20424183|20415723|20406349|20370688|20333225|20332419|20307585|20301149|20246068|20246013
1545227,20424183|20415723|20406349|20370688|20333225|20332419|20307585|20301149|20246068|20246013
1545319,20424183|20415723|20406349|20370688|20333225|20332419|20307585|20301149|20246068|20246013
1545425,20424183|20415723|20406349|20370688|20333225|20332419|20307585|20301149|20246068|20246013
1545494,20424183|20415723|20406349|20370688|20333225|20332419|20307585|20301149|20246068|20246013
1545500,4711686006090|4710998000802|4710731060124|4710363382045|4710032601194|4710015103370|4711128668787|4710960892077|4710247005206|4710467221516
1545753,4710022275503|4710176011194|4712278884263|4711634000965|47100312|4710015103288|20406349|4710998000802|4710731060124|4710363382045
1546057,20424183|20415723|20406349|20370688|20333225|20332419|20307585|20301149|20246068|20246013
1546071,20424183|20415723|20406349|20370688|20333225|20332419|20307585|20301149|20246068|20246013
1546095,20424183|20415723|20406349|20370688|20333225|20332419|20307585|20301149|20246068|20246013
1546194,4711686006090|4710998000802|4710731060124|4710363382045|4710032601194|4710015103370|4711128668787|4710960892077|4710247005206|4710467221516
1546224,4711686006090|4710998000802|4710731060124|4710363382045|4710032601194|4710015103370|4711128668787|4710960892077|4710247005206|4710467221516
1546422,20424183|20415723|20406349|20370688|20333225|20332419|20307585|20301149|20246068|20246013
1546439,20451042|20424183|20415723|20406349|20333225|20332419|20307585|20301149|20246068|20246013
1546460,20424183|20415723|20406349|20370688|20333225|20332419|20307585|20301149|20246068|20246013
1546477,20424183|20415723|20406349|20370688|20333225|20332419|20307585|20301149|20246068|20246013
1546606,20424183|20415723|20406349|20370688|20333225|20332419|20307585|20301149|20246068|20246013
1546798,20424183|20415723|20406349|20370688|20333225|20332419|20307585|20301149|20246068|20246013
1546842,20424183|20415723|20406349|20370688|20333225|20332419|20307585|20301149|20246068|20246013
1546903,20424183|20415723|20406349|20370688|20333225|20332419|20307585|20301149|20246068|20246013
1547375,4711686006090|4710998000802|4710731060124|4710363382045|4710032601194|4710015103370|4711128668787|4710960892077|4710247005206|4710467221516
1547634,20424183|20415723|20406349|20370688|20333225|20332419|20307585|20301149|20246068|20246013
1547665,20424183|20415723|20406349|20370688|20333225|20332419|20307585|20301149|20246068|20246013
1547696,20451042|20424183|20415723|20406349|20370688|20333225|20307585|20301149|20246068|20246013
1548020,20424183|20415723|20406349|20370688|20333225|20332419|20307585|20301149|20246068|20246013
1548150,20424183|20415723|20406349|20370688|20333225|20332419|20307585|20301149|20246068|20246013
1548259,20424183|20415723|20406349|20370688|20333225|20332419|20307585|20301149|20246068|20246013
1548358,20424183|20415723|20406349|20370688|20333225|20332419|20307585|20301149|20246068|20246013
1548372,20451042|20424183|20415723|20406349|20370688|20333225|20307585|20301149|20246068|20246013
1548471,20424183|20415723|20406349|20370688|20333225|20332419|20307585|20301149|20246068|20246013
1548594,20424183|20415723|20406349|20370688|20333225|20332419|20307585|20301149|20246068|20246013
1548969,20424183|20415723|20406349|20370688|20333225|20332419|20307585|20301149|20246068|20246013
1548976,4711686006090|4710998000802|4710731060124|4710363382045|4710032601194|4710015103370|4711128668787|4710960892077|4710247005206|4710467221516
1549164,20424183|20415723|20406349|20370688|20333225|20332419|20307585|20301149|20246068|20246013
1549188,4711686006090|4710998000802|4710731060124|4710363382045|4710032601194|4710015103370|4711128668787|4710960892077|4710247005206|4710467221516
1549409,20424183|20415723|20406349|20370688|20333225|20332419|20307585|20301149|20246068|20246013
1549515,20424183|20415723|20406349|20370688|20333225|20332419|20307585|20301149|20246068|20246013
1549720,20451042|20424183|20415723|20406349|20370688|20333225|20332419|20307585|20301149|20246013
1549751,20424183|20415723|20406349|20370688|20333225|20332419|20307585|20301149|20246068|20246013
1549775,20424183|20415723|20406349|20370688|20333225|20332419|20307585|20301149|20246068|20246013
1550122,20424183|20415723|20406349|20370688|20333225|20332419|20307585|20301149|20246068|20246013
1550368,4712278884263|4711634000965|47100312|4711686006090|4710998000802|4710731060124|4710363382045|4710247005206|4710032601194|4710015103370
1550863,20424183|20415723|20406349|20370688|20333225|20332419|20307585|20301149|20246068|20246013
1550900,20424183|20415723|20406349|20370688|20333225|20332419|20307585|20301149|20246068|20246013
1550993,20424183|20415723|20406349|20370688|20333225|20332419|20307585|20301149|20246068|20246013
1551402,20424183|20415723|20406349|20370688|20333225|20332419|20307585|20301149|20246068|20246013
1551709,20451042|20424183|20415723|20406349|20370688|20333225|20332419|20307585|20246068|20246013
1552003,4717101101371|7610053910800|4713608210035|4711634002754|4710114105046|4710094012686|4714242832669|4710088436542|4710632001356|4711080010112
1552331,20424183|20415723|20406349|20370688|20333225|20332419|20307585|20301149|20246068|20246013
1552355,4711686006090|4710998000802|4710731060124|4710363382045|4710032601194|4710015103370|4711128668787|4710960892077|4710247005206|4710467221516
1552461,20424183|20415723|20406349|20370688|20333225|20332419|20307585|20301149|20246068|20246013
1552492,20424183|20415723|20406349|20370688|20333225|20332419|20307585|20301149|20246068|20246013
1552577,4711686006090|4710998000802|4710731060124|4710363382045|4710032601194|4710015103370|4711128668787|4710960892077|4710247005206|4710467221516
1553192,20424183|20415723|20406349|20370688|20333225|20332419|20307585|20301149|20246068|20246013
1553475,20424183|20415723|20406349|20370688|20333225|20332419|20307585|20301149|20246068|20246013
1553802,4710046011101|20424183|20415723|20406349|20370688|20333225|20332419|20307585|20301149|20246068
1553871,4711686006090|4710998000802|4710731060124|4710363382045|4710032601194|4710015103370|4711128668787|4710960892077|4710247005206|4710467221516
1554649,20424183|20415723|20406349|20370688|20333225|20332419|20307585|20301149|20246068|20246013
1554779,20424183|20415723|20406349|20370688|20333225|20332419|20307585|20301149|20246068|20246013
1554830,20424183|20415723|20406349|20370688|20333225|20332419|20307585|20301149|20246068|20246013
1554946,4711686006090|4710998000802|4710731060124|4710363382045|4710032601194|4710015103370|4711128668787|4710960892077|4710247005206|4710467221516
1555028,20424183|20415723|20406349|20370688|20333225|20332419|20307585|20301149|20246068|20246013
1555066,4711686006090|4710998000802|4710731060124|4710363382045|4710032601194|4710015103370|4711128668787|4710960892077|4710247005206|4710467221516
1555233,20424183|20415723|20406349|20370688|20333225|20332419|20307585|20301149|20246068|20246013
1555295,20424183|20415723|20406349|20370688|20333225|20332419|20307585|20301149|20246068|20246013
1555356,20424183|20415723|20406349|20370688|20333225|20332419|20307585|20301149|20246068|20246013
1555424,20424183|20415723|20406349|20370688|20333225|20332419|20307585|20301149|20246068|20246013
1555684,20424183|20415723|20406349|20370688|20333225|20332419|20307585|20301149|20246068|20246013
1556018,20424183|20415723|20406349|20370688|20333225|20332419|20307585|20301149|20246068|20246013
1556360,20451042|20424183|20415723|20406349|20370688|20333225|20332419|20307585|20301149|20246068
1556803,20424183|20415723|20406349|20370688|20333225|20332419|20307585|20301149|20246068|20246013
1556896,20424183|20415723|20406349|20370688|20333225|20332419|20307585|20301149|20246068|20246013
1556988,20424183|20415723|20406349|20370688|20333225|20332419|20307585|20301149|20246068|20246013
1557053,4711686006090|4710998000802|4710731060124|4710363382045|4710032601194|4710015103370|4711128668787|4710960892077|4710247005206|4710467221516
1557107,20424183|20415723|20406349|20370688|20333225|20332419|20307585|20301149|20246068|20246013
1557176,20424183|20415723|20406349|20370688|20333225|20332419|20307585|20301149|20246068|20246013
1557404,20424183|20415723|20406349|20370688|20333225|20332419|20307585|20301149|20246068|20246013
1557466,20424183|20415723|20406349|20370688|20333225|20332419|20307585|20301149|20246068|20246013
1557503,20424183|20415723|20406349|20370688|20333225|20332419|20307585|20301149|20246068|20246013
1557510,4901872506507|4710068331553|41333600017|4718429100060|4710134024242|4710632001660|4711985100024|4710126194281|20424183|20415723
1557671,4711686006090|4710998000802|4710731060124|4710363382045|4710032601194|4710015103370|4711128668787|4710960892077|4710247005206|4710467221516
1557824,20424183|20415723|20406349|20370688|20333225|20332419|20307585|20301149|20246068|20246013
1558173,4711686006090|4710998000802|4710731060124|4710363382045|4710032601194|4710015103370|4711128668787|4710960892077|4710247005206|4710467221516
1558302,20424183|20415723|20406349|20370688|20333225|20332419|20307585|20301149|20246068|20246013
1558418,20451042|20424183|20415723|20406349|20370688|20333225|20332419|20301149|20246068|20246013
1558548,4711686006090|4710998000802|4710731060124|4710363382045|4710032601194|4710015103370|4711128668787|4710960892077|4710247005206|4710467221516
1558685,20424183|20415723|20406349|20370688|20333225|20332419|20307585|20301149|20246068|20246013
1558838,20424183|20415723|20406349|20370688|20333225|20332419|20307585|20301149|20246068|20246013
1559101,4711686006090|4710998000802|4710731060124|4710363382045|4710032601194|4710015103370|4711128668787|4710960892077|4710247005206|4710467221516
1559491,20424183|20415723|20406349|20370688|20333225|20332419|20307585|20301149|20246068|20246013
1559507,4711686006090|4710998000802|4710731060124|4710363382045|4710032601194|4710015103370|4711128668787|4710960892077|4710247005206|4710467221516
1559750,20451042|20424183|20415723|20406349|20333225|20332419|20307585|20301149|20246068|20246013
1559835,20424183|20415723|20406349|20370688|20333225|20332419|20307585|20301149|20246068|20246013
1559880,4711686006090|4710998000802|4710731060124|4710363382045|4710032601194|4710015103370|4711128668787|4710960892077|4710247005206|4710467221516
1560022,20424183|20415723|20406349|20370688|20333225|20332419|20307585|20301149|20246068|20246013
1560671,20424183|20415723|20406349|20370688|20333225|20332419|20307585|20301149|20246068|20246013
1561029,20424183|20415723|20406349|20370688|20333225|20332419|20307585|20301149|20246068|20246013
1561197,20424183|20415723|20406349|20370688|20333225|20332419|20307585|20301149|20246068|20246013
1561302,20424183|20415723|20406349|20370688|20333225|20332419|20307585|20301149|20246068|20246013
1561456,20424183|20415723|20406349|20370688|20333225|20332419|20307585|20301149|20246068|20246013
1561524,20424183|20415723|20406349|20370688|20333225|20332419|20307585|20301149|20246068|20246013
1561548,20451042|20424183|20415723|20370688|20333225|20332419|20307585|20301149|20246068|20246013
1561586,4711686006090|4710998000802|4710731060124|4710363382045|4710032601194|4710015103370|4711128668787|4710960892077|4710247005206|4710467221516
1561784,20424183|20415723|20406349|20370688|20333225|20332419|20307585|20301149|20246068|20246013
1562026,20424183|20415723|20406349|20370688|20333225|20332419|20307585|20301149|20246068|20246013
1562118,4711686006090|4710998000802|4710731060124|4710363382045|4710032601194|4710015103370|4711128668787|4710960892077|4710247005206|4710467221516
1562125,20424183|20415723|20406349|20370688|20333225|20332419|20307585|20301149|20246068|20246013
1562460,20424183|20415723|20406349|20370688|20333225|20332419|20307585|20301149|20246068|20246013
1562811,20424183|20415723|20406349|20370688|20333225|20332419|20307585|20301149|20246068|20246013
1562903,20424183|20415723|20406349|20370688|20333225|20332419|20307585|20301149|20246068|20246013
1563153,20424183|20415723|20406349|20370688|20333225|20332419|20307585|20301149|20246068|20246013
1563771,20424183|20415723|20406349|20370688|20333225|20332419|20307585|20301149|20246068|20246013
1563924,4711686006090|4710998000802|4710731060124|4710363382045|4710032601194|4710015103370|4711128668787|4710960892077|4710247005206|4710467221516
1564112,20424183|20415723|20406349|20370688|20333225|20332419|20307585|20301149|20246068|20246013
1564549,20451042|20424183|20415723|20406349|20370688|20333225|20332419|20301149|20246068|20246013
1564846,20424183|20415723|20406349|20370688|20333225|20332419|20307585|20301149|20246068|20246013
1564952,20424183|20415723|20406349|20370688|20333225|20332419|20307585|20301149|20246068|20246013
1565041,20424183|20415723|20406349|20370688|20333225|20332419|20307585|20301149|20246068|20246013
1565058,20424183|20415723|20406349|20370688|20333225|20332419|20307585|20301149|20246068|20246013
1565140,20424183|20415723|20406349|20370688|20333225|20332419|20307585|20301149|20246068|20246013
1565157,20424183|20415723|20406349|20370688|20333225|20332419|20307585|20301149|20246068|20246013
1565195,20424183|20415723|20406349|20370688|20333225|20332419|20307585|20301149|20246068|20246013
1565218,4711686006090|4710998000802|4710731060124|4710363382045|4710032601194|4710015103370|4711128668787|4710960892077|4710247005206|4710467221516
1565300,4712278884263|4711634000965|47100312|4711686006090|4710998000802|4710731060124|4710363382045|4710247005206|4710032601194|4710015103370
1565508,20424183|20415723|20406349|20370688|20333225|20332419|20307585|20301149|20246068|20246013
1565539,20424183|20415723|20406349|20370688|20333225|20332419|20307585|20301149|20246068|20246013
1566338,20424183|20415723|20406349|20370688|20333225|20332419|20307585|20301149|20246068|20246013
1566413,20424183|20415723|20406349|20370688|20333225|20332419|20307585|20301149|20246068|20246013
1566796,20424183|20415723|20406349|20370688|20333225|20332419|20307585|20301149|20246068|20246013
1566833,20424183|20415723|20406349|20370688|20333225|20332419|20307585|20301149|20246068|20246013
1567106,4711686006090|4710998000802|4710731060124|4710363382045|4710032601194|4710015103370|4711128668787|4710960892077|4710247005206|4710467221516
1567113,20424183|20415723|20406349|20370688|20333225|20332419|20307585|20301149|20246068|20246013
1567120,4714981010038|20424183|20415723|20406349|20370688|20333225|20332419|20307585|20301149|20246068
1567403,4711686006090|4710998000802|4710731060124|4710363382045|4710032601194|4710015103370|4711128668787|4710960892077|4710247005206|4710467221516
1567595,20424183|20415723|20406349|20370688|20333225|20332419|20307585|20301149|20246068|20246013
1567694,20424183|20415723|20406349|20370688|20333225|20332419|20307585|20301149|20246068|20246013
1567700,20424183|20415723|20406349|20370688|20333225|20332419|20307585|20301149|20246068|20246013
1567724,4710036038033|4719090900058|4711080010112|20424183|20415723|20406349|20370688|20333225|20332419|20307585
1567786,20424183|20415723|20406349|20370688|20333225|20332419|20307585|20301149|20246068|20246013
1568141,20424183|20415723|20406349|20370688|20333225|20332419|20307585|20301149|20246068|20246013
1568257,20424183|20415723|20406349|20370688|20333225|20332419|20307585|20301149|20246068|20246013
1568363,20424183|20415723|20406349|20370688|20333225|20332419|20307585|20301149|20246068|20246013
1568448,20424183|20415723|20406349|20370688|20333225|20332419|20307585|20301149|20246068|20246013
1568493,20424183|20415723|20406349|20370688|20333225|20332419|20307585|20301149|20246068|20246013
1568592,20424183|20415723|20406349|20370688|20333225|20332419|20307585|20301149|20246068|20246013
1568622,20424183|20415723|20406349|20370688|20333225|20332419|20307585|20301149|20246068|20246013
1568677,20424183|20415723|20406349|20370688|20333225|20332419|20307585|20301149|20246068|20246013
1568882,4711686006090|4710998000802|4710731060124|4710363382045|4710032601194|4710015103370|4711128668787|4710960892077|4710247005206|4710467221516
1568929,20424183|20415723|20406349|20370688|20333225|20332419|20307585|20301149|20246068|20246013
1568943,4711686006090|4710998000802|4710731060124|4710363382045|4710032601194|4710015103370|4711128668787|4710960892077|4710247005206|4710467221516
1569223,4711686006090|4710998000802|4710731060124|4710363382045|4710032601194|4710015103370|4711128668787|4710960892077|4710247005206|4710467221516
1569254,20424183|20415723|20406349|20370688|20333225|20332419|20307585|20301149|20246068|20246013
1569452,4711686006090|4710998000802|4710731060124|4710363382045|4710032601194|4710015103370|4711128668787|4710960892077|4710247005206|4710467221516
1569551,20424183|20415723|20406349|20370688|20333225|20332419|20307585|20301149|20246068|20246013
1569940,20424183|20415723|20406349|20370688|20333225|20332419|20307585|20301149|20246068|20246013
1570120,20424183|20415723|20406349|20370688|20333225|20332419|20307585|20301149|20246068|20246013
1570182,20424183|20415723|20406349|20370688|20333225|20332419|20307585|20301149|20246068|20246013
1570229,20424183|20415723|20406349|20370688|20333225|20332419|20307585|20301149|20246068|20246013
1570458,20424183|20415723|20406349|20370688|20333225|20332419|20307585|20301149|20246068|20246013
1570564,20424183|20415723|20406349|20370688|20333225|20332419|20307585|20301149|20246068|20246013
1570885,4711686006090|4710998000802|4710731060124|4710363382045|4710032601194|4710015103370|4711128668787|4710960892077|4710247005206|4710467221516
1570984,20424183|20415723|20406349|20370688|20333225|20332419|20307585|20301149|20246068|20246013
1571059,20424183|20415723|20406349|20370688|20333225|20332419|20307585|20301149|20246068|20246013
1571424,4711686006090|4710998000802|4710731060124|4710363382045|4710032601194|4710015103370|4711128668787|4710960892077|4710247005206|4710467221516
1571493,4711686006090|4710998000802|4710731060124|4710363382045|4710032601194|4710015103370|4711128668787|4710960892077|4710247005206|4710467221516
1571769,20424183|20415723|20406349|20370688|20333225|20332419|20307585|20301149|20246068|20246013
1571820,20424183|20415723|20406349|20370688|20333225|20332419|20307585|20301149|20246068|20246013
1572827,20451042|20424183|20406349|20370688|20333225|20332419|20307585|20301149|20246068|20246013
1573183,20424183|20415723|20406349|20370688|20333225|20332419|20307585|20301149|20246068|20246013
1573336,20424183|20415723|20406349|20370688|20333225|20332419|20307585|20301149|20246068|20246013
1573725,20424183|20415723|20406349|20370688|20333225|20332419|20307585|20301149|20246068|20246013
1573749,20424183|20415723|20406349|20370688|20333225|20332419|20307585|20301149|20246068|20246013
1573800,4711686006090|4710998000802|4710731060124|4710363382045|4710032601194|4710015103370|4711128668787|4710960892077|4710247005206|4710467221516
1573855,20424183|20415723|20406349|20370688|20333225|20332419|20307585|20301149|20246068|20246013
1573879,4710105045443|20424183|20415723|20406349|20370688|20333225|20332419|20307585|20301149|20246068
1573930,20424183|20415723|20406349|20370688|20333225|20332419|20307585|20301149|20246068|20246013
1574135,20451042|20424183|20415723|20370688|20333225|20332419|20307585|20301149|20246068|20246013
1574203,20424183|20415723|20406349|20370688|20333225|20332419|20307585|20301149|20246068|20246013
1574555,20424183|20415723|20406349|20370688|20333225|20332419|20307585|20301149|20246068|20246013
1574630,4711686006090|4710998000802|4710731060124|4710363382045|4710032601194|4710015103370|4711128668787|4710960892077|4710247005206|4710467221516
1574661,20424183|20415723|20406349|20370688|20333225|20332419|20307585|20301149|20246068|20246013
1574876,20424183|20415723|20406349|20370688|20333225|20332419|20307585|20301149|20246068|20246013
1575231,20424183|20415723|20406349|20370688|20333225|20332419|20307585|20301149|20246068|20246013
1575354,20424183|20415723|20406349|20370688|20333225|20332419|20307585|20301149|20246068|20246013
1575415,20451042|20424183|20415723|20370688|20333225|20332419|20307585|20301149|20246068|20246013
1575439,20424183|20415723|20406349|20370688|20333225|20332419|20307585|20301149|20246068|20246013
1575705,20424183|20415723|20406349|20370688|20333225|20332419|20307585|20301149|20246068|20246013
1575774,20424183|20415723|20406349|20370688|20333225|20332419|20307585|20301149|20246068|20246013
1575798,20424183|20415723|20406349|20370688|20333225|20332419|20307585|20301149|20246068|20246013
1575927,20424183|20415723|20406349|20370688|20333225|20332419|20307585|20301149|20246068|20246013
1575996,20424183|20415723|20406349|20370688|20333225|20332419|20307585|20301149|20246068|20246013
1576054,20424183|20415723|20406349|20370688|20333225|20332419|20307585|20301149|20246068|20246013
1576078,20424183|20415723|20406349|20370688|20333225|20332419|20307585|20301149|20246068|20246013
1576146,20424183|20415723|20406349|20370688|20333225|20332419|20307585|20301149|20246068|20246013
1576313,20424183|20415723|20406349|20370688|20333225|20332419|20307585|20301149|20246068|20246013
1576337,20424183|20415723|20406349|20370688|20333225|20332419|20307585|20301149|20246068|20246013
1576641,4711686006090|4710998000802|4710731060124|4710363382045|4710032601194|4710015103370|4711128668787|4710960892077|4710247005206|4710467221516
1577082,20424183|20415723|20406349|20370688|20333225|20332419|20307585|20301149|20246068|20246013
1577211,37000329169|20424183|20415723|20406349|20370688|20333225|20332419|20307585|20301149|20246068
1577389,20424183|20415723|20406349|20370688|20333225|20332419|20307585|20301149|20246068|20246013
1577426,20424183|20415723|20406349|20370688|20333225|20332419|20307585|20301149|20246068|20246013
1577495,20424183|20415723|20406349|20370688|20333225|20332419|20307585|20301149|20246068|20246013
1577532,20424183|20415723|20406349|20370688|20333225|20332419|20307585|20301149|20246068|20246013
1578126,20424183|20415723|20406349|20370688|20333225|20332419|20307585|20301149|20246068|20246013
1578478,20424183|20415723|20406349|20370688|20333225|20332419|20307585|20301149|20246068|20246013
1578515,4711686006090|4710998000802|4710731060124|4710363382045|4710032601194|4710015103370|4711128668787|4710960892077|4710247005206|4710467221516
1578553,4711686006090|4710998000802|4710731060124|4710363382045|4710032601194|4710015103370|4711128668787|4710960892077|4710247005206|4710467221516
1578607,20424183|20415723|20406349|20370688|20333225|20332419|20307585|20301149|20246068|20246013
1578720,4711686006090|4710998000802|4710731060124|4710363382045|4710032601194|4710015103370|4711128668787|4710960892077|4710247005206|4710467221516
1578812,20424183|20415723|20406349|20370688|20333225|20332419|20307585|20301149|20246068|20246013
1578980,20424183|20415723|20406349|20370688|20333225|20332419|20307585|20301149|20246068|20246013
1579000,4711686006090|4710998000802|4710731060124|4710363382045|4710032601194|4710015103370|4711128668787|4710960892077|4710247005206|4710467221516
1579055,20424183|20415723|20406349|20370688|20333225|20332419|20307585|20301149|20246068|20246013
1579178,20451042|20424183|20415723|20370688|20333225|20332419|20307585|20301149|20246068|20246013
1579406,20424183|20415723|20406349|20370688|20333225|20332419|20307585|20301149|20246068|20246013
1579475,20424183|20415723|20406349|20370688|20333225|20332419|20307585|20301149|20246068|20246013
1579703,20514235|20451042|20424183|20415723|20370688|20333225|20332419|20301149|20246068|20246013
1579727,4710068331553|4718429100060|4710632001660|4711985100024|4710126194281|20424183|20415723|20406349|20370688|20333225
1579765,4711686006090|4710998000802|4710731060124|4710363382045|4710032601194|4710015103370|4711128668787|4710960892077|4710247005206|4710467221516
1580099,20424183|20415723|20406349|20370688|20333225|20332419|20307585|20301149|20246068|20246013
1580716,4711686006090|4710998000802|4710731060124|4710363382045|4710032601194|4710015103370|4711128668787|4710960892077|4710247005206|4710467221516
1580952,20424183|20415723|20406349|20370688|20333225|20332419|20307585|20301149|20246068|20246013
1581188,20424183|20415723|20406349|20370688|20333225|20332419|20307585|20301149|20246068|20246013
1581638,20424183|20415723|20406349|20370688|20333225|20332419|20307585|20301149|20246068|20246013
1581713,20424183|20415723|20406349|20370688|20333225|20332419|20307585|20301149|20246068|20246013
1581898,20424183|20415723|20406349|20370688|20333225|20332419|20307585|20301149|20246068|20246013
1582000,20424183|20415723|20406349|20370688|20333225|20332419|20307585|20301149|20246068|20246013
1582086,20424183|20415723|20406349|20370688|20333225|20332419|20307585|20301149|20246068|20246013
1582116,20424183|20415723|20406349|20370688|20333225|20332419|20307585|20301149|20246068|20246013
1582277,20424183|20415723|20406349|20370688|20333225|20332419|20307585|20301149|20246068|20246013
1582499,20424183|20415723|20406349|20370688|20333225|20332419|20307585|20301149|20246068|20246013
1582659,20424183|20415723|20406349|20370688|20333225|20332419|20307585|20301149|20246068|20246013
1582697,20424183|20415723|20406349|20370688|20333225|20332419|20307585|20301149|20246068|20246013
1582727,20424183|20415723|20406349|20370688|20333225|20332419|20307585|20301149|20246068|20246013
1582925,4712278884263|4711634000965|47100312|4711686006090|4710998000802|4710731060124|4710363382045|4710247005206|4710032601194|4710015103370
1583137,4711686006090|4710998000802|4710731060124|4710363382045|4710032601194|4710015103370|4711128668787|4710960892077|4710247005206|4710467221516
1583151,20424183|20415723|20406349|20370688|20333225|20332419|20307585|20301149|20246068|20246013
1583427,20424183|20415723|20406349|20370688|20333225|20332419|20307585|20301149|20246068|20246013
1583571,20424183|20415723|20406349|20370688|20333225|20332419|20307585|20301149|20246068|20246013
1583618,20424183|20415723|20406349|20370688|20333225|20332419|20307585|20301149|20246068|20246013
1583670,20424183|20415723|20406349|20370688|20333225|20332419|20307585|20301149|20246068|20246013
1583786,20424183|20415723|20406349|20370688|20333225|20332419|20307585|20301149|20246068|20246013
1583854,20424183|20415723|20406349|20370688|20333225|20332419|20307585|20301149|20246068|20246013
1583991,20424183|20415723|20406349|20370688|20333225|20332419|20307585|20301149|20246068|20246013
1584073,20424183|20415723|20406349|20370688|20333225|20332419|20307585|20301149|20246068|20246013
1584233,20424183|20415723|20406349|20370688|20333225|20332419|20307585|20301149|20246068|20246013
1584356,20424183|20415723|20406349|20370688|20333225|20332419|20307585|20301149|20246068|20246013
1584387,20424183|20415723|20406349|20370688|20333225|20332419|20307585|20301149|20246068|20246013
1584462,20424183|20415723|20406349|20370688|20333225|20332419|20307585|20301149|20246068|20246013
1584516,20424183|20415723|20406349|20370688|20333225|20332419|20307585|20301149|20246068|20246013
1584639,20424183|20415723|20406349|20370688|20333225|20332419|20307585|20301149|20246068|20246013
1584677,20424183|20415723|20406349|20370688|20333225|20332419|20307585|20301149|20246068|20246013
1584691,4710088424273|4710015103288|4710171021327|4711524000396|4710543214012|20424183|20415723|20406349|20370688|20333225
1584776,4711686006090|4710998000802|4710731060124|4710363382045|4710032601194|4710015103370|4711128668787|4710960892077|4710247005206|4710467221516
1584875,20424183|20415723|20406349|20370688|20333225|20332419|20307585|20301149|20246068|20246013
1585063,4711686006090|4710998000802|4710731060124|4710363382045|4710032601194|4710015103370|4711128668787|4710960892077|4710247005206|4710467221516
1585131,20424183|20415723|20406349|20370688|20333225|20332419|20307585|20301149|20246068|20246013
1585162,20424183|20415723|20406349|20370688|20333225|20332419|20307585|20301149|20246068|20246013
1585261,20424183|20415723|20406349|20370688|20333225|20332419|20307585|20301149|20246068|20246013
1585308,20424183|20415723|20406349|20370688|20333225|20332419|20307585|20301149|20246068|20246013
1585650,20424183|20415723|20406349|20370688|20333225|20332419|20307585|20301149|20246068|20246013
1585865,20424183|20415723|20406349|20370688|20333225|20332419|20307585|20301149|20246068|20246013
1585964,20424183|20415723|20406349|20370688|20333225|20332419|20307585|20301149|20246068|20246013
1586060,20424183|20415723|20406349|20370688|20333225|20332419|20307585|20301149|20246068|20246013
1586282,20424183|20415723|20406349|20370688|20333225|20332419|20307585|20301149|20246068|20246013
1586343,20424183|20415723|20406349|20370688|20333225|20332419|20307585|20301149|20246068|20246013
1586633,20424183|20415723|20406349|20370688|20333225|20332419|20307585|20301149|20246068|20246013
1586886,20424183|20415723|20406349|20370688|20333225|20332419|20307585|20301149|20246068|20246013
1587067,20424183|20415723|20406349|20370688|20333225|20332419|20307585|20301149|20246068|20246013
1587142,4711634002570|74603003287|4710543214012|20424183|20415723|20406349|20370688|20333225|20332419|20307585
1587159,20424183|20415723|20406349|20370688|20333225|20332419|20307585|20301149|20246068|20246013
1587166,20424183|20415723|20406349|20370688|20333225|20332419|20307585|20301149|20246068|20246013
1587203,20424183|20415723|20406349|20370688|20333225|20332419|20307585|20301149|20246068|20246013
1587388,20424183|20415723|20406349|20370688|20333225|20332419|20307585|20301149|20246068|20246013
1587401,20424183|20415723|20406349|20370688|20333225|20332419|20307585|20301149|20246068|20246013
1587593,20424183|20415723|20406349|20370688|20333225|20332419|20307585|20301149|20246068|20246013
1587654,4711686006090|4710998000802|4710731060124|4710363382045|4710032601194|4710015103370|4711128668787|4710960892077|4710247005206|4710467221516
1587685,4711686006090|4710998000802|4710731060124|4710363382045|4710032601194|4710015103370|4711128668787|4710960892077|4710247005206|4710467221516
1587722,4710088433268|4710088430922|4711524001041|4710290007011|4710022102892|4710088432476|4710105051642|4711524000471|4710857472634|4710088433343
1587791,20424183|20415723|20406349|20370688|20333225|20332419|20307585|20301149|20246068|20246013
1588132,20424183|20415723|20406349|20370688|20333225|20332419|20307585|20301149|20246068|20246013
1588156,20424183|20415723|20406349|20370688|20333225|20332419|20307585|20301149|20246068|20246013
1588170,20424183|20415723|20406349|20370688|20333225|20332419|20307585|20301149|20246068|20246013
1588231,20424183|20415723|20406349|20370688|20333225|20332419|20307585|20301149|20246068|20246013
1588491,20424183|20415723|20406349|20370688|20333225|20332419|20307585|20301149|20246068|20246013
1588514,4711686006090|4710998000802|4710731060124|4710363382045|4710032601194|4710015103370|4711128668787|4710960892077|4710247005206|4710467221516
1588705,20424183|20415723|20406349|20370688|20333225|20332419|20307585|20301149|20246068|20246013
1588743,20424183|20415723|20406349|20370688|20333225|20332419|20307585|20301149|20246068|20246013
1588835,4711686006090|4711178200012|4710998000802|4710731060124|4710363382045|4710247005206|4710032601194|4710015103370|4710290003082|4710088410382
1589290,20424183|20415723|20406349|20370688|20333225|20332419|20307585|20301149|20246068|20246013
1589474,20424183|20415723|20406349|20370688|20333225|20332419|20307585|20301149|20246068|20246013
1589641,4710172030083|4710088434043|4710088430922|4711524001041|4710290007011|4710022102892|4710088432476|4710105051642|4711524000471|4710857472634
1589689,20424183|20415723|20406349|20370688|20333225|20332419|20307585|20301149|20246068|20246013
1589757,4711686006090|4710998000802|4710731060124|4710363382045|4710032601194|4710015103370|4711128668787|4710960892077|4710247005206|4710467221516
1589917,20424183|20415723|20406349|20370688|20333225|20332419|20307585|20301149|20246068|20246013
1590074,20424183|20415723|20406349|20370688|20333225|20332419|20307585|20301149|20246068|20246013
1590104,20424183|20415723|20406349|20370688|20333225|20332419|20307585|20301149|20246068|20246013
1590890,20424183|20415723|20406349|20370688|20333225|20332419|20307585|20301149|20246068|20246013
1590937,20424183|20415723|20406349|20370688|20333225|20332419|20307585|20301149|20246068|20246013
1591026,20424183|20415723|20406349|20370688|20333225|20332419|20307585|20301149|20246068|20246013
1591286,20424183|20415723|20406349|20370688|20333225|20332419|20307585|20301149|20246068|20246013
1591422,20424183|20415723|20406349|20370688|20333225|20332419|20307585|20301149|20246068|20246013
1591514,20424183|20415723|20406349|20370688|20333225|20332419|20307585|20301149|20246068|20246013
1591729,20424183|20415723|20406349|20370688|20333225|20332419|20307585|20301149|20246068|20246013
1591842,4711686006090|4710998000802|4710731060124|4710363382045|4710032601194|4710015103370|4711128668787|4710960892077|4710247005206|4710467221516
1591965,20424183|20415723|20406349|20370688|20333225|20332419|20307585|20301149|20246068|20246013
1592009,20424183|20415723|20406349|20370688|20333225|20332419|20307585|20301149|20246068|20246013
1592108,20424183|20415723|20406349|20370688|20333225|20332419|20307585|20301149|20246068|20246013
1592184,20424183|20415723|20406349|20370688|20333225|20332419|20307585|20301149|20246068|20246013
1592221,20424183|20415723|20406349|20370688|20333225|20332419|20307585|20301149|20246068|20246013
1592238,20424183|20415723|20406349|20370688|20333225|20332419|20307585|20301149|20246068|20246013
1592405,20424183|20415723|20406349|20370688|20333225|20332419|20307585|20301149|20246068|20246013
1592528,20424183|20415723|20406349|20370688|20333225|20332419|20307585|20301149|20246068|20246013
1592573,20424183|20415723|20406349|20370688|20333225|20332419|20307585|20301149|20246068|20246013
1592597,4711686006090|4710998000802|4710731060124|4710363382045|4710032601194|4710015103370|4711128668787|4710960892077|4710247005206|4710467221516
1592719,20424183|20415723|20406349|20370688|20333225|20332419|20307585|20301149|20246068|20246013
1592917,20424183|20415723|20406349|20370688|20333225|20332419|20307585|20301149|20246068|20246013
1593020,20424183|20415723|20406349|20370688|20333225|20332419|20307585|20301149|20246068|20246013
1593389,20424183|20415723|20406349|20370688|20333225|20332419|20307585|20301149|20246068|20246013
1593457,20424183|20415723|20406349|20370688|20333225|20332419|20307585|20301149|20246068|20246013
1593723,4711686006090|4710998000802|4710731060124|4710363382045|4710032601194|4710015103370|4711128668787|4710960892077|4710247005206|4710467221516
1593808,20451042|20424183|20415723|20406349|20370688|20333225|20332419|20307585|20301149|20246068
1594072,20424183|20415723|20406349|20370688|20333225|20332419|20307585|20301149|20246068|20246013
1594089,4711686006090|4710998000802|4710731060124|4710363382045|4710250440186|4710247005206|4710032601194|4710015103370|4710011417099|4710008242123
1594126,20424183|20415723|20406349|20370688|20333225|20332419|20307585|20301149|20246068|20246013
1594164,20424183|20415723|20406349|20370688|20333225|20332419|20307585|20301149|20246068|20246013
1594447,20424183|20415723|20406349|20370688|20333225|20332419|20307585|20301149|20246068|20246013
1594454,20424183|20415723|20406349|20370688|20333225|20332419|20307585|20301149|20246068|20246013
1594553,20424183|20415723|20406349|20370688|20333225|20332419|20307585|20301149|20246068|20246013
1594843,20424183|20415723|20406349|20370688|20333225|20332419|20307585|20301149|20246068|20246013
1595048,20424183|20415723|20406349|20370688|20333225|20332419|20307585|20301149|20246068|20246013
1595079,20424183|20415723|20406349|20370688|20333225|20332419|20307585|20301149|20246068|20246013
1595147,20424183|20415723|20406349|20370688|20333225|20332419|20307585|20301149|20246068|20246013
1595154,20424183|20415723|20406349|20370688|20333225|20332419|20307585|20301149|20246068|20246013
1595246,20424183|20415723|20406349|20370688|20333225|20332419|20307585|20301149|20246068|20246013
1595468,20424183|20415723|20406349|20370688|20333225|20332419|20307585|20301149|20246068|20246013
1595499,20424183|20415723|20406349|20370688|20333225|20332419|20307585|20301149|20246068|20246013
1595550,20424183|20415723|20406349|20370688|20333225|20332419|20307585|20301149|20246068|20246013
1595796,20424183|20415723|20406349|20370688|20333225|20332419|20307585|20301149|20246068|20246013
1595949,20424183|20415723|20406349|20370688|20333225|20332419|20307585|20301149|20246068|20246013
1596144,4711686006090|4710998000802|4710731060124|4710363382045|4710032601194|4710015103370|4711128668787|4710960892077|4710247005206|4710467221516
1596342,20424183|20415723|20406349|20370688|20333225|20332419|20307585|20301149|20246068|20246013
1596359,20424183|20415723|20406349|20370688|20333225|20332419|20307585|20301149|20246068|20246013
1596397,20424183|20415723|20406349|20370688|20333225|20332419|20307585|20301149|20246068|20246013
1596496,20424183|20415723|20406349|20370688|20333225|20332419|20307585|20301149|20246068|20246013
1596526,20424183|20415723|20406349|20370688|20333225|20332419|20307585|20301149|20246068|20246013
1596601,20424183|20415723|20406349|20370688|20333225|20332419|20307585|20301149|20246068|20246013
1596632,4711686006090|4710998000802|4710731060124|4710363382045|4710032601194|4710015103370|4711128668787|4710960892077|4710247005206|4710467221516
1596854,4712278884263|4711634000965|47100312|4711686006090|4710998000802|4710731060124|4710363382045|4710247005206|4710032601194|4710015103370
1596878,20424183|20415723|20406349|20370688|20333225|20332419|20307585|20301149|20246068|20246013
1596915,20424183|20415723|20406349|20370688|20333225|20332419|20307585|20301149|20246068|20246013
1596984,20424183|20415723|20406349|20370688|20333225|20332419|20307585|20301149|20246068|20246013
1597127,20424183|20415723|20406349|20370688|20333225|20332419|20307585|20301149|20246068|20246013
1597325,20424183|20415723|20406349|20370688|20333225|20332419|20307585|20301149|20246068|20246013
1597332,20424183|20415723|20406349|20370688|20333225|20332419|20307585|20301149|20246068|20246013
1597585,20424183|20415723|20406349|20370688|20333225|20332419|20307585|20301149|20246068|20246013
1597592,20424183|20415723|20406349|20370688|20333225|20332419|20307585|20301149|20246068|20246013
1597646,4711686006090|4710998000802|4710731060124|4710363382045|4710032601194|4710015103370|4711128668787|4710960892077|4710247005206|4710467221516
1597806,20451042|20424183|20406349|20370688|20333225|20332419|20307585|20301149|20246068|20246013
1597813,20451042|20424183|20415723|20406349|20370688|20333225|20332419|20307585|20301149|20246068
1597837,20424183|20415723|20406349|20370688|20333225|20332419|20307585|20301149|20246068|20246013
1597868,4711686006090|4710998000802|4710731060124|4710363382045|4710032601194|4710015103370|4711128668787|4710960892077|4710247005206|4710467221516
1598032,4711686006090|4710998000802|4710731060124|4710363382045|4710032601194|4710015103370|4711128668787|4710960892077|4710247005206|4710467221516
1598070,4711686006090|4710998000802|4710731060124|4710363382045|4710032601194|4710015103370|4711128668787|4710960892077|4710247005206|4710467221516
1598209,20514235|20451042|20424183|20415723|20370688|20333225|20332419|20307585|20301149|20246013
1598247,20424183|20415723|20406349|20370688|20333225|20332419|20307585|20301149|20246068|20246013
1598391,4711686006090|4710998000802|4710731060124|4710363382045|4710032601194|4710015103370|4711128668787|4710960892077|4710247005206|4710467221516
1598414,20424183|20415723|20406349|20370688|20333225|20332419|20307585|20301149|20246068|20246013
1598421,20424183|20415723|20406349|20370688|20333225|20332419|20307585|20301149|20246068|20246013
1598681,20424183|20415723|20406349|20370688|20333225|20332419|20307585|20301149|20246068|20246013
1599015,20451042|20424183|20415723|20406349|20370688|20333225|20332419|20301149|20246068|20246013
1599053,20424183|20415723|20406349|20370688|20333225|20332419|20307585|20301149|20246068|20246013
1599145,20424183|20415723|20406349|20370688|20333225|20332419|20307585|20301149|20246068|20246013
1599282,20424183|20415723|20406349|20370688|20333225|20332419|20307585|20301149|20246068|20246013
1599312,20424183|20415723|20406349|20370688|20333225|20332419|20307585|20301149|20246068|20246013
1599541,20424183|20415723|20406349|20370688|20333225|20332419|20307585|20301149|20246068|20246013
1599961,20424183|20415723|20406349|20370688|20333225|20332419|20307585|20301149|20246068|20246013
1599978,4711686006090|4710998000802|4710731060124|4710363382045|4710032601194|4710015103370|4711128668787|4710960892077|4710247005206|4710467221516
1599985,4711686006090|4710998000802|4710731060124|4710363382045|4710032601194|4710015103370|4711128668787|4710960892077|4710247005206|4710467221516
1600001,20424183|20415723|20406349|20370688|20333225|20332419|20307585|20301149|20246068|20246013
1600223,20424183|20415723|20406349|20370688|20333225|20332419|20307585|20301149|20246068|20246013
1600230,20424183|20415723|20406349|20370688|20333225|20332419|20307585|20301149|20246068|20246013
1600285,20424183|20415723|20406349|20370688|20333225|20332419|20307585|20301149|20246068|20246013
1600315,20424183|20415723|20406349|20370688|20333225|20332419|20307585|20301149|20246068|20246013
1600339,20424183|20415723|20406349|20370688|20333225|20332419|20307585|20301149|20246068|20246013
1600353,20424183|20415723|20406349|20370688|20333225|20332419|20307585|20301149|20246068|20246013
1600483,20424183|20415723|20406349|20370688|20333225|20332419|20307585|20301149|20246068|20246013
1600490,20424183|20415723|20406349|20370688|20333225|20332419|20307585|20301149|20246068|20246013
1600506,4711686006090|4710998000802|4710731060124|4710363382045|4710032601194|4710015103370|4711128668787|4710960892077|4710247005206|4710467221516
1600643,20424183|20415723|20406349|20370688|20333225|20332419|20307585|20301149|20246068|20246013
1600810,20424183|20415723|20406349|20370688|20333225|20332419|20307585|20301149|20246068|20246013
1600926,20424183|20415723|20406349|20370688|20333225|20332419|20307585|20301149|20246068|20246013
1600933,20424183|20415723|20406349|20370688|20333225|20332419|20307585|20301149|20246068|20246013
1601190,20424183|20415723|20406349|20370688|20333225|20332419|20307585|20301149|20246068|20246013
1601206,4710105015118|20424183|20415723|20406349|20370688|20333225|20332419|20307585|20301149|20246068
1601411,20424183|20415723|20406349|20370688|20333225|20332419|20307585|20301149|20246068|20246013
1601442,20424183|20415723|20406349|20370688|20333225|20332419|20307585|20301149|20246068|20246013
1601473,20424183|20415723|20406349|20370688|20333225|20332419|20307585|20301149|20246068|20246013
1601725,20424183|20415723|20406349|20370688|20333225|20332419|20307585|20301149|20246068|20246013
1601848,20424183|20415723|20406349|20370688|20333225|20332419|20307585|20301149|20246068|20246013
1601909,20424183|20415723|20406349|20370688|20333225|20332419|20307585|20301149|20246068|20246013
1602197,20424183|20415723|20406349|20370688|20333225|20332419|20307585|20301149|20246068|20246013
1602470,20424183|20415723|20406349|20370688|20333225|20332419|20307585|20301149|20246068|20246013
1602906,20424183|20415723|20406349|20370688|20333225|20332419|20307585|20301149|20246068|20246013
1602982,4711686006090|4710998000802|4710731060124|4710363382045|4710032601194|4710015103370|4711128668787|4710960892077|4710247005206|4710467221516
1602999,20424183|20415723|20406349|20370688|20333225|20332419|20307585|20301149|20246068|20246013
1603101,20424183|20415723|20406349|20370688|20333225|20332419|20307585|20301149|20246068|20246013
1603309,20424183|20415723|20406349|20370688|20333225|20332419|20307585|20301149|20246068|20246013
1603385,20424183|20415723|20406349|20370688|20333225|20332419|20307585|20301149|20246068|20246013
1603453,20424183|20415723|20406349|20370688|20333225|20332419|20307585|20301149|20246068|20246013
1603699,20424183|20415723|20406349|20370688|20333225|20332419|20307585|20301149|20246068|20246013
1603767,20424183|20415723|20406349|20370688|20333225|20332419|20307585|20301149|20246068|20246013
1603781,20424183|20415723|20406349|20370688|20333225|20332419|20307585|20301149|20246068|20246013
1604047,20424183|20415723|20406349|20370688|20333225|20332419|20307585|20301149|20246068|20246013
1604184,20424183|20415723|20406349|20370688|20333225|20332419|20307585|20301149|20246068|20246013
1604238,20451042|20424183|20415723|20406349|20333225|20332419|20307585|20301149|20246068|20246013
1604276,20424183|20415723|20406349|20370688|20333225|20332419|20307585|20301149|20246068|20246013
1604283,20424183|20415723|20406349|20370688|20333225|20332419|20307585|20301149|20246068|20246013
1604320,20424183|20415723|20406349|20370688|20333225|20332419|20307585|20301149|20246068|20246013
1604535,20424183|20415723|20406349|20370688|20333225|20332419|20307585|20301149|20246068|20246013
1604672,20424183|20415723|20406349|20370688|20333225|20332419|20307585|20301149|20246068|20246013
1604740,20424183|20415723|20406349|20370688|20333225|20332419|20307585|20301149|20246068|20246013
1604788,20424183|20415723|20406349|20370688|20333225|20332419|20307585|20301149|20246068|20246013
1604825,20424183|20415723|20406349|20370688|20333225|20332419|20307585|20301149|20246068|20246013
1604849,20424183|20415723|20406349|20370688|20333225|20332419|20307585|20301149|20246068|20246013
1604870,20424183|20415723|20406349|20370688|20333225|20332419|20307585|20301149|20246068|20246013
1604931,20424183|20415723|20406349|20370688|20333225|20332419|20307585|20301149|20246068|20246013
1605150,4711686006090|4710998000802|4710731060124|4710363382045|4710032601194|4710015103370|4711128668787|4710960892077|4710247005206|4710467221516
1605174,4901301046710|4710498123810|20424183|20415723|20406349|20370688|20333225|20332419|20307585|20301149
1605198,20424183|20415723|20406349|20370688|20333225|20332419|20307585|20301149|20246068|20246013
1605242,20424183|20415723|20406349|20370688|20333225|20332419|20307585|20301149|20246068|20246013
1605334,20424183|20415723|20406349|20370688|20333225|20332419|20307585|20301149|20246068|20246013
1605549,20424183|20415723|20406349|20370688|20333225|20332419|20307585|20301149|20246068|20246013
1605662,20424183|20415723|20406349|20370688|20333225|20332419|20307585|20301149|20246068|20246013
1605921,20424183|20415723|20406349|20370688|20333225|20332419|20307585|20301149|20246068|20246013
1606003,20424183|20415723|20406349|20370688|20333225|20332419|20307585|20301149|20246068|20246013
1606041,20424183|20415723|20406349|20370688|20333225|20332419|20307585|20301149|20246068|20246013
1606065,20424183|20415723|20406349|20370688|20333225|20332419|20307585|20301149|20246068|20246013
1606393,20424183|20415723|20406349|20370688|20333225|20332419|20307585|20301149|20246068|20246013
1606577,20424183|20415723|20406349|20370688|20333225|20332419|20307585|20301149|20246068|20246013
1606621,20424183|20415723|20406349|20370688|20333225|20332419|20307585|20301149|20246068|20246013
1606942,20424183|20415723|20406349|20370688|20333225|20332419|20307585|20301149|20246068|20246013
1607000,4710583910004|47106710|4710085150328|4710105015125|4711022100031|4710057830012|51000024237|8801047271024|4710176023098|4710247006562
1607093,20451042|20424183|20406349|20370688|20333225|20332419|20307585|20301149|20246068|20246013
1607109,20424183|20415723|20406349|20370688|20333225|20332419|20307585|20301149|20246068|20246013
1607239,4711686006090|4710998000802|4710731060124|4710363382045|4710032601194|4710015103370|4711128668787|4710960892077|4710247005206|4710467221516
1607536,20424183|20415723|20406349|20370688|20333225|20332419|20307585|20301149|20246068|20246013
1607611,20424183|20415723|20406349|20370688|20333225|20332419|20307585|20301149|20246068|20246013
1607840,20424183|20415723|20406349|20370688|20333225|20332419|20307585|20301149|20246068|20246013
1607888,20424183|20415723|20406349|20370688|20333225|20332419|20307585|20301149|20246068|20246013
1607895,20424183|20415723|20406349|20370688|20333225|20332419|20307585|20301149|20246068|20246013
1607932,4711686006090|4710998000802|4710731060124|4710363382045|4710032601194|4710015103370|4711128668787|4710960892077|4710247005206|4710467221516
1608168,20424183|20415723|20406349|20370688|20333225|20332419|20307585|20301149|20246068|20246013
1608502,20424183|20415723|20406349|20370688|20333225|20332419|20307585|20301149|20246068|20246013
1608564,20424183|20415723|20406349|20370688|20333225|20332419|20307585|20301149|20246068|20246013
1608694,20424183|20415723|20406349|20370688|20333225|20332419|20307585|20301149|20246068|20246013
1608885,4711686006090|4710998000802|4710731060124|4710363382045|4710032601194|4710015103370|4711128668787|4710960892077|4710247005206|4710467221516
1608939,20451042|20424183|20415723|20406349|20370688|20333225|20332419|20301149|20246068|20246013
1609233,20424183|20415723|20406349|20370688|20333225|20332419|20307585|20301149|20246068|20246013
1609660,20424183|20415723|20406349|20370688|20333225|20332419|20307585|20301149|20246068|20246013
1609745,4711686006090|4710998000802|4710731060124|4710363382045|4710032601194|4710015103370|4711128668787|4710960892077|4710247005206|4710467221516
1609943,20424183|20415723|20406349|20370688|20333225|20332419|20307585|20301149|20246068|20246013
1610062,20424183|20415723|20406349|20370688|20333225|20332419|20307585|20301149|20246068|20246013
1610161,20424183|20415723|20406349|20370688|20333225|20332419|20307585|20301149|20246068|20246013
1610192,4711686006090|4710998000802|4710731060124|4710363382045|4710032601194|4710015103370|4711128668787|4710960892077|4710247005206|4710467221516
1610376,20424183|20415723|20406349|20370688|20333225|20332419|20307585|20301149|20246068|20246013
1610413,4711686006090|4710998000802|4710731060124|4710363382045|4710032601194|4710015103370|4711128668787|4710960892077|4710247005206|4710467221516
1610758,20424183|20415723|20406349|20370688|20333225|20332419|20307585|20301149|20246068|20246013
1610925,20424183|20415723|20406349|20370688|20333225|20332419|20307585|20301149|20246068|20246013
1611199,20424183|20415723|20406349|20370688|20333225|20332419|20307585|20301149|20246068|20246013
1611366,20424183|20415723|20406349|20370688|20333225|20332419|20307585|20301149|20246068|20246013
1611724,20424183|20415723|20406349|20370688|20333225|20332419|20307585|20301149|20246068|20246013
1611755,4711686006090|4710998000802|4710731060124|4710363382045|4710032601194|4710015103370|4711128668787|4710960892077|4710247005206|4710467221516
1611953,4711686006090|4710998000802|4710731060124|4710363382045|4710032601194|4710015103370|4711128668787|4710960892077|4710247005206|4710467221516
1611991,20424183|20415723|20406349|20370688|20333225|20332419|20307585|20301149|20246068|20246013
1612011,20424183|20415723|20406349|20370688|20333225|20332419|20307585|20301149|20246068|20246013
1612028,4711686006090|4710998000802|4710731060124|4710363382045|4710032601194|4710015103370|4711128668787|4710960892077|4710247005206|4710467221516
1612431,20424183|20415723|20406349|20370688|20333225|20332419|20307585|20301149|20246068|20246013
1612660,20424183|20415723|20406349|20370688|20333225|20332419|20307585|20301149|20246068|20246013
1612721,4710085120161|4711686006090|4710998000802|4710731060124|4710363382045|4710247005206|4710032601194|4710015104438|4710015103370|4710290003082
1612844,20451042|20424183|20406349|20370688|20333225|20332419|20307585|20301149|20246068|20246013
1612899,4711686006090|4710998000802|4710731060124|4710363382045|4710032601194|4710015103370|4711128668787|4710960892077|4710247005206|4710467221516
1612912,20424183|20415723|20406349|20370688|20333225|20332419|20307585|20301149|20246068|20246013
1613032,20424183|20415723|20406349|20370688|20333225|20332419|20307585|20301149|20246068|20246013
1613124,20424183|20415723|20406349|20370688|20333225|20332419|20307585|20301149|20246068|20246013
1613575,20424183|20415723|20406349|20370688|20333225|20332419|20307585|20301149|20246068|20246013
1613858,20424183|20415723|20406349|20370688|20333225|20332419|20307585|20301149|20246068|20246013
1613926,4711686006090|4710998000802|4710731060124|4710363382045|4710032601194|4710015103370|4711128668787|4710960892077|4710247005206|4710467221516
1613933,20424183|20415723|20406349|20370688|20333225|20332419|20307585|20301149|20246068|20246013
1614725,20424183|20415723|20406349|20370688|20333225|20332419|20307585|20301149|20246068|20246013
1614770,20424183|20415723|20406349|20370688|20333225|20332419|20307585|20301149|20246068|20246013
1614848,4711686006090|4710998000802|4710731060124|4710363382045|4710032601194|4710015103370|4711128668787|4710960892077|4710247005206|4710467221516
1615043,20424183|20415723|20406349|20370688|20333225|20332419|20307585|20301149|20246068|20246013
1615159,4711686006090|4710998000802|4710731060124|4710363382045|4710032601194|4710015103370|4711128668787|4710960892077|4710247005206|4710467221516
1615197,4711686006090|4710998000802|4710731060124|4710363382045|4710032601194|4710015103370|4711128668787|4710960892077|4710247005206|4710467221516
1615289,20424183|20415723|20406349|20370688|20333225|20332419|20307585|20301149|20246068|20246013
1615357,20424183|20415723|20406349|20370688|20333225|20332419|20307585|20301149|20246068|20246013
1615661,4710088430922|4711524001041|4710290007011|4710022102892|4710088432476|4710105051642|4711524000471|4710857472634|4710088434258|4710088433268
1615678,20424183|20415723|20406349|20370688|20333225|20332419|20307585|20301149|20246068|20246013
1615913,20424183|20415723|20406349|20370688|20333225|20332419|20307585|20301149|20246068|20246013
1616125,20424183|20415723|20406349|20370688|20333225|20332419|20307585|20301149|20246068|20246013
1616279,20424183|20415723|20406349|20370688|20333225|20332419|20307585|20301149|20246068|20246013
1616446,4711686006090|4710998000802|4710731060124|4710363382045|4710032601194|4710015103370|4711128668787|4710960892077|4710247005206|4710467221516
1616460,20424183|20415723|20406349|20370688|20333225|20332419|20307585|20301149|20246068|20246013
1616538,20451042|20424183|20415723|20406349|20370688|20333225|20332419|20307585|20301149|20246068
1616620,20424183|20415723|20406349|20370688|20333225|20332419|20307585|20301149|20246068|20246013
1616644,20424183|20415723|20406349|20370688|20333225|20332419|20307585|20301149|20246068|20246013
1616682,4711686006090|4710998000802|4710731060124|4710363382045|4710032601194|4710015103370|4711128668787|4710960892077|4710247005206|4710467221516
1616828,20424183|20415723|20406349|20370688|20333225|20332419|20307585|20301149|20246068|20246013
1616965,20424183|20415723|20406349|20370688|20333225|20332419|20307585|20301149|20246068|20246013
1617122,4711686006090|4710998000802|4710731060124|4710363382045|4710032601194|4710015103370|4711128668787|4710960892077|4710247005206|4710467221516
1617153,20424183|20415723|20406349|20370688|20333225|20332419|20307585|20301149|20246068|20246013
1617245,20424183|20415723|20406349|20370688|20333225|20332419|20307585|20301149|20246068|20246013
1617269,20424183|20415723|20406349|20370688|20333225|20332419|20307585|20301149|20246068|20246013
1617368,20424183|20415723|20406349|20370688|20333225|20332419|20307585|20301149|20246068|20246013
1617467,20424183|20415723|20406349|20370688|20333225|20332419|20307585|20301149|20246068|20246013
1617887,4711686006090|4710998000802|4710731060124|4710363382045|4710032601194|4710015103370|4711128668787|4710960892077|4710247005206|4710467221516
1617894,20424183|20415723|20406349|20370688|20333225|20332419|20307585|20301149|20246068|20246013
1617962,20424183|20415723|20406349|20370688|20333225|20332419|20307585|20301149|20246068|20246013
1617986,20424183|20415723|20406349|20370688|20333225|20332419|20307585|20301149|20246068|20246013
1618082,20424183|20415723|20406349|20370688|20333225|20332419|20307585|20301149|20246068|20246013
1618419,4711686006090|4710998000802|4710731060124|4710363382045|4710032601194|4710015103370|4711128668787|4710960892077|4710247005206|4710467221516
1618433,20424183|20415723|20406349|20370688|20333225|20332419|20307585|20301149|20246068|20246013
1618525,20424183|20415723|20406349|20370688|20333225|20332419|20307585|20301149|20246068|20246013
1618679,4711686006090|4710998000802|4710731060124|4710363382045|4710032601194|4710015103370|4711128668787|4710960892077|4710247005206|4710467221516
1618723,20424183|20415723|20406349|20370688|20333225|20332419|20307585|20301149|20246068|20246013
1618761,20424183|20415723|20406349|20370688|20333225|20332419|20307585|20301149|20246068|20246013
1618853,20424183|20415723|20406349|20370688|20333225|20332419|20307585|20301149|20246068|20246013
1618907,20424183|20415723|20406349|20370688|20333225|20332419|20307585|20301149|20246068|20246013
1619201,20424183|20415723|20406349|20370688|20333225|20332419|20307585|20301149|20246068|20246013
1619485,20424183|20415723|20406349|20370688|20333225|20332419|20307585|20301149|20246068|20246013
1619515,20424183|20415723|20406349|20370688|20333225|20332419|20307585|20301149|20246068|20246013
1619577,20424183|20415723|20406349|20370688|20333225|20332419|20307585|20301149|20246068|20246013
1619584,20451042|20424183|20406349|20370688|20333225|20332419|20307585|20301149|20246068|20246013
1619744,20424183|20415723|20406349|20370688|20333225|20332419|20307585|20301149|20246068|20246013
1619843,20424183|20415723|20406349|20370688|20333225|20332419|20307585|20301149|20246068|20246013
1620009,20424183|20415723|20406349|20370688|20333225|20332419|20307585|20301149|20246068|20246013
1620023,20424183|20415723|20406349|20370688|20333225|20332419|20307585|20301149|20246068|20246013
1620207,8712045000151|4710363960700|20424183|20415723|20406349|20370688|20333225|20332419|20307585|20301149
1620221,20424183|20415723|20406349|20370688|20333225|20332419|20307585|20301149|20246068|20246013
1620238,20424183|20415723|20406349|20370688|20333225|20332419|20307585|20301149|20246068|20246013
1620313,4714050000038|4710110000581|4711437000063|4710209701139|4710114105046|4710105010724|4710094012686|4710515533028|4710247001765|4710085120468
1620320,20451042|20424183|20406349|20370688|20333225|20332419|20307585|20301149|20246068|20246013
1620368,20424183|20415723|20406349|20370688|20333225|20332419|20307585|20301149|20246068|20246013
1620474,20424183|20415723|20406349|20370688|20333225|20332419|20307585|20301149|20246068|20246013
1620764,20424183|20415723|20406349|20370688|20333225|20332419|20307585|20301149|20246068|20246013
1620870,20424183|20415723|20406349|20370688|20333225|20332419|20307585|20301149|20246068|20246013
1620894,20424183|20415723|20406349|20370688|20333225|20332419|20307585|20301149|20246068|20246013
1621228,20424183|20415723|20406349|20370688|20333225|20332419|20307585|20301149|20246068|20246013
1621242,20424183|20415723|20406349|20370688|20333225|20332419|20307585|20301149|20246068|20246013
1621372,4711686006090|4710998000802|4710731060124|4710363382045|4710032601194|4710015103370|4711128668787|4710960892077|4710247005206|4710467221516
1621389,4716462008022|9300644131759|4710144101452|4711128668787|4710960892077|4710583910004|4710362010093|47106710|4710467221516|4711163000603
1621419,20424183|20415723|20406349|20370688|20333225|20332419|20307585|20301149|20246068|20246013
1621501,20424183|20415723|20406349|20370688|20333225|20332419|20307585|20301149|20246068|20246013
1621518,20424183|20415723|20406349|20370688|20333225|20332419|20307585|20301149|20246068|20246013
1621624,20424183|20415723|20406349|20370688|20333225|20332419|20307585|20301149|20246068|20246013
1621631,20424183|20415723|20406349|20370688|20333225|20332419|20307585|20301149|20246068|20246013
1621747,20424183|20415723|20406349|20370688|20333225|20332419|20307585|20301149|20246068|20246013
1621778,20424183|20415723|20406349|20370688|20333225|20332419|20307585|20301149|20246068|20246013
1621815,4711686006090|4710998000802|4710731060124|4710363382045|4710032601194|4710015103370|4711128668787|4710960892077|4710247005206|4710467221516
1622065,20424183|20415723|20406349|20370688|20333225|20332419|20307585|20301149|20246068|20246013
1622225,4711686006090|4710998000802|4710731060124|4710363382045|4710032601194|4710015103370|4711128668787|4710960892077|4710247005206|4710467221516
1622362,20424183|20415723|20406349|20370688|20333225|20332419|20307585|20301149|20246068|20246013
1622515,20424183|20415723|20406349|20370688|20333225|20332419|20307585|20301149|20246068|20246013
1622584,20424183|20415723|20406349|20370688|20333225|20332419|20307585|20301149|20246068|20246013
1622652,20424183|20415723|20406349|20370688|20333225|20332419|20307585|20301149|20246068|20246013
1622713,20424183|20415723|20406349|20370688|20333225|20332419|20307585|20301149|20246068|20246013
1622744,20424183|20415723|20406349|20370688|20333225|20332419|20307585|20301149|20246068|20246013
1622805,4711686006090|4710998000802|4710731060124|4710363382045|4710032601194|4710015103370|4711128668787|4710960892077|4710247005206|4710467221516
1622898,20424183|20415723|20406349|20370688|20333225|20332419|20307585|20301149|20246068|20246013
1622997,20424183|20415723|20406349|20370688|20333225|20332419|20307585|20301149|20246068|20246013
1623031,20451042|20424183|20415723|20406349|20370688|20333225|20332419|20301149|20246068|20246013
1623116,4711686006090|4710998000802|4710731060124|4710363382045|4710032601194|4710015103370|4711128668787|4710960892077|4710247005206|4710467221516
1623130,4711686006090|4710998000802|4710731060124|4710363382045|4710032601194|4710015103370|4711128668787|4710960892077|4710247005206|4710467221516
1623154,20451042|20424183|20415723|20406349|20370688|20333225|20332419|20301149|20246068|20246013
1623277,4711713290065|4711686006090|4710140601512|4711524000600|4710998000802|4710731060124|4710363382045|4710247005206|4710032601194|4710015103370
1623796,20424183|20415723|20406349|20370688|20333225|20332419|20307585|20301149|20246068|20246013
1623840,20424183|20415723|20406349|20370688|20333225|20332419|20307585|20301149|20246068|20246013
1623994,20424183|20415723|20406349|20370688|20333225|20332419|20307585|20301149|20246068|20246013
1624168,20424183|20415723|20406349|20370688|20333225|20332419|20307585|20301149|20246068|20246013
1624304,4710172030106|4710734000318|4710734000264|4714981010038|20424183|20415723|20406349|20370688|20333225|20332419
1624359,37000329169|20424183|20415723|20406349|20370688|20333225|20332419|20307585|20301149|20246068
1624410,20424183|20415723|20406349|20370688|20333225|20332419|20307585|20301149|20246068|20246013
1624434,4970768112085|4716758007036|4711686006090|4711178200012|4710998000802|4710731060124|4710594412009|4710363382045|4710247005206|4710032601194
1624687,20424183|20415723|20406349|20370688|20333225|20332419|20307585|20301149|20246068|20246013
1624823,20424183|20415723|20406349|20370688|20333225|20332419|20307585|20301149|20246068|20246013
1624847,20424183|20415723|20406349|20370688|20333225|20332419|20307585|20301149|20246068|20246013
1624922,4711686006090|4710998000802|4710731060124|4710363382045|4710032601194|4710015103370|4711128668787|4710960892077|4710247005206|4710467221516
1624991,4711686006090|4710998000802|4710731060124|4710363382045|4710032601194|4710015103370|4711128668787|4710960892077|4710247005206|4710467221516
1625073,20424183|20415723|20406349|20370688|20333225|20332419|20307585|20301149|20246068|20246013
1625240,20424183|20415723|20406349|20370688|20333225|20332419|20307585|20301149|20246068|20246013
1625301,20424183|20415723|20406349|20370688|20333225|20332419|20307585|20301149|20246068|20246013
1625882,20424183|20415723|20406349|20370688|20333225|20332419|20307585|20301149|20246068|20246013
1625905,4711686006090|4710998000802|4710731060124|4710363382045|4710032601194|4710015103370|4711128668787|4710960892077|4710247005206|4710467221516
1626360,20424183|20415723|20406349|20370688|20333225|20332419|20307585|20301149|20246068|20246013
1626384,20451042|20424183|20415723|20406349|20370688|20333225|20332419|20307585|20301149|20246068
1626438,20424183|20415723|20406349|20370688|20333225|20332419|20307585|20301149|20246068|20246013
1626490,4711686006090|4710998000802|4710731060124|4710363382045|4710032601194|4710015103370|4711128668787|4710960892077|4710247005206|4710467221516
1626605,20424183|20415723|20406349|20370688|20333225|20332419|20307585|20301149|20246068|20246013
1626728,20424183|20415723|20406349|20370688|20333225|20332419|20307585|20301149|20246068|20246013
1626766,4711686006090|4710998000802|4710731060124|4710363382045|4710032601194|4710015103370|4711128668787|4710960892077|4710247005206|4710467221516
1626797,20424183|20415723|20406349|20370688|20333225|20332419|20307585|20301149|20246068|20246013
1626964,20424183|20415723|20406349|20370688|20333225|20332419|20307585|20301149|20246068|20246013
1626995,4711686006090|4710998000802|4710731060124|4710363382045|4710032601194|4710015103370|4711128668787|4710960892077|4710247005206|4710467221516
1627015,4711686006090|4710998000802|4710731060124|4710363382045|4710032601194|4710015103370|4711128668787|4710960892077|4710247005206|4710467221516
1627176,20424183|20415723|20406349|20370688|20333225|20332419|20307585|20301149|20246068|20246013
1627213,20424183|20415723|20406349|20370688|20333225|20332419|20307585|20301149|20246068|20246013
1627350,20424183|20415723|20406349|20370688|20333225|20332419|20307585|20301149|20246068|20246013
1627466,4711686006090|4710998000802|4710731060124|4710363382045|4710032601194|4710015103370|4711128668787|4710960892077|4710247005206|4710467221516
1627558,20424183|20415723|20406349|20370688|20333225|20332419|20307585|20301149|20246068|20246013
1627596,20424183|20415723|20406349|20370688|20333225|20332419|20307585|20301149|20246068|20246013
1627763,20424183|20415723|20406349|20370688|20333225|20332419|20307585|20301149|20246068|20246013
1627794,20424183|20415723|20406349|20370688|20333225|20332419|20307585|20301149|20246068|20246013
1627947,20424183|20415723|20406349|20370688|20333225|20332419|20307585|20301149|20246068|20246013
1627985,4710739028706|20424183|20415723|20406349|20370688|20333225|20332419|20307585|20301149|20246068
1628043,20424183|20415723|20406349|20370688|20333225|20332419|20307585|20301149|20246068|20246013
1628111,20424183|20415723|20406349|20370688|20333225|20332419|20307585|20301149|20246068|20246013
1628203,20424183|20415723|20406349|20370688|20333225|20332419|20307585|20301149|20246068|20246013
1628548,4901872506507|4710068331553|41333600017|4710088414328|4718429100060|4710134024242|4710632001660|4711985100024|4710126194281|20424183
1628586,20424183|20415723|20406349|20370688|20333225|20332419|20307585|20301149|20246068|20246013
1628609,20424183|20415723|20406349|20370688|20333225|20332419|20307585|20301149|20246068|20246013
1628876,20424183|20415723|20406349|20370688|20333225|20332419|20307585|20301149|20246068|20246013
1629033,20424183|20415723|20406349|20370688|20333225|20332419|20307585|20301149|20246068|20246013
1629149,20424183|20415723|20406349|20370688|20333225|20332419|20307585|20301149|20246068|20246013
1629194,20424183|20415723|20406349|20370688|20333225|20332419|20307585|20301149|20246068|20246013
1629217,20424183|20415723|20406349|20370688|20333225|20332419|20307585|20301149|20246068|20246013
1629248,4711686006090|4710998000802|4710731060124|4710363382045|4710032601194|4710015103370|4711128668787|4710960892077|4710247005206|4710467221516
1629538,20424183|20415723|20406349|20370688|20333225|20332419|20307585|20301149|20246068|20246013
1629576,20424183|20415723|20406349|20370688|20333225|20332419|20307585|20301149|20246068|20246013
1629606,20424183|20415723|20406349|20370688|20333225|20332419|20307585|20301149|20246068|20246013
1629637,20424183|20415723|20406349|20370688|20333225|20332419|20307585|20301149|20246068|20246013
1629972,20424183|20415723|20406349|20370688|20333225|20332419|20307585|20301149|20246068|20246013
1630008,4711686006090|4710998000802|4710731060124|4710363382045|4710032601194|4710015103370|4711128668787|4710960892077|4710247005206|4710467221516
1630015,20424183|20415723|20406349|20370688|20333225|20332419|20307585|20301149|20246068|20246013
1630176,4711686006090|4710998000802|4710731060124|4710363382045|4710032601194|4710015103370|4711128668787|4710960892077|4710247005206|4710467221516
1630244,20424183|20415723|20406349|20370688|20333225|20332419|20307585|20301149|20246068|20246013
1630404,20424183|20415723|20406349|20370688|20333225|20332419|20307585|20301149|20246068|20246013
1630572,20424183|20415723|20406349|20370688|20333225|20332419|20307585|20301149|20246068|20246013
1630589,20424183|20415723|20406349|20370688|20333225|20332419|20307585|20301149|20246068|20246013
1630619,20424183|20415723|20406349|20370688|20333225|20332419|20307585|20301149|20246068|20246013
1630640,20424183|20415723|20406349|20370688|20333225|20332419|20307585|20301149|20246068|20246013
1630732,20424183|20415723|20406349|20370688|20333225|20332419|20307585|20301149|20246068|20246013
1630954,20424183|20415723|20406349|20370688|20333225|20332419|20307585|20301149|20246068|20246013
1631111,20424183|20415723|20406349|20370688|20333225|20332419|20307585|20301149|20246068|20246013
1631388,20424183|20415723|20406349|20370688|20333225|20332419|20307585|20301149|20246068|20246013
1631883,20424183|20415723|20406349|20370688|20333225|20332419|20307585|20301149|20246068|20246013
1631920,20424183|20415723|20406349|20370688|20333225|20332419|20307585|20301149|20246068|20246013
1632224,20424183|20415723|20406349|20370688|20333225|20332419|20307585|20301149|20246068|20246013
1632286,20424183|20415723|20406349|20370688|20333225|20332419|20307585|20301149|20246068|20246013
1632460,20424183|20415723|20406349|20370688|20333225|20332419|20307585|20301149|20246068|20246013
1632507,20424183|20415723|20406349|20370688|20333225|20332419|20307585|20301149|20246068|20246013
1632606,20424183|20415723|20406349|20370688|20333225|20332419|20307585|20301149|20246068|20246013
1632699,4712278884263|4711634000965|47100312|4710126392199|4710250440186|4710011417099|4710008242123|4710200000019|4710857000042|4710011401135
1632774,20424183|20415723|20406349|20370688|20333225|20332419|20307585|20301149|20246068|20246013
1632811,20424183|20415723|20406349|20370688|20333225|20332419|20307585|20301149|20246068|20246013
1632903,20424183|20415723|20406349|20370688|20333225|20332419|20307585|20301149|20246068|20246013
1632927,20424183|20415723|20406349|20370688|20333225|20332419|20307585|20301149|20246068|20246013
1632972,20424183|20415723|20406349|20370688|20333225|20332419|20307585|20301149|20246068|20246013
1633139,4711686006090|4710998000802|4710731060124|4710363382045|4710032601194|4710015103370|4711128668787|4710960892077|4710247005206|4710467221516
1633207,20424183|20415723|20406349|20370688|20333225|20332419|20307585|20301149|20246068|20246013
1633245,20424183|20415723|20406349|20370688|20333225|20332419|20307585|20301149|20246068|20246013
1633313,4711686006090|4710998000802|4710731060124|4710363382045|4710032601194|4710015103370|4711128668787|4710960892077|4710247005206|4710467221516
1633320,20451042|20424183|20415723|20406349|20370688|20333225|20332419|20301149|20246068|20246013
1633405,20424183|20415723|20406349|20370688|20333225|20332419|20307585|20301149|20246068|20246013
1633641,20424183|20415723|20406349|20370688|20333225|20332419|20307585|20301149|20246068|20246013
1633801,20424183|20415723|20406349|20370688|20333225|20332419|20307585|20301149|20246068|20246013
1633832,20424183|20415723|20406349|20370688|20333225|20332419|20307585|20301149|20246068|20246013
1633917,20424183|20415723|20406349|20370688|20333225|20332419|20307585|20301149|20246068|20246013
1634082,20424183|20415723|20406349|20370688|20333225|20332419|20307585|20301149|20246068|20246013
1634228,20424183|20415723|20406349|20370688|20333225|20332419|20307585|20301149|20246068|20246013
1634501,20424183|20415723|20406349|20370688|20333225|20332419|20307585|20301149|20246068|20246013
1634518,4712278884263|4711634000965|47100312|4711686006090|4710998000802|4710731060124|4710363382045|4710247005206|4710032601194|4710015103370
1634723,4711686006090|4710998000802|4710731060124|4710363382045|4710032601194|4710015103370|4711128668787|4710960892077|4710247005206|4710467221516
1634808,20424183|20415723|20406349|20370688|20333225|20332419|20307585|20301149|20246068|20246013
1634877,20424183|20415723|20406349|20370688|20333225|20332419|20307585|20301149|20246068|20246013
1635010,4711686006090|4710998000802|4710731060124|4710363382045|4710032601194|4710015103370|4711128668787|4710960892077|4710247005206|4710467221516
1635119,4711686006090|4710998000802|4710731060124|4710363382045|4710032601194|4710015103370|4711128668787|4710960892077|4710247005206|4710467221516
1635126,20424183|20415723|20406349|20370688|20333225|20332419|20307585|20301149|20246068|20246013
1635171,4710088424273|4711524000891|4711524000600|4710015103288|4710171021327|4711524000396|4710543214012|20424183|20415723|20406349
1635225,20424183|20415723|20406349|20370688|20333225|20332419|20307585|20301149|20246068|20246013
1635232,20424183|20415723|20406349|20370688|20333225|20332419|20307585|20301149|20246068|20246013
1635287,20424183|20415723|20406349|20370688|20333225|20332419|20307585|20301149|20246068|20246013
1635317,20424183|20415723|20406349|20370688|20333225|20332419|20307585|20301149|20246068|20246013
1635386,20424183|20415723|20406349|20370688|20333225|20332419|20307585|20301149|20246068|20246013
1635454,20424183|20415723|20406349|20370688|20333225|20332419|20307585|20301149|20246068|20246013
1635515,20424183|20415723|20406349|20370688|20333225|20332419|20307585|20301149|20246068|20246013
1635614,20424183|20415723|20406349|20370688|20333225|20332419|20307585|20301149|20246068|20246013
1635768,20424183|20415723|20406349|20370688|20333225|20332419|20307585|20301149|20246068|20246013
1635966,20424183|20415723|20406349|20370688|20333225|20332419|20307585|20301149|20246068|20246013
1636154,20424183|20415723|20406349|20370688|20333225|20332419|20307585|20301149|20246068|20246013
1636208,20424183|20415723|20406349|20370688|20333225|20332419|20307585|20301149|20246068|20246013
1636345,4710088430922|4711524001041|4710290007011|4710022102892|4710088432476|4710176016045|4710105010113|4710549000664|719859796117|40000015314
1636482,20424183|20415723|20406349|20370688|20333225|20332419|20307585|20301149|20246068|20246013
1636550,4711686006090|4710998000802|4710731060124|4710363382045|4710032601194|4710015103370|4711128668787|4710960892077|4710247005206|4710467221516
1636635,20424183|20415723|20406349|20370688|20333225|20332419|20307585|20301149|20246068|20246013
1636765,20424183|20415723|20406349|20370688|20333225|20332419|20307585|20301149|20246068|20246013
1636819,20424183|20415723|20406349|20370688|20333225|20332419|20307585|20301149|20246068|20246013
1636840,20424183|20415723|20406349|20370688|20333225|20332419|20307585|20301149|20246068|20246013
1636956,20424183|20415723|20406349|20370688|20333225|20332419|20307585|20301149|20246068|20246013
1637038,20424183|20415723|20406349|20370688|20333225|20332419|20307585|20301149|20246068|20246013
1637083,20424183|20415723|20406349|20370688|20333225|20332419|20307585|20301149|20246068|20246013
1637274,20424183|20415723|20406349|20370688|20333225|20332419|20307585|20301149|20246068|20246013
1637328,20424183|20415723|20406349|20370688|20333225|20332419|20307585|20301149|20246068|20246013
1637335,20424183|20415723|20406349|20370688|20333225|20332419|20307585|20301149|20246068|20246013
1637489,20424183|20415723|20406349|20370688|20333225|20332419|20307585|20301149|20246068|20246013
1637526,20424183|20415723|20406349|20370688|20333225|20332419|20307585|20301149|20246068|20246013
1637649,20424183|20415723|20406349|20370688|20333225|20332419|20307585|20301149|20246068|20246013
1637694,4710126152007|4710095958006|4710085120697|4710085120680|4714276280061|20424183|20415723|20406349|20370688|20333225
1637878,20424183|20415723|20406349|20370688|20333225|20332419|20307585|20301149|20246068|20246013
1637977,20424183|20415723|20406349|20370688|20333225|20332419|20307585|20301149|20246068|20246013
1638080,4711022100031|20557003|4710043981513|4710176023098|4710583910004|4710247006562|47106710|4710096000995|4710144101452|4710105010182
1638097,4711686006090|4710998000802|4710731060124|4710363382045|4710032601194|4710015103370|4711128668787|4710960892077|4710247005206|4710467221516
1638141,4710105020310|4717097101027|4710105020358|4014400901573|20424183|20415723|20406349|20370688|20333225|20332419
1638226,20424183|20415723|20406349|20370688|20333225|20332419|20307585|20301149|20246068|20246013
1638301,20424183|20415723|20406349|20370688|20333225|20332419|20307585|20301149|20246068|20246013
1638349,20424183|20415723|20406349|20370688|20333225|20332419|20307585|20301149|20246068|20246013
1638479,20424183|20415723|20406349|20370688|20333225|20332419|20307585|20301149|20246068|20246013
1638615,20424183|20415723|20406349|20370688|20333225|20332419|20307585|20301149|20246068|20246013
1638653,20424183|20415723|20406349|20370688|20333225|20332419|20307585|20301149|20246068|20246013
1638745,20424183|20415723|20406349|20370688|20333225|20332419|20307585|20301149|20246068|20246013
1638929,20424183|20415723|20406349|20370688|20333225|20332419|20307585|20301149|20246068|20246013
1639117,20424183|20415723|20406349|20370688|20333225|20332419|20307585|20301149|20246068|20246013
1639582,20424183|20415723|20406349|20370688|20333225|20332419|20307585|20301149|20246068|20246013
1639599,20424183|20415723|20406349|20370688|20333225|20332419|20307585|20301149|20246068|20246013
1639735,20424183|20415723|20406349|20370688|20333225|20332419|20307585|20301149|20246068|20246013
1639773,20424183|20415723|20406349|20370688|20333225|20332419|20307585|20301149|20246068|20246013
1639780,20424183|20415723|20406349|20370688|20333225|20332419|20307585|20301149|20246068|20246013
1640038,20424183|20415723|20406349|20370688|20333225|20332419|20307585|20301149|20246068|20246013
1640496,20424183|20415723|20406349|20370688|20333225|20332419|20307585|20301149|20246068|20246013
1640526,20424183|20415723|20406349|20370688|20333225|20332419|20307585|20301149|20246068|20246013
1640557,4711686006090|4710998000802|4710731060124|4710363382045|4710032601194|4710015103370|4711128668787|4710960892077|4710247005206|4710467221516
1640816,20424183|20415723|20406349|20370688|20333225|20332419|20307585|20301149|20246068|20246013
1640878,20424183|20415723|20406349|20370688|20333225|20332419|20307585|20301149|20246068|20246013
1640892,20424183|20415723|20406349|20370688|20333225|20332419|20307585|20301149|20246068|20246013
1640908,20424183|20415723|20406349|20370688|20333225|20332419|20307585|20301149|20246068|20246013
1640960,20424183|20415723|20406349|20370688|20333225|20332419|20307585|20301149|20246068|20246013
1641028,20424183|20415723|20406349|20370688|20333225|20332419|20307585|20301149|20246068|20246013
1641202,20424183|20415723|20406349|20370688|20333225|20332419|20307585|20301149|20246068|20246013
1641424,20451042|20424183|20415723|20370688|20333225|20332419|20307585|20301149|20246068|20246013
1641653,20424183|20415723|20406349|20370688|20333225|20332419|20307585|20301149|20246068|20246013
1641769,20424183|20415723|20406349|20370688|20333225|20332419|20307585|20301149|20246068|20246013
1641912,4711686006090|4710998000802|4710731060124|4710363382045|4710032601194|4710015103370|4711128668787|4710960892077|4710247005206|4710467221516
1641974,20424183|20415723|20406349|20370688|20333225|20332419|20307585|20301149|20246068|20246013
1642056,4711686006090|4710998000802|4710731060124|4710363382045|4710032601194|4710015103370|4711128668787|4710960892077|4710247005206|4710467221516
1642100,20424183|20415723|20406349|20370688|20333225|20332419|20307585|20301149|20246068|20246013
1642209,20424183|20415723|20406349|20370688|20333225|20332419|20307585|20301149|20246068|20246013
1642254,20424183|20415723|20406349|20370688|20333225|20332419|20307585|20301149|20246068|20246013
1642391,20424183|20415723|20406349|20370688|20333225|20332419|20307585|20301149|20246068|20246013
1642629,4714276280061|20424183|20415723|20406349|20370688|20333225|20332419|20307585|20301149|20246068
1642674,20424183|20415723|20406349|20370688|20333225|20332419|20307585|20301149|20246068|20246013
1642698,20424183|20415723|20406349|20370688|20333225|20332419|20307585|20301149|20246068|20246013
1642704,4711686006090|4710998000802|4710731060124|4710363382045|4710032601194|4710015103370|4711128668787|4710960892077|4710247005206|4710467221516
1642711,20424183|20415723|20406349|20370688|20333225|20332419|20307585|20301149|20246068|20246013
1642827,20424183|20415723|20406349|20370688|20333225|20332419|20307585|20301149|20246068|20246013
1642841,20424183|20415723|20406349|20370688|20333225|20332419|20307585|20301149|20246068|20246013
1642858,20424183|20415723|20406349|20370688|20333225|20332419|20307585|20301149|20246068|20246013
1643046,20424183|20415723|20406349|20370688|20333225|20332419|20307585|20301149|20246068|20246013
1643053,20424183|20415723|20406349|20370688|20333225|20332419|20307585|20301149|20246068|20246013
1643121,20424183|20415723|20406349|20370688|20333225|20332419|20307585|20301149|20246068|20246013
1643237,4711686006090|4710998000802|4710731060124|4710363382045|4710032601194|4710015103370|4711128668787|4710960892077|4710247005206|4710467221516
1643411,20424183|20415723|20406349|20370688|20333225|20332419|20307585|20301149|20246068|20246013
1643473,20424183|20415723|20406349|20370688|20333225|20332419|20307585|20301149|20246068|20246013
1643534,20451042|20424183|20415723|20406349|20370688|20333225|20332419|20301149|20246068|20246013
1643695,20424183|20415723|20406349|20370688|20333225|20332419|20307585|20301149|20246068|20246013
1643732,20424183|20415723|20406349|20370688|20333225|20332419|20307585|20301149|20246068|20246013
1643794,20424183|20415723|20406349|20370688|20333225|20332419|20307585|20301149|20246068|20246013
1643824,20424183|20415723|20406349|20370688|20333225|20332419|20307585|20301149|20246068|20246013
1643947,20424183|20415723|20406349|20370688|20333225|20332419|20307585|20301149|20246068|20246013
1643954,20424183|20415723|20406349|20370688|20333225|20332419|20307585|20301149|20246068|20246013
1643978,20424183|20415723|20406349|20370688|20333225|20332419|20307585|20301149|20246068|20246013
1644081,20424183|20415723|20406349|20370688|20333225|20332419|20307585|20301149|20246068|20246013
1644197,20424183|20415723|20406349|20370688|20333225|20332419|20307585|20301149|20246068|20246013
1644227,20424183|20415723|20406349|20370688|20333225|20332419|20307585|20301149|20246068|20246013
1644326,4711686006090|4710998000802|4710731060124|4710363382045|4710032601194|4710015103370|4711128668787|4710960892077|4710247005206|4710467221516
1644593,4711686006090|4710998000802|4710731060124|4710363382045|4710032601194|4710015103370|4711128668787|4710960892077|4710247005206|4710467221516
1644616,20424183|20415723|20406349|20370688|20333225|20332419|20307585|20301149|20246068|20246013
1644739,20424183|20415723|20406349|20370688|20333225|20332419|20307585|20301149|20246068|20246013
1645088,20424183|20415723|20406349|20370688|20333225|20332419|20307585|20301149|20246068|20246013
1645163,4711686006090|4710998000802|4710731060124|4710363382045|4710032601194|4710015103370|4711128668787|4710960892077|4710247005206|4710467221516
1645262,20424183|20415723|20406349|20370688|20333225|20332419|20307585|20301149|20246068|20246013
1645323,20424183|20415723|20406349|20370688|20333225|20332419|20307585|20301149|20246068|20246013
1645552,20424183|20415723|20406349|20370688|20333225|20332419|20307585|20301149|20246068|20246013
1645675,20451042|20424183|20415723|20406349|20370688|20333225|20332419|20301149|20246068|20246013
1645712,20424183|20415723|20406349|20370688|20333225|20332419|20307585|20301149|20246068|20246013
1645774,20424183|20415723|20406349|20370688|20333225|20332419|20307585|20301149|20246068|20246013
1645873,20424183|20415723|20406349|20370688|20333225|20332419|20307585|20301149|20246068|20246013
1646283,20424183|20415723|20406349|20370688|20333225|20332419|20307585|20301149|20246068|20246013
1646313,20424183|20415723|20406349|20370688|20333225|20332419|20307585|20301149|20246068|20246013
1646351,20424183|20415723|20406349|20370688|20333225|20332419|20307585|20301149|20246068|20246013
1646528,20424183|20415723|20406349|20370688|20333225|20332419|20307585|20301149|20246068|20246013
1646603,20424183|20415723|20406349|20370688|20333225|20332419|20307585|20301149|20246068|20246013
1646948,20424183|20415723|20406349|20370688|20333225|20332419|20307585|20301149|20246068|20246013
1647037,20424183|20415723|20406349|20370688|20333225|20332419|20307585|20301149|20246068|20246013
1647303,20424183|20415723|20406349|20370688|20333225|20332419|20307585|20301149|20246068|20246013
1647310,20424183|20415723|20406349|20370688|20333225|20332419|20307585|20301149|20246068|20246013
1647358,4711686006090|4710998000802|4710731060124|4710363382045|4710032601194|4710015103370|4711128668787|4710960892077|4710247005206|4710467221516
1647457,20451042|20424183|20415723|20370688|20333225|20332419|20307585|20301149|20246068|20246013
1647594,4710088430922|4711524001041|4710290007011|4710022102892|4710088432476|4710105051642|4711524000471|4710088434258|4710088433343|4710088433268
1647709,20424183|20415723|20406349|20370688|20333225|20332419|20307585|20301149|20246068|20246013
1647716,20424183|20415723|20406349|20370688|20333225|20332419|20307585|20301149|20246068|20246013
1647822,20424183|20415723|20406349|20370688|20333225|20332419|20307585|20301149|20246068|20246013
1647860,20424183|20415723|20406349|20370688|20333225|20332419|20307585|20301149|20246068|20246013
1647983,4711686006090|4710998000802|4710731060124|4710363382045|4710032601194|4710015103370|4711128668787|4710960892077|4710247005206|4710467221516
1648065,20424183|20415723|20406349|20370688|20333225|20332419|20307585|20301149|20246068|20246013
1648324,20424183|20415723|20406349|20370688|20333225|20332419|20307585|20301149|20246068|20246013
1648416,20424183|20415723|20406349|20370688|20333225|20332419|20307585|20301149|20246068|20246013
1648744,20424183|20415723|20406349|20370688|20333225|20332419|20307585|20301149|20246068|20246013
1649093,4711686006090|4710998000802|4710731060124|4710363382045|4710032601194|4710015103370|4711128668787|4710960892077|4710247005206|4710467221516
1649215,4711686006090|4710998000802|4710731060124|4710363382045|4710032601194|4710015103370|4711128668787|4710960892077|4710247005206|4710467221516
1649239,20424183|20415723|20406349|20370688|20333225|20332419|20307585|20301149|20246068|20246013
1649277,20424183|20415723|20406349|20370688|20333225|20332419|20307585|20301149|20246068|20246013
1649574,20424183|20415723|20406349|20370688|20333225|20332419|20307585|20301149|20246068|20246013
1649727,20424183|20415723|20406349|20370688|20333225|20332419|20307585|20301149|20246068|20246013
1649734,20424183|20415723|20406349|20370688|20333225|20332419|20307585|20301149|20246068|20246013
1649949,20424183|20415723|20406349|20370688|20333225|20332419|20307585|20301149|20246068|20246013
1650037,20424183|20415723|20406349|20370688|20333225|20332419|20307585|20301149|20246068|20246013
1650044,20424183|20415723|20406349|20370688|20333225|20332419|20307585|20301149|20246068|20246013
1650075,4711686006090|4710998000802|4710731060124|4710363382045|4710032601194|4710015103370|4711128668787|4710960892077|4710247005206|4710467221516
1650082,20424183|20415723|20406349|20370688|20333225|20332419|20307585|20301149|20246068|20246013
1650273,20424183|20415723|20406349|20370688|20333225|20332419|20307585|20301149|20246068|20246013
1650464,4711524000907|4719862260410|4710011432825|4714981010038|20424183|20415723|20406349|20370688|20333225|20332419
1650471,20424183|20415723|20406349|20370688|20333225|20332419|20307585|20301149|20246068|20246013
1650501,4711686006090|4710998000802|4710731060124|4710363382045|4710032601194|4710015103370|4711128668787|4710960892077|4710247005206|4710467221516
1650525,20424183|20415723|20406349|20370688|20333225|20332419|20307585|20301149|20246068|20246013
1650624,20424183|20415723|20406349|20370688|20333225|20332419|20307585|20301149|20246068|20246013
1650792,20424183|20415723|20406349|20370688|20333225|20332419|20307585|20301149|20246068|20246013
1650860,20424183|20415723|20406349|20370688|20333225|20332419|20307585|20301149|20246068|20246013
1650914,20424183|20415723|20406349|20370688|20333225|20332419|20307585|20301149|20246068|20246013
1651294,20424183|20415723|20406349|20370688|20333225|20332419|20307585|20301149|20246068|20246013
1651300,20424183|20415723|20406349|20370688|20333225|20332419|20307585|20301149|20246068|20246013
1651331,20514235|20451042|20424183|20415723|20370688|20333225|20332419|20301149|20246068|20246013
1651591,20424183|20415723|20406349|20370688|20333225|20332419|20307585|20301149|20246068|20246013
1651812,20424183|20415723|20406349|20370688|20333225|20332419|20307585|20301149|20246068|20246013
1651874,20424183|20415723|20406349|20370688|20333225|20332419|20307585|20301149|20246068|20246013
1652123,20424183|20415723|20406349|20370688|20333225|20332419|20307585|20301149|20246068|20246013
1652260,20424183|20415723|20406349|20370688|20333225|20332419|20307585|20301149|20246068|20246013
1652284,20424183|20415723|20406349|20370688|20333225|20332419|20307585|20301149|20246068|20246013
1652406,20424183|20415723|20406349|20370688|20333225|20332419|20307585|20301149|20246068|20246013
1652420,4711686006090|4710998000802|4710731060124|4710363382045|4710032601194|4710015103370|4711128668787|4710960892077|4710247005206|4710467221516
1652451,20424183|20415723|20406349|20370688|20333225|20332419|20307585|20301149|20246068|20246013
1652536,20424183|20415723|20406349|20370688|20333225|20332419|20307585|20301149|20246068|20246013
1652581,20424183|20415723|20406349|20370688|20333225|20332419|20307585|20301149|20246068|20246013
1652642,4711686006090|4710998000802|4710731060124|4710363382045|4710032601194|4710015103370|4711128668787|4710960892077|4710247005206|4710467221516
1652796,20451042|20424183|20415723|20370688|20333225|20332419|20307585|20301149|20246068|20246013
1652819,20424183|20415723|20406349|20370688|20333225|20332419|20307585|20301149|20246068|20246013
1652970,20424183|20415723|20406349|20370688|20333225|20332419|20307585|20301149|20246068|20246013
1653045,4711686006090|4710998000802|4710731060124|4710363382045|4710032601194|4710015103370|4711128668787|4710960892077|4710247005206|4710467221516
1653212,20424183|20415723|20406349|20370688|20333225|20332419|20307585|20301149|20246068|20246013
1653328,20424183|20415723|20406349|20370688|20333225|20332419|20307585|20301149|20246068|20246013
1653366,20424183|20415723|20406349|20370688|20333225|20332419|20307585|20301149|20246068|20246013
1653946,20424183|20415723|20406349|20370688|20333225|20332419|20307585|20301149|20246068|20246013
1653953,20424183|20415723|20406349|20370688|20333225|20332419|20307585|20301149|20246068|20246013
1654189,20424183|20415723|20406349|20370688|20333225|20332419|20307585|20301149|20246068|20246013
1654400,20424183|20415723|20406349|20370688|20333225|20332419|20307585|20301149|20246068|20246013
1654424,20424183|20415723|20406349|20370688|20333225|20332419|20307585|20301149|20246068|20246013
1654509,20424183|20415723|20406349|20370688|20333225|20332419|20307585|20301149|20246068|20246013
1654585,4711686006090|4710998000802|4710731060124|4710363382045|4710032601194|4710015103370|4711128668787|4710960892077|4710247005206|4710467221516
1654738,4711686006090|4710998000802|4710731060124|4710363382045|4710032601194|4710015103370|4711128668787|4710960892077|4710247005206|4710467221516
1654943,20424183|20415723|20406349|20370688|20333225|20332419|20307585|20301149|20246068|20246013
1654974,20424183|20415723|20406349|20370688|20333225|20332419|20307585|20301149|20246068|20246013
1655162,20424183|20415723|20406349|20370688|20333225|20332419|20307585|20301149|20246068|20246013
1655261,20424183|20415723|20406349|20370688|20333225|20332419|20307585|20301149|20246068|20246013
1655407,4711686006090|4710998000802|4710731060124|4710363382045|4710032601194|4710015103370|4711128668787|4710960892077|4710247005206|4710467221516
1655490,20424183|20415723|20406349|20370688|20333225|20332419|20307585|20301149|20246068|20246013
1655667,20424183|20415723|20406349|20370688|20333225|20332419|20307585|20301149|20246068|20246013
1655728,20424183|20415723|20406349|20370688|20333225|20332419|20307585|20301149|20246068|20246013
1655995,20451042|20424183|20415723|20406349|20370688|20333225|20332419|20301149|20246068|20246013
1656022,20424183|20415723|20406349|20370688|20333225|20332419|20307585|20301149|20246068|20246013
1656114,20424183|20415723|20406349|20370688|20333225|20332419|20307585|20301149|20246068|20246013
1656176,4711686006090|4710998000802|4710731060124|4710363382045|4710032601194|4710015103370|4711128668787|4710960892077|4710247005206|4710467221516
1656435,20451042|20424183|20415723|20406349|20370688|20333225|20332419|20307585|20301149|20246013
1656664,20424183|20415723|20406349|20370688|20333225|20332419|20307585|20301149|20246068|20246013
1656855,20424183|20415723|20406349|20370688|20333225|20332419|20307585|20301149|20246068|20246013
1656893,20424183|20415723|20406349|20370688|20333225|20332419|20307585|20301149|20246068|20246013
1656916,20424183|20415723|20406349|20370688|20333225|20332419|20307585|20301149|20246068|20246013
1656985,20424183|20415723|20406349|20370688|20333225|20332419|20307585|20301149|20246068|20246013
1657081,20424183|20415723|20406349|20370688|20333225|20332419|20307585|20301149|20246068|20246013
1657098,20424183|20415723|20406349|20370688|20333225|20332419|20307585|20301149|20246068|20246013
1657197,20424183|20415723|20406349|20370688|20333225|20332419|20307585|20301149|20246068|20246013
1657272,20424183|20415723|20406349|20370688|20333225|20332419|20307585|20301149|20246068|20246013
1657579,4719859015078|4719859015061|4719090701051|20307585|4714981010038|20451042|20424183|20406349|20370688|20333225
1657654,4711686006090|4710998000802|4710731060124|4710363382045|4710032601194|4710015103370|4711128668787|4710960892077|4710247005206|4710467221516
1657814,20424183|20415723|20406349|20370688|20333225|20332419|20307585|20301149|20246068|20246013
1657852,4711686006090|4710998000802|4710731060124|4710363382045|4710032601194|4710015103370|4711128668787|4710960892077|4710247005206|4710467221516
1657951,4710857000042|4710011401135|4710126392199|4710857000059|4710011409025|4719862260410|4711524000907|4711369000018|4710504000128|4710011432856
1657982,4716617500036|4710515533028|4710088413666|4711524000419|4712934010074|4710176016045|4710105010113|4710549000664|719859796117|40000015314
1658019,20424183|20415723|20406349|20370688|20333225|20332419|20307585|20301149|20246068|20246013
1658033,20424183|20415723|20406349|20370688|20333225|20332419|20307585|20301149|20246068|20246013
1658064,4711686006090|4710998000802|4710731060124|4710363382045|4710032601194|4710015103370|4711128668787|4710960892077|4710247005206|4710467221516
1658095,4711686006090|4710998000802|4710731060124|4710363382045|4710032601194|4710015103370|4711128668787|4710960892077|4710247005206|4710467221516
1658125,20424183|20415723|20406349|20370688|20333225|20332419|20307585|20301149|20246068|20246013
1658224,20424183|20415723|20406349|20370688|20333225|20332419|20307585|20301149|20246068|20246013
1658323,4711686006090|4710998000802|4710731060124|4710363382045|4710032601194|4710015103370|4711128668787|4710960892077|4710247005206|4710467221516
1658385,20424183|20415723|20406349|20370688|20333225|20332419|20307585|20301149|20246068|20246013
1658460,20424183|20415723|20406349|20370688|20333225|20332419|20307585|20301149|20246068|20246013
1658613,20424183|20415723|20406349|20370688|20333225|20332419|20307585|20301149|20246068|20246013
1658644,20424183|20415723|20406349|20370688|20333225|20332419|20307585|20301149|20246068|20246013
1658682,20424183|20415723|20406349|20370688|20333225|20332419|20307585|20301149|20246068|20246013
1658705,20424183|20415723|20406349|20370688|20333225|20332419|20307585|20301149|20246068|20246013
1658743,20424183|20415723|20406349|20370688|20333225|20332419|20307585|20301149|20246068|20246013
1658781,20424183|20415723|20406349|20370688|20333225|20332419|20307585|20301149|20246068|20246013
1659054,20424183|20415723|20406349|20370688|20333225|20332419|20307585|20301149|20246068|20246013
1659146,20424183|20415723|20406349|20370688|20333225|20332419|20307585|20301149|20246068|20246013
1659252,4711686006090|4710998000802|4710731060124|4710363382045|4710032601194|4710015103370|4711128668787|4710960892077|4710247005206|4710467221516
1659269,4711686006090|4710998000802|4710731060124|4710363382045|4710032601194|4710015103370|4711128668787|4710960892077|4710247005206|4710467221516
1659337,20424183|20415723|20406349|20370688|20333225|20332419|20307585|20301149|20246068|20246013
1659399,20424183|20415723|20406349|20370688|20333225|20332419|20307585|20301149|20246068|20246013
1659405,20424183|20415723|20406349|20370688|20333225|20332419|20307585|20301149|20246068|20246013
1659559,20424183|20415723|20406349|20370688|20333225|20332419|20307585|20301149|20246068|20246013
1659726,20424183|20415723|20406349|20370688|20333225|20332419|20307585|20301149|20246068|20246013
1659740,9555037202039|4712500125126|4711128668787|4710960892077|4710323168054|4710294610811|4710018031632|20553418|4710467221516|4710105024127
1659900,20424183|20415723|20406349|20370688|20333225|20332419|20307585|20301149|20246068|20246013
1660036,20424183|20415723|20406349|20370688|20333225|20332419|20307585|20301149|20246068|20246013
1660043,20424183|20415723|20406349|20370688|20333225|20332419|20307585|20301149|20246068|20246013
1660326,20424183|20415723|20406349|20370688|20333225|20332419|20307585|20301149|20246068|20246013
1660418,20424183|20415723|20406349|20370688|20333225|20332419|20307585|20301149|20246068|20246013
1660517,20424183|20415723|20406349|20370688|20333225|20332419|20307585|20301149|20246068|20246013
1660548,20424183|20415723|20406349|20370688|20333225|20332419|20307585|20301149|20246068|20246013
1660562,20451042|20424183|20415723|20406349|20370688|20333225|20332419|20301149|20246068|20246013
1660678,20424183|20415723|20406349|20370688|20333225|20332419|20307585|20301149|20246068|20246013
1660869,20424183|20415723|20406349|20370688|20333225|20332419|20307585|20301149|20246068|20246013
1660920,20424183|20415723|20406349|20370688|20333225|20332419|20307585|20301149|20246068|20246013
1660937,20424183|20415723|20406349|20370688|20333225|20332419|20307585|20301149|20246068|20246013
1660982,20424183|20415723|20406349|20370688|20333225|20332419|20307585|20301149|20246068|20246013
1661040,20424183|20415723|20406349|20370688|20333225|20332419|20307585|20301149|20246068|20246013
1661118,20424183|20415723|20406349|20370688|20333225|20332419|20307585|20301149|20246068|20246013
1661224,20424183|20415723|20406349|20370688|20333225|20332419|20307585|20301149|20246068|20246013
1661422,4711686006090|4710998000802|4710731060124|4710363382045|4710032601194|4710015103370|4711128668787|4710960892077|4710247005206|4710467221516
1661545,20424183|20415723|20406349|20370688|20333225|20332419|20307585|20301149|20246068|20246013
1661729,20424183|20415723|20406349|20370688|20333225|20332419|20307585|20301149|20246068|20246013
1661743,20424183|20415723|20406349|20370688|20333225|20332419|20307585|20301149|20246068|20246013
1661774,20424183|20415723|20406349|20370688|20333225|20332419|20307585|20301149|20246068|20246013
1661859,20424183|20415723|20406349|20370688|20333225|20332419|20307585|20301149|20246068|20246013
1662122,20424183|20415723|20406349|20370688|20333225|20332419|20307585|20301149|20246068|20246013
1662337,20424183|20415723|20406349|20370688|20333225|20332419|20307585|20301149|20246068|20246013
1662443,20451042|20424183|20415723|20406349|20370688|20333225|20332419|20307585|20301149|20246013
1662498,20451042|20424183|20406349|20370688|20333225|20332419|20307585|20301149|20246068|20246013
1662542,4711686006090|4710998000802|4710731060124|4710363382045|4710032601194|4710015103370|4711128668787|4710960892077|4710247005206|4710467221516
1662764,20424183|20415723|20406349|20370688|20333225|20332419|20307585|20301149|20246068|20246013
1662771,20424183|20415723|20406349|20370688|20333225|20332419|20307585|20301149|20246068|20246013
1662825,4711686006090|4710998000802|4710731060124|4710363382045|4710032601194|4710015103370|4711128668787|4710960892077|4710247005206|4710467221516
1662863,20424183|20415723|20406349|20370688|20333225|20332419|20307585|20301149|20246068|20246013
1663068,20424183|20415723|20406349|20370688|20333225|20332419|20307585|20301149|20246068|20246013
1663204,20424183|20415723|20406349|20370688|20333225|20332419|20307585|20301149|20246068|20246013
1663419,20424183|20415723|20406349|20370688|20333225|20332419|20307585|20301149|20246068|20246013
1663549,20424183|20415723|20406349|20370688|20333225|20332419|20307585|20301149|20246068|20246013
1663648,20424183|20415723|20406349|20370688|20333225|20332419|20307585|20301149|20246068|20246013
1663655,20424183|20415723|20406349|20370688|20333225|20332419|20307585|20301149|20246068|20246013
1663839,20424183|20415723|20406349|20370688|20333225|20332419|20307585|20301149|20246068|20246013
1663853,20424183|20415723|20406349|20370688|20333225|20332419|20307585|20301149|20246068|20246013
1664058,20424183|20415723|20406349|20370688|20333225|20332419|20307585|20301149|20246068|20246013
1664140,20451042|20424183|20415723|20406349|20370688|20333225|20307585|20301149|20246068|20246013
1664218,20424183|20415723|20406349|20370688|20333225|20332419|20307585|20301149|20246068|20246013
1664287,20424183|20415723|20406349|20370688|20333225|20332419|20307585|20301149|20246068|20246013
1664379,20424183|20415723|20406349|20370688|20333225|20332419|20307585|20301149|20246068|20246013
1664560,20424183|20415723|20406349|20370688|20333225|20332419|20307585|20301149|20246068|20246013
1664638,20424183|20415723|20406349|20370688|20333225|20332419|20307585|20301149|20246068|20246013
1664997,20424183|20415723|20406349|20370688|20333225|20332419|20307585|20301149|20246068|20246013
1665000,20424183|20415723|20406349|20370688|20333225|20332419|20307585|20301149|20246068|20246013
1665314,20424183|20415723|20406349|20370688|20333225|20332419|20307585|20301149|20246068|20246013
1665369,20424183|20415723|20406349|20370688|20333225|20332419|20307585|20301149|20246068|20246013
1665420,20424183|20415723|20406349|20370688|20333225|20332419|20307585|20301149|20246068|20246013
1665499,4711686006090|4710998000802|4710731060124|4710363382045|4710032601194|4710015103370|4711128668787|4710960892077|4710247005206|4710467221516
1665543,20424183|20415723|20406349|20370688|20333225|20332419|20307585|20301149|20246068|20246013
1665550,20424183|20415723|20406349|20370688|20333225|20332419|20307585|20301149|20246068|20246013
1665628,20424183|20415723|20406349|20370688|20333225|20332419|20307585|20301149|20246068|20246013
1665697,20424183|20415723|20406349|20370688|20333225|20332419|20307585|20301149|20246068|20246013
1665727,20424183|20415723|20406349|20370688|20333225|20332419|20307585|20301149|20246068|20246013
1665840,20424183|20415723|20406349|20370688|20333225|20332419|20307585|20301149|20246068|20246013
1665970,20424183|20415723|20406349|20370688|20333225|20332419|20307585|20301149|20246068|20246013
1666007,20424183|20415723|20406349|20370688|20333225|20332419|20307585|20301149|20246068|20246013
1666052,20424183|20415723|20406349|20370688|20333225|20332419|20307585|20301149|20246068|20246013
1666410,4712278884263|4711634000965|47100312|4711686006090|4710998000802|4710731060124|4710363382045|4710247005206|4710032601194|4710015103370
1666465,20424183|20415723|20406349|20370688|20333225|20332419|20307585|20301149|20246068|20246013
1666656,20424183|20415723|20406349|20370688|20333225|20332419|20307585|20301149|20246068|20246013
1666724,20451042|20424183|20415723|20406349|20370688|20333225|20332419|20301149|20246068|20246013
1666793,20424183|20415723|20406349|20370688|20333225|20332419|20307585|20301149|20246068|20246013
1666830,20424183|20415723|20406349|20370688|20333225|20332419|20307585|20301149|20246068|20246013
1666847,20424183|20415723|20406349|20370688|20333225|20332419|20307585|20301149|20246068|20246013
1667103,20424183|20415723|20406349|20370688|20333225|20332419|20307585|20301149|20246068|20246013
1667479,20424183|20415723|20406349|20370688|20333225|20332419|20307585|20301149|20246068|20246013
1667547,20424183|20415723|20406349|20370688|20333225|20332419|20307585|20301149|20246068|20246013
1667790,20424183|20415723|20406349|20370688|20333225|20332419|20307585|20301149|20246068|20246013
1667844,20424183|20415723|20406349|20370688|20333225|20332419|20307585|20301149|20246068|20246013
1667943,20424183|20415723|20406349|20370688|20333225|20332419|20307585|20301149|20246068|20246013
1668056,20424183|20415723|20406349|20370688|20333225|20332419|20307585|20301149|20246068|20246013
1668223,20424183|20415723|20406349|20370688|20333225|20332419|20307585|20301149|20246068|20246013
1668278,20424183|20415723|20406349|20370688|20333225|20332419|20307585|20301149|20246068|20246013
1668711,4711686006090|4710998000802|4710731060124|4710363382045|4710032601194|4710015103370|4711128668787|4710960892077|4710247005206|4710467221516
1668797,20424183|20415723|20406349|20370688|20333225|20332419|20307585|20301149|20246068|20246013
1668810,20424183|20415723|20406349|20370688|20333225|20332419|20307585|20301149|20246068|20246013
1668841,20424183|20415723|20406349|20370688|20333225|20332419|20307585|20301149|20246068|20246013
1668940,20424183|20415723|20406349|20370688|20333225|20332419|20307585|20301149|20246068|20246013
1669091,4711686006090|4710998000802|4710731060124|4710363382045|4710032601194|4710015103370|4711128668787|4710960892077|4710247005206|4710467221516
1669138,20424183|20415723|20406349|20370688|20333225|20332419|20307585|20301149|20246068|20246013
1669336,20424183|20415723|20406349|20370688|20333225|20332419|20307585|20301149|20246068|20246013
1669480,20424183|20415723|20406349|20370688|20333225|20332419|20307585|20301149|20246068|20246013
1669589,20424183|20415723|20406349|20370688|20333225|20332419|20307585|20301149|20246068|20246013
1669695,20424183|20415723|20406349|20370688|20333225|20332419|20307585|20301149|20246068|20246013
1669879,4711686006090|4710998000802|4710731060124|4710363382045|4710032601194|4710015103370|4711128668787|4710960892077|4710247005206|4710467221516
1669893,4711686006090|4710998000802|4710731060124|4710363382045|4710032601194|4710015103370|4711128668787|4710960892077|4710247005206|4710467221516
1669985,20424183|20415723|20406349|20370688|20333225|20332419|20307585|20301149|20246068|20246013
1669992,20424183|20415723|20406349|20370688|20333225|20332419|20307585|20301149|20246068|20246013
1670097,20424183|20415723|20406349|20370688|20333225|20332419|20307585|20301149|20246068|20246013
1670257,4711686006090|4710998000802|4710731060124|4710363382045|4710032601194|4710015103370|4711128668787|4710960892077|4710247005206|4710467221516
1670424,20424183|20415723|20406349|20370688|20333225|20332419|20307585|20301149|20246068|20246013
1670578,20424183|20415723|20406349|20370688|20333225|20332419|20307585|20301149|20246068|20246013
1670653,20424183|20415723|20406349|20370688|20333225|20332419|20307585|20301149|20246068|20246013
1670684,20424183|20415723|20406349|20370688|20333225|20332419|20307585|20301149|20246068|20246013
1670899,20424183|20415723|20406349|20370688|20333225|20332419|20307585|20301149|20246068|20246013
1670967,20424183|20415723|20406349|20370688|20333225|20332419|20307585|20301149|20246068|20246013
1670981,4710105045450|4710105045443|20424183|20415723|20406349|20370688|20333225|20332419|20307585|20301149
1671063,20424183|20415723|20406349|20370688|20333225|20332419|20307585|20301149|20246068|20246013
1671087,20424183|20415723|20406349|20370688|20333225|20332419|20307585|20301149|20246068|20246013
1671186,20424183|20415723|20406349|20370688|20333225|20332419|20307585|20301149|20246068|20246013
1671285,20424183|20415723|20406349|20370688|20333225|20332419|20307585|20301149|20246068|20246013
1671421,20424183|20415723|20406349|20370688|20333225|20332419|20307585|20301149|20246068|20246013
1671438,20424183|20415723|20406349|20370688|20333225|20332419|20307585|20301149|20246068|20246013
1671636,4710871000165|20451042|20424183|20415723|20406349|20370688|20333225|20332419|20307585|20301149
1671735,20451042|20424183|20415723|20370688|20333225|20332419|20307585|20301149|20246068|20246013
1671896,20424183|20415723|20406349|20370688|20333225|20332419|20307585|20301149|20246068|20246013
1672015,20424183|20415723|20406349|20370688|20333225|20332419|20307585|20301149|20246068|20246013
1672190,20424183|20415723|20406349|20370688|20333225|20332419|20307585|20301149|20246068|20246013
1672220,20424183|20415723|20406349|20370688|20333225|20332419|20307585|20301149|20246068|20246013
1672435,20424183|20415723|20406349|20370688|20333225|20332419|20307585|20301149|20246068|20246013
1672596,20424183|20415723|20406349|20370688|20333225|20332419|20307585|20301149|20246068|20246013
1672855,4711686006090|4710998000802|4710731060124|4710363382045|4710032601194|4710015103370|4711128668787|4710960892077|4710247005206|4710467221516
1672916,20424183|20415723|20406349|20370688|20333225|20332419|20307585|20301149|20246068|20246013
1672978,20424183|20415723|20406349|20370688|20333225|20332419|20307585|20301149|20246068|20246013
1673098,9556121008032|9556121008025|4717101101265|4714276113888|4712397000261|4710105051628|4710871000356|4710583920003|20246013|4711039232190
1673401,4711686006090|4710998000802|4710731060124|4710363382045|4710032601194|4710015103370|4711128668787|4710960892077|4710247005206|4710467221516
1673524,20424183|20415723|20406349|20370688|20333225|20332419|20307585|20301149|20246068|20246013
1673593,20424183|20415723|20406349|20370688|20333225|20332419|20307585|20301149|20246068|20246013
1673678,4710088430922|4711524001041|4710290007011|4710022102892|4710088432476|4710105051642|4711524000471|4710088434258|4710088433343|4710088433268
1673739,20424183|20415723|20406349|20370688|20333225|20332419|20307585|20301149|20246068|20246013
1673852,9300644131759|4710105011011|4711128668787|4710960892077|4710583910004|4710362010093|47106710|4710467221516|4711163000603|4710088414328
1674101,20451042|20424183|20406349|20370688|20333225|20332419|20307585|20301149|20246068|20246013
1674408,20424183|20415723|20406349|20370688|20333225|20332419|20307585|20301149|20246068|20246013
1674675,20424183|20415723|20406349|20370688|20333225|20332419|20307585|20301149|20246068|20246013
1674767,20424183|20415723|20406349|20370688|20333225|20332419|20307585|20301149|20246068|20246013
1674880,20424183|20415723|20406349|20370688|20333225|20332419|20307585|20301149|20246068|20246013
1674910,4711686006090|4710998000802|4710731060124|4710363382045|4710032601194|4710015103370|4711128668787|4710960892077|4710247005206|4710467221516
1674989,20424183|20415723|20406349|20370688|20333225|20332419|20307585|20301149|20246068|20246013
1675184,20424183|20415723|20406349|20370688|20333225|20332419|20307585|20301149|20246068|20246013
1675214,20424183|20415723|20406349|20370688|20333225|20332419|20307585|20301149|20246068|20246013
1675276,20424183|20415723|20406349|20370688|20333225|20332419|20307585|20301149|20246068|20246013
1675313,20424183|20415723|20406349|20370688|20333225|20332419|20307585|20301149|20246068|20246013
1675528,20424183|20415723|20406349|20370688|20333225|20332419|20307585|20301149|20246068|20246013
1675580,20424183|20415723|20406349|20370688|20333225|20332419|20307585|20301149|20246068|20246013
1675603,4711686006090|4710998000802|4710731060124|4710363382045|4710032601194|4710015103370|4711128668787|4710960892077|4710247005206|4710467221516
1675696,4711686006090|4710998000802|4710731060124|4710363382045|4710032601194|4710015103370|4711128668787|4710960892077|4710247005206|4710467221516
1675702,20424183|20415723|20406349|20370688|20333225|20332419|20307585|20301149|20246068|20246013
1675986,20424183|20415723|20406349|20370688|20333225|20332419|20307585|20301149|20246068|20246013
1676044,20424183|20415723|20406349|20370688|20333225|20332419|20307585|20301149|20246068|20246013
1676051,4711686006090|4710998000802|4710731060124|4710363382045|4710032601194|4710015103370|4711128668787|4710960892077|4710247005206|4710467221516
1676136,20424183|20415723|20406349|20370688|20333225|20332419|20307585|20301149|20246068|20246013
1676358,20424183|20415723|20406349|20370688|20333225|20332419|20307585|20301149|20246068|20246013
1676556,4711686006090|4710998000802|4710731060124|4710363382045|4710032601194|4710015103370|4711128668787|4710960892077|4710247005206|4710467221516
1676730,20424183|20415723|20406349|20370688|20333225|20332419|20307585|20301149|20246068|20246013
1676778,4711686006090|4710998000802|4710731060124|4710363382045|4710032601194|4710015103370|4711128668787|4710960892077|4710247005206|4710467221516
1676945,20424183|20415723|20406349|20370688|20333225|20332419|20307585|20301149|20246068|20246013
1677096,20451042|20424183|20415723|20406349|20370688|20333225|20332419|20301149|20246068|20246013
1677102,4711686006090|4710998000802|4710731060124|4710363382045|4710032601194|4710015103370|4711128668787|4710960892077|4710247005206|4710467221516
1677201,4710209701139|4710626055310|4710018004605|20424183|20415723|20406349|20370688|20333225|20332419|20307585
1677249,20424183|20415723|20406349|20370688|20333225|20332419|20307585|20301149|20246068|20246013
1677379,4711686006090|4710998000802|4710731060124|4710363382045|4710032601194|4710015103370|4711128668787|4710960892077|4710247005206|4710467221516
1677386,20424183|20415723|20406349|20370688|20333225|20332419|20307585|20301149|20246068|20246013
1677676,20424183|20415723|20406349|20370688|20333225|20332419|20307585|20301149|20246068|20246013
1677683,20424183|20415723|20406349|20370688|20333225|20332419|20307585|20301149|20246068|20246013
1677874,4711686006090|4710998000802|4710731060124|4710363382045|4710032601194|4710015103370|4711128668787|4710960892077|4710247005206|4710467221516
1677935,20424183|20415723|20406349|20370688|20333225|20332419|20307585|20301149|20246068|20246013
1677980,20424183|20415723|20406349|20370688|20333225|20332419|20307585|20301149|20246068|20246013
1678017,20424183|20415723|20406349|20370688|20333225|20332419|20307585|20301149|20246068|20246013
1678062,20424183|20415723|20406349|20370688|20333225|20332419|20307585|20301149|20246068|20246013
1678130,4711686006090|4710998000802|4710731060124|4710363382045|4710032601194|4710015103370|4711128668787|4710960892077|4710247005206|4710467221516
1678147,20424183|20415723|20406349|20370688|20333225|20332419|20307585|20301149|20246068|20246013
1678277,20424183|20415723|20406349|20370688|20333225|20332419|20307585|20301149|20246068|20246013
1678284,20424183|20415723|20406349|20370688|20333225|20332419|20307585|20301149|20246068|20246013
1678444,20424183|20415723|20406349|20370688|20333225|20332419|20307585|20301149|20246068|20246013
1678550,20424183|20415723|20406349|20370688|20333225|20332419|20307585|20301149|20246068|20246013
1678581,20424183|20415723|20406349|20370688|20333225|20332419|20307585|20301149|20246068|20246013
1678697,20424183|20415723|20406349|20370688|20333225|20332419|20307585|20301149|20246068|20246013
1679106,20424183|20415723|20406349|20370688|20333225|20332419|20307585|20301149|20246068|20246013
1679182,20424183|20415723|20406349|20370688|20333225|20332419|20307585|20301149|20246068|20246013
1679281,20424183|20415723|20406349|20370688|20333225|20332419|20307585|20301149|20246068|20246013
1679342,20451042|20424183|20415723|20370688|20333225|20332419|20307585|20301149|20246068|20246013
1679601,20424183|20415723|20406349|20370688|20333225|20332419|20307585|20301149|20246068|20246013
1679700,4711686006090|4710998000802|4710731060124|4710363382045|4710032601194|4710015103370|4711128668787|4710960892077|4710247005206|4710467221516
1679915,20424183|20415723|20406349|20370688|20333225|20332419|20307585|20301149|20246068|20246013
1680195,20424183|20415723|20406349|20370688|20333225|20332419|20307585|20301149|20246068|20246013
1680232,20424183|20415723|20406349|20370688|20333225|20332419|20307585|20301149|20246068|20246013
1680294,20424183|20415723|20406349|20370688|20333225|20332419|20307585|20301149|20246068|20246013
1680324,4711686006090|4710998000802|4710731060124|4710363382045|4710032601194|4710015103370|4711128668787|4710960892077|4710247005206|4710467221516
1680362,20424183|20415723|20406349|20370688|20333225|20332419|20307585|20301149|20246068|20246013
1680478,20424183|20415723|20406349|20370688|20333225|20332419|20307585|20301149|20246068|20246013
1680539,4710068331553|4710126392007|4710126194281|4710088414311|20424183|20415723|20406349|20370688|20333225|20332419
1680652,4711686006090|4710998000802|4710731060124|4710363382045|4710032601194|4710015103370|4711128668787|4710960892077|4710247005206|4710467221516
1680683,4712278884263|4711634000965|47100312|4711686006090|4710998000802|4710731060124|4710363382045|4710247005206|4710032601194|4710015103370
1680720,20424183|20415723|20406349|20370688|20333225|20332419|20307585|20301149|20246068|20246013
1680737,4711128778882|4710105020341|4710105026411|4711634002587|4714686400394|4710247005299|20451042|20424183|20415723|20406349
1680782,20424183|20415723|20406349|20370688|20333225|20332419|20307585|20301149|20246068|20246013
1680843,4711686006090|4710998000802|4710731060124|4710363382045|4710032601194|4710015103370|4711128668787|4710960892077|4710247005206|4710467221516
1680898,20424183|20415723|20406349|20370688|20333225|20332419|20307585|20301149|20246068|20246013
1680935,20424183|20415723|20406349|20370688|20333225|20332419|20307585|20301149|20246068|20246013
1681086,4711686006090|4710998000802|4710731060124|4710363382045|4710032601194|4710015103370|4711128668787|4710960892077|4710247005206|4710467221516
1681123,20424183|20415723|20406349|20370688|20333225|20332419|20307585|20301149|20246068|20246013
1681352,4716758007036|4710035311106|4710054380619|20424183|20415723|20406349|20370688|20333225|20332419|20307585
1681376,4711686006090|4710998000802|4710731060124|4710363382045|4710032601194|4710015103370|4711128668787|4710960892077|4710247005206|4710467221516
1681413,20424183|20415723|20406349|20370688|20333225|20332419|20307585|20301149|20246068|20246013
1681512,20424183|20415723|20406349|20370688|20333225|20332419|20307585|20301149|20246068|20246013
1681536,20424183|20415723|20406349|20370688|20333225|20332419|20307585|20301149|20246068|20246013
1681550,4711686006090|4710998000802|4710731060124|4710363382045|4710032601194|4710015103370|4711128668787|4710960892077|4710247005206|4710467221516
1681574,20424183|20415723|20406349|20370688|20333225|20332419|20307585|20301149|20246068|20246013
1681628,20424183|20415723|20406349|20370688|20333225|20332419|20307585|20301149|20246068|20246013
1681826,4711686006090|4710998000802|4710731060124|4710363382045|4710032601194|4710015103370|4711128668787|4710960892077|4710247005206|4710467221516
1682007,20424183|20415723|20406349|20370688|20333225|20332419|20307585|20301149|20246068|20246013
1682083,20424183|20415723|20406349|20370688|20333225|20332419|20307585|20301149|20246068|20246013
1682281,20424183|20415723|20406349|20370688|20333225|20332419|20307585|20301149|20246068|20246013
1682403,20424183|20415723|20406349|20370688|20333225|20332419|20307585|20301149|20246068|20246013
1682588,20424183|20415723|20406349|20370688|20333225|20332419|20307585|20301149|20246068|20246013
1682656,20424183|20415723|20406349|20370688|20333225|20332419|20307585|20301149|20246068|20246013
1682724,20424183|20415723|20406349|20370688|20333225|20332419|20307585|20301149|20246068|20246013
1682762,4711686006090|4710998000802|4710731060124|4710363382045|4710032601194|4710015103370|4711128668787|4710960892077|4710247005206|4710467221516
1682915,20424183|20415723|20406349|20370688|20333225|20332419|20307585|20301149|20246068|20246013
1682953,20424183|20415723|20406349|20370688|20333225|20332419|20307585|20301149|20246068|20246013
1683011,9300644131735|4710088436191|4714981010038|20451042|20424183|20406349|20370688|20333225|20332419|20307585
1683059,20424183|20415723|20406349|20370688|20333225|20332419|20307585|20301149|20246068|20246013
1683080,4714050000328|20424183|20415723|20406349|20370688|20333225|20332419|20307585|20301149|20246068
1683295,20424183|20415723|20406349|20370688|20333225|20332419|20307585|20301149|20246068|20246013
1683653,20424183|20415723|20406349|20370688|20333225|20332419|20307585|20301149|20246068|20246013
1683714,20424183|20415723|20406349|20370688|20333225|20332419|20307585|20301149|20246068|20246013
1683851,20424183|20415723|20406349|20370688|20333225|20332419|20307585|20301149|20246068|20246013
1683998,34000338108|93457545|93432641|93432634|93370868|93362979|93457552|93447706|93447690|93362986
1684001,4711686006090|4710998000802|4710731060124|4710363382045|4710032601194|4710015103370|4711128668787|4710960892077|4710247005206|4710467221516
1684032,20451042|20424183|20406349|20370688|20333225|20332419|20307585|20301149|20246068|20246013
1684100,20424183|20415723|20406349|20370688|20333225|20332419|20307585|20301149|20246068|20246013
1684261,4712301990077|20424183|20415723|20406349|20370688|20333225|20332419|20307585|20301149|20246068
1684339,20424183|20415723|20406349|20370688|20333225|20332419|20307585|20301149|20246068|20246013
1684414,20424183|20415723|20406349|20370688|20333225|20332419|20307585|20301149|20246068|20246013
1684681,20424183|20415723|20406349|20370688|20333225|20332419|20307585|20301149|20246068|20246013
1684728,20424183|20415723|20406349|20370688|20333225|20332419|20307585|20301149|20246068|20246013
1684971,20424183|20415723|20406349|20370688|20333225|20332419|20307585|20301149|20246068|20246013
1684988,20424183|20415723|20406349|20370688|20333225|20332419|20307585|20301149|20246068|20246013
1685022,20424183|20415723|20406349|20370688|20333225|20332419|20307585|20301149|20246068|20246013
1685039,20424183|20415723|20406349|20370688|20333225|20332419|20307585|20301149|20246068|20246013
1685053,20424183|20415723|20406349|20370688|20333225|20332419|20307585|20301149|20246068|20246013
1685060,4710105015118|20557003|20424183|20415723|20406349|20370688|20333225|20332419|20307585|20301149
1685084,4711686006090|4710998000802|4710731060124|4710363382045|4710032601194|4710015103370|4711128668787|4710960892077|4710247005206|4710467221516
1685305,20424183|20415723|20406349|20370688|20333225|20332419|20307585|20301149|20246068|20246013
1685565,4716617500036|4710515533028|4711524000471|4710908131589|4711524000495|4710088424273|4710105045313|4710171021327|4710011405133|4711080010112
1685886,20424183|20415723|20406349|20370688|20333225|20332419|20307585|20301149|20246068|20246013
1685985,20424183|20415723|20406349|20370688|20333225|20332419|20307585|20301149|20246068|20246013
1686210,4711686006090|4710998000802|4710731060124|4710363382045|4710032601194|4710015103370|4711128668787|4710960892077|4710247005206|4710467221516
1686531,20424183|20415723|20406349|20370688|20333225|20332419|20307585|20301149|20246068|20246013
1686685,20424183|20415723|20406349|20370688|20333225|20332419|20307585|20301149|20246068|20246013
1687026,20424183|20415723|20406349|20370688|20333225|20332419|20307585|20301149|20246068|20246013
1687088,20424183|20415723|20406349|20370688|20333225|20332419|20307585|20301149|20246068|20246013
1687187,20424183|20415723|20406349|20370688|20333225|20332419|20307585|20301149|20246068|20246013
1687224,4711686006090|4710998000802|4710731060124|4710363382045|4710032601194|4710015103370|4711128668787|4710960892077|4710247005206|4710467221516
1687477,20424183|20415723|20406349|20370688|20333225|20332419|20307585|20301149|20246068|20246013
1687705,20424183|20415723|20406349|20370688|20333225|20332419|20307585|20301149|20246068|20246013
1688030,20424183|20415723|20406349|20370688|20333225|20332419|20307585|20301149|20246068|20246013
1688047,20424183|20415723|20406349|20370688|20333225|20332419|20307585|20301149|20246068|20246013
1688092,20424183|20415723|20406349|20370688|20333225|20332419|20307585|20301149|20246068|20246013
1688108,20424183|20415723|20406349|20370688|20333225|20332419|20307585|20301149|20246068|20246013
1688115,20424183|20415723|20406349|20370688|20333225|20332419|20307585|20301149|20246068|20246013
1688122,20424183|20415723|20406349|20370688|20333225|20332419|20307585|20301149|20246068|20246013
1688252,20424183|20415723|20406349|20370688|20333225|20332419|20307585|20301149|20246068|20246013
1688313,20424183|20415723|20406349|20370688|20333225|20332419|20307585|20301149|20246068|20246013
1688375,20424183|20415723|20406349|20370688|20333225|20332419|20307585|20301149|20246068|20246013
1688450,4711686006090|4710998000802|4710731060124|4710363382045|4710032601194|4710015103370|4711128668787|4710960892077|4710247005206|4710467221516
1688498,20451042|20424183|20415723|20406349|20370688|20333225|20307585|20301149|20246068|20246013
1688528,20424183|20415723|20406349|20370688|20333225|20332419|20307585|20301149|20246068|20246013
1688689,20424183|20415723|20406349|20370688|20333225|20332419|20307585|20301149|20246068|20246013
1689037,20424183|20415723|20406349|20370688|20333225|20332419|20307585|20301149|20246068|20246013
1689358,20424183|20415723|20406349|20370688|20333225|20332419|20307585|20301149|20246068|20246013
1689785,20424183|20415723|20406349|20370688|20333225|20332419|20307585|20301149|20246068|20246013
1689945,20424183|20415723|20406349|20370688|20333225|20332419|20307585|20301149|20246068|20246013
1689952,20424183|20415723|20406349|20370688|20333225|20332419|20307585|20301149|20246068|20246013
1689983,20424183|20415723|20406349|20370688|20333225|20332419|20307585|20301149|20246068|20246013
1690002,20424183|20415723|20406349|20370688|20333225|20332419|20307585|20301149|20246068|20246013
1690040,20424183|20415723|20406349|20370688|20333225|20332419|20307585|20301149|20246068|20246013
1690545,20424183|20415723|20406349|20370688|20333225|20332419|20307585|20301149|20246068|20246013
1690606,20424183|20415723|20406349|20370688|20333225|20332419|20307585|20301149|20246068|20246013
1690651,20424183|20415723|20406349|20370688|20333225|20332419|20307585|20301149|20246068|20246013
1690859,20424183|20415723|20406349|20370688|20333225|20332419|20307585|20301149|20246068|20246013
1690989,20424183|20415723|20406349|20370688|20333225|20332419|20307585|20301149|20246068|20246013
1691061,20424183|20415723|20406349|20370688|20333225|20332419|20307585|20301149|20246068|20246013
1691337,20424183|20415723|20406349|20370688|20333225|20332419|20307585|20301149|20246068|20246013
1691559,4711524000600|4710543214012|4710022275503|4711524000495|4710176011194|4710015202912|20451042|20424183|20415723|20370688
1691573,4711686006090|4710998000802|4710731060124|4710363382045|4710032601194|4710015103370|4711128668787|4710960892077|4710247005206|4710467221516
1691580,4711686006090|4710998000802|4710731060124|4710363382045|4710032601194|4710015103370|4711128668787|4710960892077|4710247005206|4710467221516
1691634,4711686006090|4710998000802|4710731060124|4710363382045|4710032601194|4710015103370|4711128668787|4710960892077|4710247005206|4710467221516
1691849,20424183|20415723|20406349|20370688|20333225|20332419|20307585|20301149|20246068|20246013
1691856,20424183|20415723|20406349|20370688|20333225|20332419|20307585|20301149|20246068|20246013
1691887,20424183|20415723|20406349|20370688|20333225|20332419|20307585|20301149|20246068|20246013
1691900,20424183|20415723|20406349|20370688|20333225|20332419|20307585|20301149|20246068|20246013
1691924,4711686006090|4710998000802|4710731060124|4710363382045|4710032601194|4710015103370|4711128668787|4710960892077|4710247005206|4710467221516
1691955,4711686006090|4710998000802|4710731060124|4710363382045|4710032601194|4710015103370|4711128668787|4710960892077|4710247005206|4710467221516
1691993,20424183|20415723|20406349|20370688|20333225|20332419|20307585|20301149|20246068|20246013
1692075,20424183|20415723|20406349|20370688|20333225|20332419|20307585|20301149|20246068|20246013
1692167,20424183|20415723|20406349|20370688|20333225|20332419|20307585|20301149|20246068|20246013
1692334,20424183|20415723|20406349|20370688|20333225|20332419|20307585|20301149|20246068|20246013
1692358,4711080010112|20424183|20415723|20406349|20370688|20333225|20332419|20307585|20301149|20246068
1692440,20424183|20415723|20406349|20370688|20333225|20332419|20307585|20301149|20246068|20246013
1692488,4711634000460|37000440147|37000441809|4715874000228|37000329169|4719090790017|4713758146031|4711634002587|4711663700010|20424183
1692563,20424183|20415723|20406349|20370688|20333225|20332419|20307585|20301149|20246068|20246013
1692921,20424183|20415723|20406349|20370688|20333225|20332419|20307585|20301149|20246068|20246013
1692990,20451042|20424183|20415723|20406349|20370688|20333225|20307585|20301149|20246068|20246013
1693126,20424183|20415723|20406349|20370688|20333225|20332419|20307585|20301149|20246068|20246013
1693287,20424183|20415723|20406349|20370688|20333225|20332419|20307585|20301149|20246068|20246013
1693478,20424183|20415723|20406349|20370688|20333225|20332419|20307585|20301149|20246068|20246013
1693492,4711686006090|4710998000802|4710731060124|4710363382045|4710032601194|4710015103370|4711128668787|4710960892077|4710247005206|4710467221516
1693706,20424183|20415723|20406349|20370688|20333225|20332419|20307585|20301149|20246068|20246013
1693720,20424183|20415723|20406349|20370688|20333225|20332419|20307585|20301149|20246068|20246013
1693775,20424183|20415723|20406349|20370688|20333225|20332419|20307585|20301149|20246068|20246013
1693782,20424183|20415723|20406349|20370688|20333225|20332419|20307585|20301149|20246068|20246013
1693836,20424183|20415723|20406349|20370688|20333225|20332419|20307585|20301149|20246068|20246013
1693928,20424183|20415723|20406349|20370688|20333225|20332419|20307585|20301149|20246068|20246013
1693942,20424183|20415723|20406349|20370688|20333225|20332419|20307585|20301149|20246068|20246013
1694024,20424183|20415723|20406349|20370688|20333225|20332419|20307585|20301149|20246068|20246013
1694239,4711022100031|4710057830012|51000024237|20557003|8801047271024|4710043981513|4710176023098|4710583910004|4710247006562|47106710
1694253,4711686006090|4710998000802|4710731060124|4710363382045|4710032601194|4710015103370|4711128668787|4710960892077|4710247005206|4710467221516
1694352,20424183|20415723|20406349|20370688|20333225|20332419|20307585|20301149|20246068|20246013
1694376,20424183|20415723|20406349|20370688|20333225|20332419|20307585|20301149|20246068|20246013
1694581,20424183|20415723|20406349|20370688|20333225|20332419|20307585|20301149|20246068|20246013
1694611,20424183|20415723|20406349|20370688|20333225|20332419|20307585|20301149|20246068|20246013
1694741,4711686006090|4710998000802|4710731060124|4710363382045|4710032601194|4710015103370|4711128668787|4710960892077|4710247005206|4710467221516
1694772,20424183|20415723|20406349|20370688|20333225|20332419|20307585|20301149|20246068|20246013
1694963,20424183|20415723|20406349|20370688|20333225|20332419|20307585|20301149|20246068|20246013
1695274,20424183|20415723|20406349|20370688|20333225|20332419|20307585|20301149|20246068|20246013
1695328,20424183|20415723|20406349|20370688|20333225|20332419|20307585|20301149|20246068|20246013
1695335,4711686006090|4710998000802|4710731060124|4710363382045|4710032601194|4710015103370|4711128668787|4710960892077|4710247005206|4710467221516
1695366,20424183|20415723|20406349|20370688|20333225|20332419|20307585|20301149|20246068|20246013
1695557,20424183|20415723|20406349|20370688|20333225|20332419|20307585|20301149|20246068|20246013
1695656,20424183|20415723|20406349|20370688|20333225|20332419|20307585|20301149|20246068|20246013
1695847,4711686006090|4710998000802|4710731060124|4710363382045|4710032601194|4710015103370|4711128668787|4710960892077|4710247005206|4710467221516
1695878,20424183|20415723|20406349|20370688|20333225|20332419|20307585|20301149|20246068|20246013
1696066,20424183|20415723|20406349|20370688|20333225|20332419|20307585|20301149|20246068|20246013
1696189,20424183|20415723|20406349|20370688|20333225|20332419|20307585|20301149|20246068|20246013
1696240,20424183|20415723|20406349|20370688|20333225|20332419|20307585|20301149|20246068|20246013
1696486,20424183|20415723|20406349|20370688|20333225|20332419|20307585|20301149|20246068|20246013
1696592,4711686006090|4710998000802|4710731060124|4710363382045|4710032601194|4710015103370|4711128668787|4710960892077|4710247005206|4710467221516
1697001,20424183|20415723|20406349|20370688|20333225|20332419|20307585|20301149|20246068|20246013
1697070,4711686006090|4710998000802|4710731060124|4710363382045|4710032601194|4710015103370|4711128668787|4710960892077|4710247005206|4710467221516
1697148,4711686006090|4710998000802|4710731060124|4710363382045|4710032601194|4710015103370|4711128668787|4710960892077|4710247005206|4710467221516
1697414,9300603830020|20424183|20415723|20406349|20370688|20333225|20332419|20307585|20301149|20246068
1697926,20424183|20415723|20406349|20370688|20333225|20332419|20307585|20301149|20246068|20246013
1698206,20424183|20415723|20406349|20370688|20333225|20332419|20307585|20301149|20246068|20246013
1698350,4711686006090|4710998000802|4710731060124|4710363382045|4710032601194|4710015103370|4711128668787|4710960892077|4710247005206|4710467221516
1698442,20424183|20415723|20406349|20370688|20333225|20332419|20307585|20301149|20246068|20246013
1698466,20424183|20415723|20406349|20370688|20333225|20332419|20307585|20301149|20246068|20246013
1698657,20424183|20415723|20406349|20370688|20333225|20332419|20307585|20301149|20246068|20246013
1698909,20424183|20415723|20406349|20370688|20333225|20332419|20307585|20301149|20246068|20246013
1698916,20424183|20415723|20406349|20370688|20333225|20332419|20307585|20301149|20246068|20246013
1698992,20424183|20415723|20406349|20370688|20333225|20332419|20307585|20301149|20246068|20246013
1699043,4711686006090|4710998000802|4710731060124|4710363382045|4710032601194|4710015103370|4711128668787|4710960892077|4710247005206|4710467221516
1699128,20424183|20415723|20406349|20370688|20333225|20332419|20307585|20301149|20246068|20246013
1699166,4711686006090|4710998000802|4710731060124|4710363382045|4710032601194|4710015103370|4711128668787|4710960892077|4710247005206|4710467221516
1699456,20424183|20415723|20406349|20370688|20333225|20332419|20307585|20301149|20246068|20246013
1699715,20424183|20415723|20406349|20370688|20333225|20332419|20307585|20301149|20246068|20246013
1700107,4711686006090|4710998000802|4710731060124|4710363382045|4710032601194|4710015103370|4711128668787|4710960892077|4710247005206|4710467221516
1700152,20424183|20415723|20406349|20370688|20333225|20332419|20307585|20301149|20246068|20246013
1700169,20424183|20415723|20406349|20370688|20333225|20332419|20307585|20301149|20246068|20246013
1700176,20424183|20415723|20406349|20370688|20333225|20332419|20307585|20301149|20246068|20246013
1700343,4711686006090|4710998000802|4710731060124|4710363382045|4710032601194|4710015103370|4711128668787|4710960892077|4710247005206|4710467221516
1700411,20424183|20415723|20406349|20370688|20333225|20332419|20307585|20301149|20246068|20246013
1700664,20424183|20415723|20406349|20370688|20333225|20332419|20307585|20301149|20246068|20246013
1700688,20424183|20415723|20406349|20370688|20333225|20332419|20307585|20301149|20246068|20246013
1700695,20424183|20415723|20406349|20370688|20333225|20332419|20307585|20301149|20246068|20246013
1700718,20424183|20415723|20406349|20370688|20333225|20332419|20307585|20301149|20246068|20246013
1701005,20424183|20415723|20406349|20370688|20333225|20332419|20307585|20301149|20246068|20246013
1701104,20424183|20415723|20406349|20370688|20333225|20332419|20307585|20301149|20246068|20246013
1701135,20424183|20415723|20406349|20370688|20333225|20332419|20307585|20301149|20246068|20246013
1701173,4717101101371|4714242832669|4710088436542|4710632001356|4710032501791|20424183|20415723|20406349|20370688|20333225
1701197,4711686006090|4710998000802|4710731060124|4710363382045|4710032601194|4710015103370|4711128668787|4710960892077|4710247005206|4710467221516
1701326,20424183|20415723|20406349|20370688|20333225|20332419|20307585|20301149|20246068|20246013
1701517,20424183|20415723|20406349|20370688|20333225|20332419|20307585|20301149|20246068|20246013
1701586,20424183|20415723|20406349|20370688|20333225|20332419|20307585|20301149|20246068|20246013
1701616,20424183|20415723|20406349|20370688|20333225|20332419|20307585|20301149|20246068|20246013
1701913,20424183|20415723|20406349|20370688|20333225|20332419|20307585|20301149|20246068|20246013
1701920,20424183|20415723|20406349|20370688|20333225|20332419|20307585|20301149|20246068|20246013
1702071,20424183|20415723|20406349|20370688|20333225|20332419|20307585|20301149|20246068|20246013
1702125,20424183|20415723|20406349|20370688|20333225|20332419|20307585|20301149|20246068|20246013
1702262,20451042|20424183|20415723|20406349|20370688|20333225|20332419|20307585|20301149|20246068
1702392,20424183|20415723|20406349|20370688|20333225|20332419|20307585|20301149|20246068|20246013
1702422,20424183|20415723|20406349|20370688|20333225|20332419|20307585|20301149|20246068|20246013
1702453,20424183|20415723|20406349|20370688|20333225|20332419|20307585|20301149|20246068|20246013
1702620,20424183|20415723|20406349|20370688|20333225|20332419|20307585|20301149|20246068|20246013
1702804,20424183|20415723|20406349|20370688|20333225|20332419|20307585|20301149|20246068|20246013
1702996,20424183|20415723|20406349|20370688|20333225|20332419|20307585|20301149|20246068|20246013
1703214,20424183|20415723|20406349|20370688|20333225|20332419|20307585|20301149|20246068|20246013
1703337,20424183|20415723|20406349|20370688|20333225|20332419|20307585|20301149|20246068|20246013
1703641,20424183|20415723|20406349|20370688|20333225|20332419|20307585|20301149|20246068|20246013
1703696,20424183|20415723|20406349|20370688|20333225|20332419|20307585|20301149|20246068|20246013
1703801,20424183|20415723|20406349|20370688|20333225|20332419|20307585|20301149|20246068|20246013
1703856,20451042|20424183|20415723|20406349|20370688|20333225|20332419|20301149|20246068|20246013
1703955,20424183|20415723|20406349|20370688|20333225|20332419|20307585|20301149|20246068|20246013
1703962,20424183|20415723|20406349|20370688|20333225|20332419|20307585|20301149|20246068|20246013
1704068,20424183|20415723|20406349|20370688|20333225|20332419|20307585|20301149|20246068|20246013
1704129,20424183|20415723|20406349|20370688|20333225|20332419|20307585|20301149|20246068|20246013
1704174,20451042|20424183|20415723|20370688|20333225|20332419|20307585|20301149|20246068|20246013
1704204,20424183|20415723|20406349|20370688|20333225|20332419|20307585|20301149|20246068|20246013
1704259,4902777077161|20424183|20415723|20406349|20370688|20333225|20332419|20307585|20301149|20246068
1704525,20424183|20415723|20406349|20370688|20333225|20332419|20307585|20301149|20246068|20246013
1704556,20424183|20415723|20406349|20370688|20333225|20332419|20307585|20301149|20246068|20246013
1704693,20424183|20415723|20406349|20370688|20333225|20332419|20307585|20301149|20246068|20246013
1704723,20424183|20415723|20406349|20370688|20333225|20332419|20307585|20301149|20246068|20246013
1704891,20424183|20415723|20406349|20370688|20333225|20332419|20307585|20301149|20246068|20246013
1704952,20424183|20415723|20406349|20370688|20333225|20332419|20307585|20301149|20246068|20246013
1704983,20424183|20415723|20406349|20370688|20333225|20332419|20307585|20301149|20246068|20246013
1705317,20424183|20415723|20406349|20370688|20333225|20332419|20307585|20301149|20246068|20246013
1705348,20424183|20415723|20406349|20370688|20333225|20332419|20307585|20301149|20246068|20246013
1705393,20424183|20415723|20406349|20370688|20333225|20332419|20307585|20301149|20246068|20246013
1705621,20424183|20415723|20406349|20370688|20333225|20332419|20307585|20301149|20246068|20246013
1705836,20424183|20415723|20406349|20370688|20333225|20332419|20307585|20301149|20246068|20246013
1705898,4711022100031|4710057830012|51000024237|20557003|8801047271024|4710043981513|4710176023098|4710583910004|4710247006562|47106710
1705935,4711686006090|4710998000802|4710731060124|4710363382045|4710032601194|4710015103370|4711128668787|4710960892077|4710247005206|4710467221516
1706536,20424183|20415723|20406349|20370688|20333225|20332419|20307585|20301149|20246068|20246013
1707014,20424183|20415723|20406349|20370688|20333225|20332419|20307585|20301149|20246068|20246013
1707090,20424183|20415723|20406349|20370688|20333225|20332419|20307585|20301149|20246068|20246013
1707281,20424183|20415723|20406349|20370688|20333225|20332419|20307585|20301149|20246068|20246013
1707304,20424183|20415723|20406349|20370688|20333225|20332419|20307585|20301149|20246068|20246013
1707762,20451042|20424183|20415723|20406349|20370688|20333225|20332419|20307585|20246068|20246013
1707847,20424183|20415723|20406349|20370688|20333225|20332419|20307585|20301149|20246068|20246013
1708325,20424183|20415723|20406349|20370688|20333225|20332419|20307585|20301149|20246068|20246013
1708431,20424183|20415723|20406349|20370688|20333225|20332419|20307585|20301149|20246068|20246013
1708615,4711686006090|4710998000802|4710731060124|4710363382045|4710032601194|4710015103370|4711128668787|4710960892077|4710247005206|4710467221516
1708820,20424183|20415723|20406349|20370688|20333225|20332419|20307585|20301149|20246068|20246013
1709018,20424183|20415723|20406349|20370688|20333225|20332419|20307585|20301149|20246068|20246013
1709117,20424183|20415723|20406349|20370688|20333225|20332419|20307585|20301149|20246068|20246013
1709148,20424183|20415723|20406349|20370688|20333225|20332419|20307585|20301149|20246068|20246013
1709230,4711686006090|4710998000802|4710731060124|4710363382045|4710032601194|4710015103370|4711128668787|4710960892077|4710247005206|4710467221516
1709254,20424183|20415723|20406349|20370688|20333225|20332419|20307585|20301149|20246068|20246013
1709308,20424183|20415723|20406349|20370688|20333225|20332419|20307585|20301149|20246068|20246013
1709315,20424183|20415723|20406349|20370688|20333225|20332419|20307585|20301149|20246068|20246013
1709421,20424183|20415723|20406349|20370688|20333225|20332419|20307585|20301149|20246068|20246013
1709599,20424183|20415723|20406349|20370688|20333225|20332419|20307585|20301149|20246068|20246013
1709933,4711686006090|4710998000802|4710731060124|4710363382045|4710032601194|4710015103370|4711128668787|4710960892077|4710247005206|4710467221516
1710014,20424183|20415723|20406349|20370688|20333225|20332419|20307585|20301149|20246068|20246013
1710304,20424183|20415723|20406349|20370688|20333225|20332419|20307585|20301149|20246068|20246013
1710311,20424183|20415723|20406349|20370688|20333225|20332419|20307585|20301149|20246068|20246013
1710366,20424183|20415723|20406349|20370688|20333225|20332419|20307585|20301149|20246068|20246013
1710441,20424183|20415723|20406349|20370688|20333225|20332419|20307585|20301149|20246068|20246013
1710465,4715874000532|4710126010116|4711022100017|4719090790017|4719090790000|20424183|20415723|20406349|20370688|20333225
1710472,20424183|20415723|20406349|20370688|20333225|20332419|20307585|20301149|20246068|20246013
1710533,4711686006090|4710998000802|4710731060124|4710363382045|4710032601194|4710015103370|4711128668787|4710960892077|4710247005206|4710467221516
1710991,20424183|20415723|20406349|20370688|20333225|20332419|20307585|20301149|20246068|20246013
1711011,20424183|20415723|20406349|20370688|20333225|20332419|20307585|20301149|20246068|20246013
1711035,4710722000474|37000440147|37000441809|37000329169|20424183|20415723|20406349|20370688|20333225|20332419
1711042,4710011401142|9557615168355|4711369000018|4710247001765|4710011409025|4710011412223|4710011406123|4711080010112|4712278884263|4711634000965
1711059,20451042|20424183|20415723|20370688|20333225|20332419|20307585|20301149|20246068|20246013
1711097,20424183|20415723|20406349|20370688|20333225|20332419|20307585|20301149|20246068|20246013
1711455,20424183|20415723|20406349|20370688|20333225|20332419|20307585|20301149|20246068|20246013
1711578,4711686006090|4710998000802|4710731060124|4710363382045|4710032601194|4710015103370|4711128668787|4710960892077|4710247005206|4710467221516
1711837,20424183|20415723|20406349|20370688|20333225|20332419|20307585|20301149|20246068|20246013
1711851,20424183|20415723|20406349|20370688|20333225|20332419|20307585|20301149|20246068|20246013
1711899,20424183|20415723|20406349|20370688|20333225|20332419|20307585|20301149|20246068|20246013
1712216,20424183|20415723|20406349|20370688|20333225|20332419|20307585|20301149|20246068|20246013
1712322,4711686006090|4710998000802|4710731060124|4710363382045|4710032601194|4710015103370|4711128668787|4710960892077|4710247005206|4710467221516
1712384,4711713390031|20424183|20415723|20406349|20370688|20333225|20332419|20307585|20301149|20246068
1712476,20424183|20415723|20406349|20370688|20333225|20332419|20307585|20301149|20246068|20246013
1712575,20451042|20424183|20415723|20406349|20370688|20333225|20332419|20301149|20246068|20246013
1712605,20424183|20415723|20406349|20370688|20333225|20332419|20307585|20301149|20246068|20246013
1712650,4714050000038|4710110000581|4711437000063|4710209701139|4710114105046|4710105010724|4710094012686|4710515533028|4710247001765|4710085120468
1712667,4711686006090|4710998000802|4710731060124|4710363382045|4710032601194|4710015103370|4711128668787|4710960892077|4710247005206|4710467221516
1712698,20424183|20415723|20406349|20370688|20333225|20332419|20307585|20301149|20246068|20246013
1712711,20424183|20415723|20406349|20370688|20333225|20332419|20307585|20301149|20246068|20246013
1712919,20424183|20415723|20406349|20370688|20333225|20332419|20307585|20301149|20246068|20246013
1712995,20424183|20415723|20406349|20370688|20333225|20332419|20307585|20301149|20246068|20246013
1713190,20424183|20415723|20406349|20370688|20333225|20332419|20307585|20301149|20246068|20246013
1713206,20424183|20415723|20406349|20370688|20333225|20332419|20307585|20301149|20246068|20246013
1713466,4710088424273|4710063421013|4711524000396|4711524000495|20424183|20415723|20406349|20370688|20333225|20332419
1713602,20424183|20415723|20406349|20370688|20333225|20332419|20307585|20301149|20246068|20246013
1713619,4711686006090|4710998000802|4710731060124|4710363382045|4710032601194|4710015103370|4711128668787|4710960892077|4710247005206|4710467221516
1713985,20424183|20415723|20406349|20370688|20333225|20332419|20307585|20301149|20246068|20246013
1714111,20424183|20415723|20406349|20370688|20333225|20332419|20307585|20301149|20246068|20246013
1714241,20424183|20415723|20406349|20370688|20333225|20332419|20307585|20301149|20246068|20246013
1714258,20424183|20415723|20406349|20370688|20333225|20332419|20307585|20301149|20246068|20246013
1714319,4711686006090|4710998000802|4710731060124|4710363382045|4710032601194|4710015103370|4711128668787|4710960892077|4710247005206|4710467221516
1714364,20424183|20415723|20406349|20370688|20333225|20332419|20307585|20301149|20246068|20246013
1714418,20424183|20415723|20406349|20370688|20333225|20332419|20307585|20301149|20246068|20246013
1714432,20424183|20415723|20406349|20370688|20333225|20332419|20307585|20301149|20246068|20246013
1714616,20424183|20415723|20406349|20370688|20333225|20332419|20307585|20301149|20246068|20246013
1714876,20424183|20415723|20406349|20370688|20333225|20332419|20307585|20301149|20246068|20246013
1714883,20424183|20415723|20406349|20370688|20333225|20332419|20307585|20301149|20246068|20246013
1715194,20424183|20415723|20406349|20370688|20333225|20332419|20307585|20301149|20246068|20246013
1715323,4711686006090|4710998000802|4710731060124|4710363382045|4710032601194|4710015103370|4711128668787|4710960892077|4710247005206|4710467221516
1715361,4711686006090|4710998000802|4710731060124|4710363382045|4710032601194|4710015103370|4711128668787|4710960892077|4710247005206|4710467221516
1715484,20424183|20415723|20406349|20370688|20333225|20332419|20307585|20301149|20246068|20246013
1715491,20424183|20415723|20406349|20370688|20333225|20332419|20307585|20301149|20246068|20246013
1715521,4710011406123|4710105045313|20424183|20415723|20406349|20370688|20333225|20332419|20307585|20301149
1715637,20424183|20415723|20406349|20370688|20333225|20332419|20307585|20301149|20246068|20246013
1715644,4711686006090|4710998000802|4710731060124|4710363382045|4710032601194|4710015103370|4711128668787|4710960892077|4710247005206|4710467221516
1715767,20424183|20415723|20406349|20370688|20333225|20332419|20307585|20301149|20246068|20246013
1715880,20424183|20415723|20406349|20370688|20333225|20332419|20307585|20301149|20246068|20246013
1716078,20424183|20415723|20406349|20370688|20333225|20332419|20307585|20301149|20246068|20246013
1716207,20424183|20415723|20406349|20370688|20333225|20332419|20307585|20301149|20246068|20246013
1716214,20424183|20415723|20406349|20370688|20333225|20332419|20307585|20301149|20246068|20246013
1716443,20424183|20415723|20406349|20370688|20333225|20332419|20307585|20301149|20246068|20246013
1716559,20424183|20415723|20406349|20370688|20333225|20332419|20307585|20301149|20246068|20246013
1716580,4711686006090|4710998000802|4710731060124|4710363382045|4710032601194|4710015103370|4711128668787|4710960892077|4710247005206|4710467221516
1716818,20424183|20415723|20406349|20370688|20333225|20332419|20307585|20301149|20246068|20246013
1716849,4710105045450|4710105045443|20424183|20415723|20406349|20370688|20333225|20332419|20307585|20301149
1717020,20424183|20415723|20406349|20370688|20333225|20332419|20307585|20301149|20246068|20246013
1717051,20424183|20415723|20406349|20370688|20333225|20332419|20307585|20301149|20246068|20246013
1717136,20424183|20415723|20406349|20370688|20333225|20332419|20307585|20301149|20246068|20246013
1717228,20424183|20415723|20406349|20370688|20333225|20332419|20307585|20301149|20246068|20246013
1717235,20424183|20415723|20406349|20370688|20333225|20332419|20307585|20301149|20246068|20246013
1717242,20424183|20415723|20406349|20370688|20333225|20332419|20307585|20301149|20246068|20246013
1717266,4711686006090|4710998000802|4710731060124|4710363382045|4710032601194|4710015103370|4711128668787|4710960892077|4710247005206|4710467221516
1717358,20424183|20415723|20406349|20370688|20333225|20332419|20307585|20301149|20246068|20246013
1717587,20424183|20415723|20406349|20370688|20333225|20332419|20307585|20301149|20246068|20246013
1717723,20424183|20415723|20406349|20370688|20333225|20332419|20307585|20301149|20246068|20246013
1717730,20424183|20415723|20406349|20370688|20333225|20332419|20307585|20301149|20246068|20246013
1717891,20424183|20415723|20406349|20370688|20333225|20332419|20307585|20301149|20246068|20246013
1717914,20424183|20415723|20406349|20370688|20333225|20332419|20307585|20301149|20246068|20246013
1717938,20424183|20415723|20406349|20370688|20333225|20332419|20307585|20301149|20246068|20246013
1718454,20424183|20415723|20406349|20370688|20333225|20332419|20307585|20301149|20246068|20246013
1718669,4711686006090|4710998000802|4710731060124|4710363382045|4710032601194|4710015103370|4711128668787|4710960892077|4710247005206|4710467221516
1718706,20424183|20415723|20406349|20370688|20333225|20332419|20307585|20301149|20246068|20246013
1718850,20424183|20415723|20406349|20370688|20333225|20332419|20307585|20301149|20246068|20246013
1719109,20424183|20415723|20406349|20370688|20333225|20332419|20307585|20301149|20246068|20246013
1719451,20424183|20415723|20406349|20370688|20333225|20332419|20307585|20301149|20246068|20246013
1719475,20424183|20415723|20406349|20370688|20333225|20332419|20307585|20301149|20246068|20246013
1719499,4711686006090|4710998000802|4710731060124|4710363382045|4710032601194|4710015103370|4711128668787|4710960892077|4710247005206|4710467221516
1719512,4711686006090|4710998000802|4710731060124|4710363382045|4710032601194|4710015103370|4711128668787|4710960892077|4710247005206|4710467221516
1719543,20424183|20415723|20406349|20370688|20333225|20332419|20307585|20301149|20246068|20246013
1719574,20424183|20415723|20406349|20370688|20333225|20332419|20307585|20301149|20246068|20246013
1719819,20424183|20415723|20406349|20370688|20333225|20332419|20307585|20301149|20246068|20246013
1719871,20424183|20415723|20406349|20370688|20333225|20332419|20307585|20301149|20246068|20246013
1720006,20451042|20415723|20406349|20370688|20333225|20332419|20307585|20301149|20246068|20246013
1720013,20424183|20415723|20406349|20370688|20333225|20332419|20307585|20301149|20246068|20246013
1720051,4711686006090|4710998000802|4710731060124|4710363382045|4710032601194|4710015103370|4711128668787|4710960892077|4710247005206|4710467221516
1720181,4711686006090|4710998000802|4710731060124|4710363382045|4710032601194|4710015103370|4711128668787|4710960892077|4710247005206|4710467221516
1720389,20424183|20415723|20406349|20370688|20333225|20332419|20307585|20301149|20246068|20246013
1720662,20424183|20415723|20406349|20370688|20333225|20332419|20307585|20301149|20246068|20246013
1720822,20424183|20415723|20406349|20370688|20333225|20332419|20307585|20301149|20246068|20246013
1720952,20424183|20415723|20406349|20370688|20333225|20332419|20307585|20301149|20246068|20246013
1721058,20424183|20415723|20406349|20370688|20333225|20332419|20307585|20301149|20246068|20246013
1721096,4711767670103|4712278884263|4711634000965|47100312|4711686006090|4710998000802|4710731060124|4710363382045|4710247005206|4710032601194
1721270,20424183|20415723|20406349|20370688|20333225|20332419|20307585|20301149|20246068|20246013
1721386,20424183|20415723|20406349|20370688|20333225|20332419|20307585|20301149|20246068|20246013
1721393,20424183|20415723|20406349|20370688|20333225|20332419|20307585|20301149|20246068|20246013
1721447,4711686006090|4710998000802|4710731060124|4710363382045|4710032601194|4710015103370|4711128668787|4710960892077|4710247005206|4710467221516
1721515,20424183|20415723|20406349|20370688|20333225|20332419|20307585|20301149|20246068|20246013
1721751,20424183|20415723|20406349|20370688|20333225|20332419|20307585|20301149|20246068|20246013
1721805,20424183|20415723|20406349|20370688|20333225|20332419|20307585|20301149|20246068|20246013
1722130,20424183|20415723|20406349|20370688|20333225|20332419|20307585|20301149|20246068|20246013
1722239,20424183|20415723|20406349|20370688|20333225|20332419|20307585|20301149|20246068|20246013
1722284,20424183|20415723|20406349|20370688|20333225|20332419|20307585|20301149|20246068|20246013
1722451,20424183|20415723|20406349|20370688|20333225|20332419|20307585|20301149|20246068|20246013
1722543,20424183|20415723|20406349|20370688|20333225|20332419|20307585|20301149|20246068|20246013
1722611,4711128668787|4710960892077|4710088414328|4710094097768|4710105015125|20424183|20415723|20406349|20370688|20333225
1722703,20424183|20415723|20406349|20370688|20333225|20332419|20307585|20301149|20246068|20246013
1722765,20424183|20415723|20406349|20370688|20333225|20332419|20307585|20301149|20246068|20246013
1722840,20424183|20415723|20406349|20370688|20333225|20332419|20307585|20301149|20246068|20246013
1723007,4711686006090|4710998000802|4710731060124|4710363382045|4710032601194|4710015103370|4711128668787|4710960892077|4710247005206|4710467221516
1723090,20424183|20415723|20406349|20370688|20333225|20332419|20307585|20301149|20246068|20246013
1723151,20424183|20415723|20406349|20370688|20333225|20332419|20307585|20301149|20246068|20246013
1723328,20424183|20415723|20406349|20370688|20333225|20332419|20307585|20301149|20246068|20246013
1723342,20424183|20415723|20406349|20370688|20333225|20332419|20307585|20301149|20246068|20246013
1723373,20424183|20415723|20406349|20370688|20333225|20332419|20307585|20301149|20246068|20246013
1723649,20424183|20415723|20406349|20370688|20333225|20332419|20307585|20301149|20246068|20246013
1723939,20424183|20415723|20406349|20370688|20333225|20332419|20307585|20301149|20246068|20246013
1723946,20424183|20415723|20406349|20370688|20333225|20332419|20307585|20301149|20246068|20246013
1723984,20424183|20415723|20406349|20370688|20333225|20332419|20307585|20301149|20246068|20246013
1723991,20424183|20415723|20406349|20370688|20333225|20332419|20307585|20301149|20246068|20246013
1724011,20424183|20415723|20406349|20370688|20333225|20332419|20307585|20301149|20246068|20246013
1724080,20424183|20415723|20406349|20370688|20333225|20332419|20307585|20301149|20246068|20246013
1724226,20424183|20415723|20406349|20370688|20333225|20332419|20307585|20301149|20246068|20246013
1724547,20424183|20415723|20406349|20370688|20333225|20332419|20307585|20301149|20246068|20246013
1724752,20424183|20415723|20406349|20370688|20333225|20332419|20307585|20301149|20246068|20246013
1724790,20424183|20415723|20406349|20370688|20333225|20332419|20307585|20301149|20246068|20246013
1724844,4711686006090|4710998000802|4710731060124|4710363382045|4710032601194|4710015103370|4711128668787|4710960892077|4710247005206|4710467221516
1724998,20424183|20415723|20406349|20370688|20333225|20332419|20307585|20301149|20246068|20246013
1725049,20424183|20415723|20406349|20370688|20333225|20332419|20307585|20301149|20246068|20246013
1725261,4711686006090|4710998000802|4710731060124|4710363382045|4710032601194|4710015103370|4711128668787|4710960892077|4710247005206|4710467221516
1725278,20424183|20415723|20406349|20370688|20333225|20332419|20307585|20301149|20246068|20246013
1725292,20424183|20415723|20406349|20370688|20333225|20332419|20307585|20301149|20246068|20246013
1725513,20424183|20415723|20406349|20370688|20333225|20332419|20307585|20301149|20246068|20246013
1725568,20424183|20415723|20406349|20370688|20333225|20332419|20307585|20301149|20246068|20246013
1725599,4711686006090|4710998000802|4710731060124|4710363382045|4710032601194|4710015103370|4711128668787|4710960892077|4710247005206|4710467221516
1725667,20424183|20415723|20406349|20370688|20333225|20332419|20307585|20301149|20246068|20246013
1725728,20424183|20415723|20406349|20370688|20333225|20332419|20307585|20301149|20246068|20246013
1725964,4710085120161|4710998000802|4710731060124|4710530995085|4710363382045|4710314430009|4710247005206|4710032601194|4710015104438|4710015103370
1725988,20424183|20415723|20406349|20370688|20333225|20332419|20307585|20301149|20246068|20246013
1726022,4711686006090|4710998000802|4710731060124|4710363382045|4710032601194|4710015103370|4711128668787|4710960892077|4710247005206|4710467221516
1726251,20424183|20415723|20406349|20370688|20333225|20332419|20307585|20301149|20246068|20246013
1726299,20424183|20415723|20406349|20370688|20333225|20332419|20307585|20301149|20246068|20246013
1726404,20424183|20415723|20406349|20370688|20333225|20332419|20307585|20301149|20246068|20246013
1726480,20424183|20415723|20406349|20370688|20333225|20332419|20307585|20301149|20246068|20246013
1726534,20424183|20415723|20406349|20370688|20333225|20332419|20307585|20301149|20246068|20246013
1726558,20424183|20415723|20406349|20370688|20333225|20332419|20307585|20301149|20246068|20246013
1726794,4711686006090|4710998000802|4710731060124|4710363382045|4710032601194|4710015103370|4711128668787|4710960892077|4710247005206|4710467221516
1726855,20424183|20415723|20406349|20370688|20333225|20332419|20307585|20301149|20246068|20246013
1726909,20424183|20415723|20406349|20370688|20333225|20332419|20307585|20301149|20246068|20246013
1727029,20424183|20415723|20406349|20370688|20333225|20332419|20307585|20301149|20246068|20246013
1727074,4711686006090|4710998000802|4710731060124|4710363382045|4710032601194|4710015103370|4711128668787|4710960892077|4710247005206|4710467221516
1727098,20424183|20415723|20406349|20370688|20333225|20332419|20307585|20301149|20246068|20246013
1727203,20424183|20415723|20406349|20370688|20333225|20332419|20307585|20301149|20246068|20246013
1727241,20424183|20415723|20406349|20370688|20333225|20332419|20307585|20301149|20246068|20246013
1727289,20424183|20415723|20406349|20370688|20333225|20332419|20307585|20301149|20246068|20246013
1727296,20424183|20415723|20406349|20370688|20333225|20332419|20307585|20301149|20246068|20246013
1727418,20424183|20415723|20406349|20370688|20333225|20332419|20307585|20301149|20246068|20246013
1727524,4711686006090|4710998000802|4710731060124|4710363382045|4710032601194|4710015103370|4711128668787|4710960892077|4710247005206|4710467221516
1727548,4711686006090|4710998000802|4710731060124|4710363382045|4710032601194|4710015103370|4711128668787|4710960892077|4710247005206|4710467221516
1727586,20424183|20415723|20406349|20370688|20333225|20332419|20307585|20301149|20246068|20246013
1727623,4710176011194|4710543310059|20424183|20415723|20406349|20370688|20333225|20332419|20307585|20301149
1727647,4711686006090|4710998000802|4710731060124|4710363382045|4710032601194|4710015103370|4711128668787|4710960892077|4710247005206|4710467221516
1727760,20424183|20415723|20406349|20370688|20333225|20332419|20307585|20301149|20246068|20246013
1727883,20424183|20415723|20406349|20370688|20333225|20332419|20307585|20301149|20246068|20246013
1727975,20424183|20415723|20406349|20370688|20333225|20332419|20307585|20301149|20246068|20246013
1728026,4711686006090|4710998000802|4710731060124|4710363382045|4710032601194|4710015103370|4711128668787|4710960892077|4710247005206|4710467221516
1728118,20424183|20415723|20406349|20370688|20333225|20332419|20307585|20301149|20246068|20246013
1728187,4711686006090|4710998000802|4710731060124|4710363382045|4710032601194|4710015103370|4711128668787|4710960892077|4710247005206|4710467221516
1728231,4719860716223|4714050000038|4710110000581|4711437000063|4710209701139|4710114105046|4710105010724|4710094012686|4710515533028|4710247001765
1728309,20451042|20424183|20415723|20370688|20333225|20332419|20307585|20301149|20246068|20246013
1728392,4711686006090|4710998000802|4710731060124|4710363382045|4710032601194|4710015103370|4711128668787|4710960892077|4710247005206|4710467221516
1728460,20424183|20415723|20406349|20370688|20333225|20332419|20307585|20301149|20246068|20246013
1728545,20424183|20415723|20406349|20370688|20333225|20332419|20307585|20301149|20246068|20246013
1728781,20424183|20415723|20406349|20370688|20333225|20332419|20307585|20301149|20246068|20246013
1728927,4711686006090|4710998000802|4710731060124|4710363382045|4710032601194|4710015103370|4711128668787|4710960892077|4710247005206|4710467221516
1728996,20424183|20415723|20406349|20370688|20333225|20332419|20307585|20301149|20246068|20246013
1729030,20424183|20415723|20406349|20370688|20333225|20332419|20307585|20301149|20246068|20246013
1729047,20424183|20415723|20406349|20370688|20333225|20332419|20307585|20301149|20246068|20246013
1729085,20424183|20415723|20406349|20370688|20333225|20332419|20307585|20301149|20246068|20246013
1729214,8999118015100|4710126152007|4710095958006|4718057701769|4710866000507|4710085120697|4710085120680|20424183|20415723|20406349
1729245,20424183|20415723|20406349|20370688|20333225|20332419|20307585|20301149|20246068|20246013
1729306,20451042|20424183|20415723|20406349|20370688|20333225|20332419|20301149|20246068|20246013
1729344,20424183|20415723|20406349|20370688|20333225|20332419|20307585|20301149|20246068|20246013
1729351,20424183|20415723|20406349|20370688|20333225|20332419|20307585|20301149|20246068|20246013
1729924,20424183|20415723|20406349|20370688|20333225|20332419|20307585|20301149|20246068|20246013
1729955,20424183|20415723|20406349|20370688|20333225|20332419|20307585|20301149|20246068|20246013
1730005,20424183|20415723|20406349|20370688|20333225|20332419|20307585|20301149|20246068|20246013
1730012,20424183|20415723|20406349|20370688|20333225|20332419|20307585|20301149|20246068|20246013
1730036,4711686006090|4710998000802|4710731060124|4710363382045|4710032601194|4710015103370|4711128668787|4710960892077|4710247005206|4710467221516
1730128,4711686006090|4710998000802|4710731060124|4710363382045|4710032601194|4710015103370|4711128668787|4710960892077|4710247005206|4710467221516
1730333,20424183|20415723|20406349|20370688|20333225|20332419|20307585|20301149|20246068|20246013
1730616,20424183|20415723|20406349|20370688|20333225|20332419|20307585|20301149|20246068|20246013
1730623,20424183|20415723|20406349|20370688|20333225|20332419|20307585|20301149|20246068|20246013
1730722,4711686006090|4710998000802|4710731060124|4710363382045|4710032601194|4710015103370|4711128668787|4710960892077|4710247005206|4710467221516
1730913,20424183|20415723|20406349|20370688|20333225|20332419|20307585|20301149|20246068|20246013
1731194,20424183|20415723|20406349|20370688|20333225|20332419|20307585|20301149|20246068|20246013
1731248,20424183|20415723|20406349|20370688|20333225|20332419|20307585|20301149|20246068|20246013
1731316,20424183|20415723|20406349|20370688|20333225|20332419|20307585|20301149|20246068|20246013
1731415,20424183|20415723|20406349|20370688|20333225|20332419|20307585|20301149|20246068|20246013
1731422,4711686006090|4710998000802|4710731060124|4710363382045|4710032601194|4710015103370|4711128668787|4710960892077|4710247005206|4710467221516
1731569,20424183|20415723|20406349|20370688|20333225|20332419|20307585|20301149|20246068|20246013
1731590,20424183|20415723|20406349|20370688|20333225|20332419|20307585|20301149|20246068|20246013
1731781,20424183|20415723|20406349|20370688|20333225|20332419|20307585|20301149|20246068|20246013
1731880,4711686006090|4710998000802|4710731060124|4710363382045|4710032601194|4710015103370|4711128668787|4710960892077|4710247005206|4710467221516
1732344,20424183|20415723|20406349|20370688|20333225|20332419|20307585|20301149|20246068|20246013
1732696,4711686006090|4710998000802|4710731060124|4710363382045|4710032601194|4710015103370|4711128668787|4710960892077|4710247005206|4710467221516
1732917,20424183|20415723|20406349|20370688|20333225|20332419|20307585|20301149|20246068|20246013
1733082,4711258001508|4710088414328|20451042|20424183|20406349|20370688|20333225|20332419|20307585|20301149
1733204,4712278884263|4711634000965|47100312|4711686006090|4710998000802|4710731060124|4710363382045|4710247005206|4710032601194|4710015103370
1733228,20424183|20415723|20406349|20370688|20333225|20332419|20307585|20301149|20246068|20246013
1733242,20424183|20415723|20406349|20370688|20333225|20332419|20307585|20301149|20246068|20246013
1733280,4711686006090|4710998000802|4710731060124|4710363382045|4710032601194|4710015103370|4711128668787|4710960892077|4710247005206|4710467221516
1733297,4711686006090|4710998000802|4710731060124|4710363382045|4710032601194|4710015103370|4711128668787|4710960892077|4710247005206|4710467221516
1733426,20424183|20415723|20406349|20370688|20333225|20332419|20307585|20301149|20246068|20246013
1733600,4711686006090|4710998000802|4710731060124|4710363382045|4710032601194|4710015103370|4711128668787|4710960892077|4710247005206|4710467221516
1733617,20424183|20415723|20406349|20370688|20333225|20332419|20307585|20301149|20246068|20246013
1733624,20424183|20415723|20406349|20370688|20333225|20332419|20307585|20301149|20246068|20246013
1733716,20424183|20415723|20406349|20370688|20333225|20332419|20307585|20301149|20246068|20246013
1733778,4711686006090|4710998000802|4710731060124|4710363382045|4710032601194|4710015103370|4711128668787|4710960892077|4710247005206|4710467221516
1733884,20424183|20415723|20406349|20370688|20333225|20332419|20307585|20301149|20246068|20246013
1733938,20424183|20415723|20406349|20370688|20333225|20332419|20307585|20301149|20246068|20246013
1733945,4711686006090|4710998000802|4710731060124|4710363382045|4710032601194|4710015103370|4711128668787|4710960892077|4710247005206|4710467221516
1733952,4711686006090|4710998000802|4710731060124|4710363382045|4710032601194|4710015103370|4711128668787|4710960892077|4710247005206|4710467221516
1734126,20424183|20415723|20406349|20370688|20333225|20332419|20307585|20301149|20246068|20246013
1734362,4711686006090|4710998000802|4710731060124|4710363382045|4710032601194|4710015103370|4711128668787|4710960892077|4710247005206|4710467221516
1734522,4711686006090|4710998000802|4710731060124|4710363382045|4710032601194|4710015103370|4711128668787|4710960892077|4710247005206|4710467221516
1734539,20451042|20424183|20415723|20406349|20370688|20333225|20332419|20301149|20246068|20246013
1734652,20424183|20415723|20406349|20370688|20333225|20332419|20307585|20301149|20246068|20246013
1734836,20424183|20415723|20406349|20370688|20333225|20332419|20307585|20301149|20246068|20246013
1734874,4711686006090|4710998000802|4710731060124|4710363382045|4710032601194|4710015103370|4711128668787|4710960892077|4710247005206|4710467221516
1734881,20424183|20415723|20406349|20370688|20333225|20332419|20307585|20301149|20246068|20246013
1734966,20424183|20415723|20406349|20370688|20333225|20332419|20307585|20301149|20246068|20246013
1734980,4711686006090|4710998000802|4710731060124|4710363382045|4710032601194|4710015103370|4711128668787|4710960892077|4710247005206|4710467221516
1735031,20424183|20415723|20406349|20370688|20333225|20332419|20307585|20301149|20246068|20246013
1735109,20424183|20415723|20406349|20370688|20333225|20332419|20307585|20301149|20246068|20246013
1735253,4711686006090|4710998000802|4710731060124|4710363382045|4710032601194|4710015103370|4711128668787|4710960892077|4710247005206|4710467221516
1735284,4711686006090|4710998000802|4710731060124|4710363382045|4710032601194|4710015103370|4711128668787|4710960892077|4710247005206|4710467221516
1735314,20424183|20415723|20406349|20370688|20333225|20332419|20307585|20301149|20246068|20246013
1735406,20424183|20415723|20406349|20370688|20333225|20332419|20307585|20301149|20246068|20246013
1735475,20424183|20415723|20406349|20370688|20333225|20332419|20307585|20301149|20246068|20246013
1735635,20424183|20415723|20406349|20370688|20333225|20332419|20307585|20301149|20246068|20246013
1735727,20424183|20415723|20406349|20370688|20333225|20332419|20307585|20301149|20246068|20246013
1735789,20424183|20415723|20406349|20370688|20333225|20332419|20307585|20301149|20246068|20246013
1735819,20424183|20415723|20406349|20370688|20333225|20332419|20307585|20301149|20246068|20246013
1735840,20424183|20415723|20406349|20370688|20333225|20332419|20307585|20301149|20246068|20246013
1735925,20424183|20415723|20406349|20370688|20333225|20332419|20307585|20301149|20246068|20246013
1736021,20424183|20415723|20406349|20370688|20333225|20332419|20307585|20301149|20246068|20246013
1736052,20424183|20415723|20406349|20370688|20333225|20332419|20307585|20301149|20246068|20246013
1736144,20424183|20415723|20406349|20370688|20333225|20332419|20307585|20301149|20246068|20246013
1736229,20451042|20424183|20415723|20406349|20370688|20333225|20332419|20307585|20301149|20246068
1736274,20424183|20415723|20406349|20370688|20333225|20332419|20307585|20301149|20246068|20246013
1736298,20424183|20415723|20406349|20370688|20333225|20332419|20307585|20301149|20246068|20246013
1736861,20424183|20415723|20406349|20370688|20333225|20332419|20307585|20301149|20246068|20246013
1736892,20424183|20415723|20406349|20370688|20333225|20332419|20307585|20301149|20246068|20246013
1737417,4711686006090|4710998000802|4710731060124|4710363382045|4710032601194|4710015103370|4711128668787|4710960892077|4710247005206|4710467221516
1737769,4719111313102|4714082210610|4711703330122|4710233101035|4710191020003|4710452110115|4710290004096|4711985100024|4710583996008|4710063312120
1737783,20424183|20415723|20406349|20370688|20333225|20332419|20307585|20301149|20246068|20246013
1737981,4711686006090|4710998000802|4710731060124|4710363382045|4710032601194|4710015103370|4711128668787|4710960892077|4710247005206|4710467221516
1738544,4711686006090|4710998000802|4710731060124|4710363382045|4710032601194|4710015103370|4711128668787|4710960892077|4710247005206|4710467221516
1738667,20424183|20415723|20406349|20370688|20333225|20332419|20307585|20301149|20246068|20246013
1738698,20424183|20415723|20406349|20370688|20333225|20332419|20307585|20301149|20246068|20246013
1738759,20424183|20415723|20406349|20370688|20333225|20332419|20307585|20301149|20246068|20246013
1738858,20424183|20415723|20406349|20370688|20333225|20332419|20307585|20301149|20246068|20246013
1738926,20424183|20415723|20406349|20370688|20333225|20332419|20307585|20301149|20246068|20246013
1739015,20424183|20415723|20406349|20370688|20333225|20332419|20307585|20301149|20246068|20246013
1739121,20424183|20415723|20406349|20370688|20333225|20332419|20307585|20301149|20246068|20246013
1739343,20424183|20415723|20406349|20370688|20333225|20332419|20307585|20301149|20246068|20246013
1739350,20424183|20415723|20406349|20370688|20333225|20332419|20307585|20301149|20246068|20246013
1739374,20424183|20415723|20406349|20370688|20333225|20332419|20307585|20301149|20246068|20246013
1739619,4711686006090|4710998000802|4710731060124|4710363382045|4710032601194|4710015103370|4711128668787|4710960892077|4710247005206|4710467221516
1739688,4711686006090|4710998000802|4710731060124|4710363382045|4710032601194|4710015103370|4711128668787|4710960892077|4710247005206|4710467221516
1739725,20424183|20415723|20406349|20370688|20333225|20332419|20307585|20301149|20246068|20246013
1740028,20424183|20415723|20406349|20370688|20333225|20332419|20307585|20301149|20246068|20246013
1740059,4711686006090|4710998000802|4710731060124|4710363382045|4710032601194|4710015103370|4711128668787|4710960892077|4710247005206|4710467221516
1740141,20424183|20415723|20406349|20370688|20333225|20332419|20307585|20301149|20246068|20246013
1740219,20424183|20415723|20406349|20370688|20333225|20332419|20307585|20301149|20246068|20246013
1740530,20424183|20415723|20406349|20370688|20333225|20332419|20307585|20301149|20246068|20246013
1740592,20424183|20415723|20406349|20370688|20333225|20332419|20307585|20301149|20246068|20246013
1740677,20424183|20415723|20406349|20370688|20333225|20332419|20307585|20301149|20246068|20246013
1740813,20424183|20415723|20406349|20370688|20333225|20332419|20307585|20301149|20246068|20246013
1740875,20424183|20415723|20406349|20370688|20333225|20332419|20307585|20301149|20246068|20246013
1740882,20424183|20415723|20406349|20370688|20333225|20332419|20307585|20301149|20246068|20246013
1741018,20424183|20415723|20406349|20370688|20333225|20332419|20307585|20301149|20246068|20246013
1741148,4712934010074|4710176016045|4710088430922|4711524001041|4710549000664|4710290007011|4710022102892|719859796117|40000015314|4710088432476
1741162,20424183|20415723|20406349|20370688|20333225|20332419|20307585|20301149|20246068|20246013
1741292,20424183|20415723|20406349|20370688|20333225|20332419|20307585|20301149|20246068|20246013
1741384,20424183|20415723|20406349|20370688|20333225|20332419|20307585|20301149|20246068|20246013
1741469,20424183|20415723|20406349|20370688|20333225|20332419|20307585|20301149|20246068|20246013
1741599,20424183|20415723|20406349|20370688|20333225|20332419|20307585|20301149|20246068|20246013
1741773,4711713290065|4710140601512|4711369000025|4710626055310|4710189600101|4710543214012|4714981010038|20424183|20415723|20406349
1741780,20424183|20415723|20406349|20370688|20333225|20332419|20307585|20301149|20246068|20246013
1741797,4712278884263|4711634000965|47100312|4711686006090|4710998000802|4710731060124|4710363382045|4710247005206|4710032601194|4710015103370
1741810,20424183|20415723|20406349|20370688|20333225|20332419|20307585|20301149|20246068|20246013
1741858,20424183|20415723|20406349|20370688|20333225|20332419|20307585|20301149|20246068|20246013
1741872,20424183|20415723|20406349|20370688|20333225|20332419|20307585|20301149|20246068|20246013
1742015,20424183|20415723|20406349|20370688|20333225|20332419|20307585|20301149|20246068|20246013
1742053,4711686006090|4710998000802|4710731060124|4710363382045|4710032601194|4710015103370|4711128668787|4710960892077|4710247005206|4710467221516
1742145,20424183|20415723|20406349|20370688|20333225|20332419|20307585|20301149|20246068|20246013
1742312,20424183|20415723|20406349|20370688|20333225|20332419|20307585|20301149|20246068|20246013
1742510,4711686006090|4710998000802|4710731060124|4710363382045|4710032601194|4710015103370|4711128668787|4710960892077|4710247005206|4710467221516
1742572,20424183|20415723|20406349|20370688|20333225|20332419|20307585|20301149|20246068|20246013
1742596,20424183|20415723|20406349|20370688|20333225|20332419|20307585|20301149|20246068|20246013
1742633,20424183|20415723|20406349|20370688|20333225|20332419|20307585|20301149|20246068|20246013
1742787,20424183|20415723|20406349|20370688|20333225|20332419|20307585|20301149|20246068|20246013
1742855,4710626521716|4712494215773|4710105020310|4717097101027|4710105026411|4014400901573|4714381003128|4710857472634|20424183|20415723
1742916,4712278884263|4711634000965|47100312|4711686006090|4710998000802|4710731060124|4710363382045|4710247005206|4710032601194|4710015103370
1743166,20424183|20415723|20406349|20370688|20333225|20332419|20307585|20301149|20246068|20246013
1743937,20424183|20415723|20406349|20370688|20333225|20332419|20307585|20301149|20246068|20246013
1744606,4711686006090|4710998000802|4710731060124|4710363382045|4710032601194|4710015103370|4711128668787|4710960892077|4710247005206|4710467221516
1745214,4711686006090|4710998000802|4710731060124|4710363382045|4710032601194|4710015103370|4711128668787|4710960892077|4710247005206|4710467221516
1745238,20424183|20415723|20406349|20370688|20333225|20332419|20307585|20301149|20246068|20246013
1745498,20424183|20415723|20406349|20370688|20333225|20332419|20307585|20301149|20246068|20246013
1745566,20424183|20415723|20406349|20370688|20333225|20332419|20307585|20301149|20246068|20246013
1745696,20424183|20415723|20406349|20370688|20333225|20332419|20307585|20301149|20246068|20246013
1745832,20424183|20415723|20406349|20370688|20333225|20332419|20307585|20301149|20246068|20246013
1746044,20424183|20415723|20406349|20370688|20333225|20332419|20307585|20301149|20246068|20246013
1746075,20424183|20415723|20406349|20370688|20333225|20332419|20307585|20301149|20246068|20246013
1746235,4714050000038|4710110000581|4711437000063|4710209701139|4712278884263|4711634000965|4714058833126|4710998000802|4710731060124|4710363382045
1746266,4711686006090|4710998000802|4710731060124|4710363382045|4710032601194|4710015103370|4711128668787|4710960892077|4710247005206|4710467221516
1746501,4711686006090|4710998000802|4710731060124|4710363382045|4710032601194|4710015103370|4711128668787|4710960892077|4710247005206|4710467221516
1746846,20424183|20415723|20406349|20370688|20333225|20332419|20307585|20301149|20246068|20246013
1746853,20424183|20415723|20406349|20370688|20333225|20332419|20307585|20301149|20246068|20246013
1746884,20424183|20415723|20406349|20370688|20333225|20332419|20307585|20301149|20246068|20246013
1747027,20424183|20415723|20406349|20370688|20333225|20332419|20307585|20301149|20246068|20246013
1747232,20424183|20415723|20406349|20370688|20333225|20332419|20307585|20301149|20246068|20246013
1747249,20424183|20415723|20406349|20370688|20333225|20332419|20307585|20301149|20246068|20246013
1747256,20424183|20415723|20406349|20370688|20333225|20332419|20307585|20301149|20246068|20246013
1747270,20424183|20415723|20406349|20370688|20333225|20332419|20307585|20301149|20246068|20246013
1747300,20424183|20415723|20406349|20370688|20333225|20332419|20307585|20301149|20246068|20246013
1747324,20424183|20415723|20406349|20370688|20333225|20332419|20307585|20301149|20246068|20246013
1747355,20424183|20415723|20406349|20370688|20333225|20332419|20307585|20301149|20246068|20246013
1747416,20424183|20415723|20406349|20370688|20333225|20332419|20307585|20301149|20246068|20246013
1747560,20424183|20415723|20406349|20370688|20333225|20332419|20307585|20301149|20246068|20246013
1747591,20424183|20415723|20406349|20370688|20333225|20332419|20307585|20301149|20246068|20246013
1747645,20424183|20415723|20406349|20370688|20333225|20332419|20307585|20301149|20246068|20246013
1747751,20424183|20415723|20406349|20370688|20333225|20332419|20307585|20301149|20246068|20246013
1747980,20424183|20415723|20406349|20370688|20333225|20332419|20307585|20301149|20246068|20246013
1748178,20424183|20415723|20406349|20370688|20333225|20332419|20307585|20301149|20246068|20246013
1748338,20424183|20415723|20406349|20370688|20333225|20332419|20307585|20301149|20246068|20246013
1748536,4719859015078|4719859015061|20307585|20424183|20415723|20406349|20370688|20333225|20332419|20301149
1748598,4711686006090|4710998000802|4710731060124|4710363382045|4710032601194|4710015103370|4711128668787|4710960892077|4710247005206|4710467221516
1748635,20424183|20415723|20406349|20370688|20333225|20332419|20307585|20301149|20246068|20246013
1748826,20424183|20415723|20406349|20370688|20333225|20332419|20307585|20301149|20246068|20246013
1748901,20424183|20415723|20406349|20370688|20333225|20332419|20307585|20301149|20246068|20246013
1748925,20424183|20415723|20406349|20370688|20333225|20332419|20307585|20301149|20246068|20246013
1749021,20424183|20415723|20406349|20370688|20333225|20332419|20307585|20301149|20246068|20246013
1749076,20424183|20415723|20406349|20370688|20333225|20332419|20307585|20301149|20246068|20246013
1749137,4711686006090|4710998000802|4710731060124|4710363382045|4710247005206|4710032601194|4710015103370|4714681951181|4710290003082|4710088410382
1749182,20451042|20424183|20415723|20406349|20370688|20333225|20332419|20301149|20246068|20246013
1749298,20424183|20415723|20406349|20370688|20333225|20332419|20307585|20301149|20246068|20246013
1749311,20424183|20415723|20406349|20370688|20333225|20332419|20307585|20301149|20246068|20246013
1749328,20424183|20415723|20406349|20370688|20333225|20332419|20307585|20301149|20246068|20246013
1749533,20424183|20415723|20406349|20370688|20333225|20332419|20307585|20301149|20246068|20246013
1749618,4711686006090|4710998000802|4710731060124|4710363382045|4710032601194|4710015103370|4711128668787|4710960892077|4710247005206|4710467221516
1749656,20424183|20415723|20406349|20370688|20333225|20332419|20307585|20301149|20246068|20246013
1749694,4711686006090|4710998000802|4710731060124|4710363382045|4710032601194|4710015103370|4711128668787|4710960892077|4710247005206|4710467221516
1749724,20424183|20415723|20406349|20370688|20333225|20332419|20307585|20301149|20246068|20246013
1749755,20424183|20415723|20406349|20370688|20333225|20332419|20307585|20301149|20246068|20246013
1749861,20424183|20415723|20406349|20370688|20333225|20332419|20307585|20301149|20246068|20246013
1749885,20424183|20415723|20406349|20370688|20333225|20332419|20307585|20301149|20246068|20246013
1749892,20424183|20415723|20406349|20370688|20333225|20332419|20307585|20301149|20246068|20246013
1749939,4711686006090|4710998000802|4710731060124|4710363382045|4710032601194|4710015103370|4711128668787|4710960892077|4710247005206|4710467221516
1750256,20424183|20415723|20406349|20370688|20333225|20332419|20307585|20301149|20246068|20246013
1750270,20514235|20451042|20424183|20415723|20406349|20370688|20333225|20332419|20301149|20246013
1750348,20424183|20415723|20406349|20370688|20333225|20332419|20307585|20301149|20246068|20246013
1750379,20424183|20415723|20406349|20370688|20333225|20332419|20307585|20301149|20246068|20246013
1750416,20424183|20415723|20406349|20370688|20333225|20332419|20307585|20301149|20246068|20246013
1750430,20424183|20415723|20406349|20370688|20333225|20332419|20307585|20301149|20246068|20246013
1750492,20424183|20415723|20406349|20370688|20333225|20332419|20307585|20301149|20246068|20246013
1750614,20424183|20415723|20406349|20370688|20333225|20332419|20307585|20301149|20246068|20246013
1750638,4711686006090|4710998000802|4710731060124|4710363382045|4710032601194|4710015103370|4711128668787|4710960892077|4710247005206|4710467221516
1750676,20424183|20415723|20406349|20370688|20333225|20332419|20307585|20301149|20246068|20246013
1750713,20424183|20415723|20406349|20370688|20333225|20332419|20307585|20301149|20246068|20246013
1750737,20424183|20415723|20406349|20370688|20333225|20332419|20307585|20301149|20246068|20246013
1750942,20424183|20415723|20406349|20370688|20333225|20332419|20307585|20301149|20246068|20246013
1750966,4712494215773|4710105020327|4717097101027|4710144101452|4711634002587|4014400901573|4711080010112|20424183|20415723|20406349
1751000,20424183|20415723|20406349|20370688|20333225|20332419|20307585|20301149|20246068|20246013
1751017,20424183|20415723|20406349|20370688|20333225|20332419|20307585|20301149|20246068|20246013
1751055,4711686006090|4710998000802|4710731060124|4710363382045|4710032601194|4710015103370|4711128668787|4710960892077|4710247005206|4710467221516
1751253,20424183|20415723|20406349|20370688|20333225|20332419|20307585|20301149|20246068|20246013
1751604,20424183|20415723|20406349|20370688|20333225|20332419|20307585|20301149|20246068|20246013
1751673,4711686006090|4710998000802|4710731060124|4710363382045|4710032601194|4710015103370|4711128668787|4710960892077|4710247005206|4710467221516
1751734,20424183|20415723|20406349|20370688|20333225|20332419|20307585|20301149|20246068|20246013
1751864,20424183|20415723|20406349|20370688|20333225|20332419|20307585|20301149|20246068|20246013
1751949,20424183|20415723|20406349|20370688|20333225|20332419|20307585|20301149|20246068|20246013
1752069,20424183|20415723|20406349|20370688|20333225|20332419|20307585|20301149|20246068|20246013
1752076,4711686006090|4710998000802|4710731060124|4710363382045|4710032601194|4710015103370|4711128668787|4710960892077|4710247005206|4710467221516
1752106,20424183|20415723|20406349|20370688|20333225|20332419|20307585|20301149|20246068|20246013
1752175,20424183|20415723|20406349|20370688|20333225|20332419|20307585|20301149|20246068|20246013
1752199,20424183|20415723|20406349|20370688|20333225|20332419|20307585|20301149|20246068|20246013
1752250,20424183|20415723|20406349|20370688|20333225|20332419|20307585|20301149|20246068|20246013
1752274,20424183|20415723|20406349|20370688|20333225|20332419|20307585|20301149|20246068|20246013
1752397,4711686006090|4710998000802|4710731060124|4710363382045|4710032601194|4710015103370|4711128668787|4710960892077|4710247005206|4710467221516
1752472,4711686006090|4710998000802|4710731060124|4710363382045|4710032601194|4710015103370|4711128668787|4710960892077|4710247005206|4710467221516
1752625,20424183|20415723|20406349|20370688|20333225|20332419|20307585|20301149|20246068|20246013
1752670,20424183|20415723|20406349|20370688|20333225|20332419|20307585|20301149|20246068|20246013
1752878,20424183|20415723|20406349|20370688|20333225|20332419|20307585|20301149|20246068|20246013
1752939,20424183|20415723|20406349|20370688|20333225|20332419|20307585|20301149|20246068|20246013
1752960,20424183|20415723|20406349|20370688|20333225|20332419|20307585|20301149|20246068|20246013
1753042,20424183|20415723|20406349|20370688|20333225|20332419|20307585|20301149|20246068|20246013
1753202,20424183|20415723|20406349|20370688|20333225|20332419|20307585|20301149|20246068|20246013
1753240,20424183|20415723|20406349|20370688|20333225|20332419|20307585|20301149|20246068|20246013
1753271,20424183|20415723|20406349|20370688|20333225|20332419|20307585|20301149|20246068|20246013
1753394,20424183|20415723|20406349|20370688|20333225|20332419|20307585|20301149|20246068|20246013
1753714,20424183|20415723|20406349|20370688|20333225|20332419|20307585|20301149|20246068|20246013
1753813,20424183|20415723|20406349|20370688|20333225|20332419|20307585|20301149|20246068|20246013
1753967,20424183|20415723|20406349|20370688|20333225|20332419|20307585|20301149|20246068|20246013
1753981,20424183|20415723|20406349|20370688|20333225|20332419|20307585|20301149|20246068|20246013
1754100,20424183|20415723|20406349|20370688|20333225|20332419|20307585|20301149|20246068|20246013
1754148,20424183|20415723|20406349|20370688|20333225|20332419|20307585|20301149|20246068|20246013
1754407,20424183|20415723|20406349|20370688|20333225|20332419|20307585|20301149|20246068|20246013
1754438,20424183|20415723|20406349|20370688|20333225|20332419|20307585|20301149|20246068|20246013
1754476,20451042|20424183|20415723|20406349|20370688|20333225|20332419|20301149|20246068|20246013
1754575,20424183|20415723|20406349|20370688|20333225|20332419|20307585|20301149|20246068|20246013
1754599,20424183|20415723|20406349|20370688|20333225|20332419|20307585|20301149|20246068|20246013
1754605,4711686006090|4710998000802|4710731060124|4710363382045|4710032601194|4710015103370|4711128668787|4710960892077|4710247005206|4710467221516
1754612,20424183|20415723|20406349|20370688|20333225|20332419|20307585|20301149|20246068|20246013
1754643,20424183|20415723|20406349|20370688|20333225|20332419|20307585|20301149|20246068|20246013
1754766,4711686006090|4710998000802|4710731060124|4710363382045|4710032601194|4710015103370|4711128668787|4710960892077|4710247005206|4710467221516
1754780,4711686006090|4710998000802|4710731060124|4710363382045|4710032601194|4710015103370|4711128668787|4710960892077|4710247005206|4710467221516
1754803,20424183|20415723|20406349|20370688|20333225|20332419|20307585|20301149|20246068|20246013
1754933,20424183|20415723|20406349|20370688|20333225|20332419|20307585|20301149|20246068|20246013
1755039,4717101101265|4714276113888|4710105051628|4710871000356|4710583920003|20246013|4711039232190|4710043131703|4710011405133|20246068
1755060,20424183|20415723|20406349|20370688|20333225|20332419|20307585|20301149|20246068|20246013
1755152,20424183|20415723|20406349|20370688|20333225|20332419|20307585|20301149|20246068|20246013
1755275,20424183|20415723|20406349|20370688|20333225|20332419|20307585|20301149|20246068|20246013
1755343,20424183|20415723|20406349|20370688|20333225|20332419|20307585|20301149|20246068|20246013
1755350,20424183|20415723|20406349|20370688|20333225|20332419|20307585|20301149|20246068|20246013
1755435,20424183|20415723|20406349|20370688|20333225|20332419|20307585|20301149|20246068|20246013
1755459,20424183|20415723|20406349|20370688|20333225|20332419|20307585|20301149|20246068|20246013
1755565,20424183|20415723|20406349|20370688|20333225|20332419|20307585|20301149|20246068|20246013
1755596,20424183|20415723|20406349|20370688|20333225|20332419|20307585|20301149|20246068|20246013
1756012,20424183|20415723|20406349|20370688|20333225|20332419|20307585|20301149|20246068|20246013
1756043,20424183|20415723|20406349|20370688|20333225|20332419|20307585|20301149|20246068|20246013
1756104,20424183|20415723|20406349|20370688|20333225|20332419|20307585|20301149|20246068|20246013
1756159,20424183|20415723|20406349|20370688|20333225|20332419|20307585|20301149|20246068|20246013
1756234,20424183|20415723|20406349|20370688|20333225|20332419|20307585|20301149|20246068|20246013
1756319,4711686006090|4710998000802|4710731060124|4710363382045|4710032601194|4710015103370|4711128668787|4710960892077|4710247005206|4710467221516
1756357,20424183|20415723|20406349|20370688|20333225|20332419|20307585|20301149|20246068|20246013
1756661,4711686006090|4710998000802|4710731060124|4710363382045|4710032601194|4710015103370|4711128668787|4710960892077|4710247005206|4710467221516
1756807,20424183|20415723|20406349|20370688|20333225|20332419|20307585|20301149|20246068|20246013
1756814,20424183|20415723|20406349|20370688|20333225|20332419|20307585|20301149|20246068|20246013
1756869,20424183|20415723|20406349|20370688|20333225|20332419|20307585|20301149|20246068|20246013
1756913,4711686006090|4710998000802|4710731060124|4710363382045|4710032601194|4710015103370|4711128668787|4710960892077|4710247005206|4710467221516
1756968,20424183|20415723|20406349|20370688|20333225|20332419|20307585|20301149|20246068|20246013
1757415,4711686006090|4710998000802|4710731060124|4710363382045|4710032601194|4710015103370|4711128668787|4710960892077|4710247005206|4710467221516
1757644,20424183|20415723|20406349|20370688|20333225|20332419|20307585|20301149|20246068|20246013
1757774,20424183|20415723|20406349|20370688|20333225|20332419|20307585|20301149|20246068|20246013
1757811,20424183|20415723|20406349|20370688|20333225|20332419|20307585|20301149|20246068|20246013
1757880,20424183|20415723|20406349|20370688|20333225|20332419|20307585|20301149|20246068|20246013
1758030,4711022100031|4710057830012|51000024237|20557003|8801047271024|4710043981513|4710176023098|4710583910004|4710247006562|47106710
1758207,20424183|20415723|20406349|20370688|20333225|20332419|20307585|20301149|20246068|20246013
1758252,20424183|20415723|20406349|20370688|20333225|20332419|20307585|20301149|20246068|20246013
1758276,20424183|20415723|20406349|20370688|20333225|20332419|20307585|20301149|20246068|20246013
1758320,4710498990085|4710364144307|4710290004065|4710084119562|4710008290155|4712425010712|20424183|20415723|20406349|20370688
1758634,20424183|20415723|20406349|20370688|20333225|20332419|20307585|20301149|20246068|20246013
1758870,20424183|20415723|20406349|20370688|20333225|20332419|20307585|20301149|20246068|20246013
1758948,20424183|20415723|20406349|20370688|20333225|20332419|20307585|20301149|20246068|20246013
1759082,4711686006090|4710998000802|4710731060124|4710363382045|4710032601194|4710015103370|4711128668787|4710960892077|4710247005206|4710467221516
1759143,20424183|20415723|20406349|20370688|20333225|20332419|20307585|20301149|20246068|20246013
1759235,20424183|20415723|20406349|20370688|20333225|20332419|20307585|20301149|20246068|20246013
1759334,4711686006090|4710998000802|4710731060124|4710363382045|4710032601194|4710015103370|4711128668787|4710960892077|4710247005206|4710467221516
1759372,20424183|20415723|20406349|20370688|20333225|20332419|20307585|20301149|20246068|20246013
1759426,20424183|20415723|20406349|20370688|20333225|20332419|20307585|20301149|20246068|20246013
1759440,20424183|20415723|20406349|20370688|20333225|20332419|20307585|20301149|20246068|20246013
1759464,20424183|20415723|20406349|20370688|20333225|20332419|20307585|20301149|20246068|20246013
1759747,20424183|20415723|20406349|20370688|20333225|20332419|20307585|20301149|20246068|20246013
1760118,4711686006090|4710998000802|4710731060124|4710363382045|4710032601194|4710015103370|4711128668787|4710960892077|4710247005206|4710467221516
1760293,20424183|20415723|20406349|20370688|20333225|20332419|20307585|20301149|20246068|20246013
1760316,20424183|20415723|20406349|20370688|20333225|20332419|20307585|20301149|20246068|20246013
1760514,20424183|20415723|20406349|20370688|20333225|20332419|20307585|20301149|20246068|20246013
1760613,20424183|20415723|20406349|20370688|20333225|20332419|20307585|20301149|20246068|20246013
1760668,4711686006090|4710998000802|4710731060124|4710363382045|4710032601194|4710015103370|4711128668787|4710960892077|4710247005206|4710467221516
1760996,20424183|20415723|20406349|20370688|20333225|20332419|20307585|20301149|20246068|20246013
1761252,20424183|20415723|20406349|20370688|20333225|20332419|20307585|20301149|20246068|20246013
1761351,4711686006090|4710998000802|4710731060124|4710363382045|4710032601194|4710015103370|4711128668787|4710960892077|4710247005206|4710467221516
1761443,20424183|20415723|20406349|20370688|20333225|20332419|20307585|20301149|20246068|20246013
1761580,20424183|20415723|20406349|20370688|20333225|20332419|20307585|20301149|20246068|20246013
1761603,20424183|20415723|20406349|20370688|20333225|20332419|20307585|20301149|20246068|20246013
1761627,20424183|20415723|20406349|20370688|20333225|20332419|20307585|20301149|20246068|20246013
1761733,20424183|20415723|20406349|20370688|20333225|20332419|20307585|20301149|20246068|20246013
1761849,20424183|20415723|20406349|20370688|20333225|20332419|20307585|20301149|20246068|20246013
1762068,4711686006090|4710998000802|4710731060124|4710363382045|4710032601194|4710015103370|4711128668787|4710960892077|4710247005206|4710467221516
1762136,20424183|20415723|20406349|20370688|20333225|20332419|20307585|20301149|20246068|20246013
1762259,20424183|20415723|20406349|20370688|20333225|20332419|20307585|20301149|20246068|20246013
1762266,20451042|20424183|20415723|20406349|20370688|20333225|20332419|20301149|20246068|20246013
1762303,20424183|20415723|20406349|20370688|20333225|20332419|20307585|20301149|20246068|20246013
1762464,20424183|20415723|20406349|20370688|20333225|20332419|20307585|20301149|20246068|20246013
1762549,20424183|20415723|20406349|20370688|20333225|20332419|20307585|20301149|20246068|20246013
1762730,20424183|20415723|20406349|20370688|20333225|20332419|20307585|20301149|20246068|20246013
1762945,20424183|20415723|20406349|20370688|20333225|20332419|20307585|20301149|20246068|20246013
1762969,20424183|20415723|20406349|20370688|20333225|20332419|20307585|20301149|20246068|20246013
1763072,4711686006090|4710998000802|4710731060124|4710363382045|4710032601194|4710015103370|4711128668787|4710960892077|4710247005206|4710467221516
1763478,20424183|20415723|20406349|20370688|20333225|20332419|20307585|20301149|20246068|20246013
1763690,20424183|20415723|20406349|20370688|20333225|20332419|20307585|20301149|20246068|20246013
1763836,20424183|20415723|20406349|20370688|20333225|20332419|20307585|20301149|20246068|20246013
1763874,20424183|20415723|20406349|20370688|20333225|20332419|20307585|20301149|20246068|20246013
1764000,20424183|20415723|20406349|20370688|20333225|20332419|20307585|20301149|20246068|20246013
1764123,20424183|20415723|20406349|20370688|20333225|20332419|20307585|20301149|20246068|20246013
1764246,20424183|20415723|20406349|20370688|20333225|20332419|20307585|20301149|20246068|20246013
1764284,20424183|20415723|20406349|20370688|20333225|20332419|20307585|20301149|20246068|20246013
1764369,4710105015521|4711663700010|4712278884263|4711634000965|47100312|4710998000802|4710731060124|4710363382045|4710247005206|4710032601194
1764475,20424183|20415723|20406349|20370688|20333225|20332419|20307585|20301149|20246068|20246013
1764567,20424183|20415723|20406349|20370688|20333225|20332419|20307585|20301149|20246068|20246013
1764710,20424183|20415723|20406349|20370688|20333225|20332419|20307585|20301149|20246068|20246013
1764802,20424183|20415723|20406349|20370688|20333225|20332419|20307585|20301149|20246068|20246013
1764826,4711686006090|4710998000802|4710731060124|4710363382045|4710032601194|4710015103370|4711128668787|4710960892077|4710247005206|4710467221516
1764833,20424183|20415723|20406349|20370688|20333225|20332419|20307585|20301149|20246068|20246013
1764864,20424183|20415723|20406349|20370688|20333225|20332419|20307585|20301149|20246068|20246013
1764901,20424183|20415723|20406349|20370688|20333225|20332419|20307585|20301149|20246068|20246013
1764956,20424183|20415723|20406349|20370688|20333225|20332419|20307585|20301149|20246068|20246013
1764970,20424183|20415723|20406349|20370688|20333225|20332419|20307585|20301149|20246068|20246013
1765076,20424183|20415723|20406349|20370688|20333225|20332419|20307585|20301149|20246068|20246013
1765083,20424183|20415723|20406349|20370688|20333225|20332419|20307585|20301149|20246068|20246013
1765342,4711686006090|4710998000802|4710731060124|4710363382045|4710032601194|4710015103370|4711128668787|4710960892077|4710247005206|4710467221516
1765397,20424183|20415723|20406349|20370688|20333225|20332419|20307585|20301149|20246068|20246013
1765434,20424183|20415723|20406349|20370688|20333225|20332419|20307585|20301149|20246068|20246013
1765526,20424183|20415723|20406349|20370688|20333225|20332419|20307585|20301149|20246068|20246013
1765625,20424183|20415723|20406349|20370688|20333225|20332419|20307585|20301149|20246068|20246013
1765649,4711686006090|4710998000802|4710731060124|4710363382045|4710032601194|4710015103370|4711128668787|4710960892077|4710247005206|4710467221516
1765748,20424183|20415723|20406349|20370688|20333225|20332419|20307585|20301149|20246068|20246013
1765809,20424183|20415723|20406349|20370688|20333225|20332419|20307585|20301149|20246068|20246013
1765854,20424183|20415723|20406349|20370688|20333225|20332419|20307585|20301149|20246068|20246013
1765878,20424183|20415723|20406349|20370688|20333225|20332419|20307585|20301149|20246068|20246013
1765991,20424183|20415723|20406349|20370688|20333225|20332419|20307585|20301149|20246068|20246013
1766004,20424183|20415723|20406349|20370688|20333225|20332419|20307585|20301149|20246068|20246013
1766011,20424183|20415723|20406349|20370688|20333225|20332419|20307585|20301149|20246068|20246013
1766035,20424183|20415723|20406349|20370688|20333225|20332419|20307585|20301149|20246068|20246013
1766110,20424183|20415723|20406349|20370688|20333225|20332419|20307585|20301149|20246068|20246013
1766127,4712278884263|4711634000965|47100312|4711686006090|4710998000802|4710731060124|4710363382045|4710247005206|4710032601194|4710015103370
1766196,20451042|20424183|20406349|20370688|20333225|20332419|20307585|20301149|20246068|20246013
1766288,4710011432856|20424183|20415723|20406349|20370688|20333225|20332419|20307585|20301149|20246068
1766349,20424183|20415723|20406349|20370688|20333225|20332419|20307585|20301149|20246068|20246013
1766387,20424183|20415723|20406349|20370688|20333225|20332419|20307585|20301149|20246068|20246013
1766448,4711686006090|4710998000802|4710731060124|4710363382045|4710032601194|4710015103370|4711128668787|4710960892077|4710247005206|4710467221516
1766615,20424183|20415723|20406349|20370688|20333225|20332419|20307585|20301149|20246068|20246013
1766769,20424183|20415723|20406349|20370688|20333225|20332419|20307585|20301149|20246068|20246013
1766837,20424183|20415723|20406349|20370688|20333225|20332419|20307585|20301149|20246068|20246013
1766844,20424183|20415723|20406349|20370688|20333225|20332419|20307585|20301149|20246068|20246013
1766998,4711524000419|4711524000396|4716617500036|4711634002297|4710515533028|4710088424273|4711524000891|4710015103288|4710171021327|4710908131589
1767001,20424183|20415723|20406349|20370688|20333225|20332419|20307585|20301149|20246068|20246013
1767032,20451042|20424183|20415723|20406349|20370688|20333225|20332419|20307585|20301149|20246068
1767292,20424183|20415723|20406349|20370688|20333225|20332419|20307585|20301149|20246068|20246013
1767360,20424183|20415723|20406349|20370688|20333225|20332419|20307585|20301149|20246068|20246013
1767643,20424183|20415723|20406349|20370688|20333225|20332419|20307585|20301149|20246068|20246013
1767674,20424183|20415723|20406349|20370688|20333225|20332419|20307585|20301149|20246068|20246013
1767698,20424183|20415723|20406349|20370688|20333225|20332419|20307585|20301149|20246068|20246013
1767773,4711686006090|4710998000802|4710731060124|4710363382045|4710032601194|4710015103370|4711128668787|4710960892077|4710247005206|4710467221516
1767919,4711686006090|4710998000802|4710731060124|4710363382045|4710032601194|4710015103370|4711128668787|4710960892077|4710247005206|4710467221516
1768060,20424183|20415723|20406349|20370688|20333225|20332419|20307585|20301149|20246068|20246013
1768077,20424183|20415723|20406349|20370688|20333225|20332419|20307585|20301149|20246068|20246013
1768091,20424183|20415723|20406349|20370688|20333225|20332419|20307585|20301149|20246068|20246013
1768206,20424183|20415723|20406349|20370688|20333225|20332419|20307585|20301149|20246068|20246013
1768404,4712278884263|4711634000965|47100312|4711686006090|4710998000802|4710731060124|4710363382045|4710247005206|4710032601194|4710015103370
1768558,20424183|20415723|20406349|20370688|20333225|20332419|20307585|20301149|20246068|20246013
1768589,4711686006090|4710998000802|4710731060124|4710363382045|4710032601194|4710015103370|4711128668787|4710960892077|4710247005206|4710467221516
1768657,20424183|20415723|20406349|20370688|20333225|20332419|20307585|20301149|20246068|20246013
1768688,20424183|20415723|20406349|20370688|20333225|20332419|20307585|20301149|20246068|20246013
1768794,20424183|20415723|20406349|20370688|20333225|20332419|20307585|20301149|20246068|20246013
1769029,20424183|20415723|20406349|20370688|20333225|20332419|20307585|20301149|20246068|20246013
1769081,20424183|20415723|20406349|20370688|20333225|20332419|20307585|20301149|20246068|20246013
1769302,20424183|20415723|20406349|20370688|20333225|20332419|20307585|20301149|20246068|20246013
1769401,20424183|20415723|20406349|20370688|20333225|20332419|20307585|20301149|20246068|20246013
1769593,4710015103288|20406349|20424183|20415723|20370688|20333225|20332419|20307585|20301149|20246068
1769753,20424183|20415723|20406349|20370688|20333225|20332419|20307585|20301149|20246068|20246013
1769913,20424183|20415723|20406349|20370688|20333225|20332419|20307585|20301149|20246068|20246013
1770001,20424183|20415723|20406349|20370688|20333225|20332419|20307585|20301149|20246068|20246013
1770018,4710431330282|20563554|20515768|37000337270|20424183|20415723|20406349|20370688|20333225|20332419
1770032,20424183|20415723|20406349|20370688|20333225|20332419|20307585|20301149|20246068|20246013
1770100,20424183|20415723|20406349|20370688|20333225|20332419|20307585|20301149|20246068|20246013
1770278,20424183|20415723|20406349|20370688|20333225|20332419|20307585|20301149|20246068|20246013
1770285,20451042|20424183|20415723|20406349|20370688|20333225|20332419|20301149|20246068|20246013
1770315,20424183|20415723|20406349|20370688|20333225|20332419|20307585|20301149|20246068|20246013
1770353,20424183|20415723|20406349|20370688|20333225|20332419|20307585|20301149|20246068|20246013
1770377,4711686006090|4710998000802|4710731060124|4710363382045|4710032601194|4710015103370|4711128668787|4710960892077|4710247005206|4710467221516
1770421,20424183|20415723|20406349|20370688|20333225|20332419|20307585|20301149|20246068|20246013
1770445,20424183|20415723|20406349|20370688|20333225|20332419|20307585|20301149|20246068|20246013
1770520,20424183|20415723|20406349|20370688|20333225|20332419|20307585|20301149|20246068|20246013
1770612,4711686006090|4710998000802|4710731060124|4710363382045|4710032601194|4710015103370|4711128668787|4710960892077|4710247005206|4710467221516
1770629,20424183|20415723|20406349|20370688|20333225|20332419|20307585|20301149|20246068|20246013
1770872,20424183|20415723|20406349|20370688|20333225|20332419|20307585|20301149|20246068|20246013
1770957,4711686006090|4710998000802|4710731060124|4710363382045|4710032601194|4710015103370|4711128668787|4710960892077|4710247005206|4710467221516
1771138,20424183|20415723|20406349|20370688|20333225|20332419|20307585|20301149|20246068|20246013
1771312,20424183|20415723|20406349|20370688|20333225|20332419|20307585|20301149|20246068|20246013
1771381,20424183|20415723|20406349|20370688|20333225|20332419|20307585|20301149|20246068|20246013
1771619,4711686006090|4710998000802|4710731060124|4710363382045|4710032601194|4710015103370|4711128668787|4710960892077|4710247005206|4710467221516
1771732,20451042|20424183|20415723|20370688|20333225|20332419|20307585|20301149|20246068|20246013
1772326,20424183|20415723|20406349|20370688|20333225|20332419|20307585|20301149|20246068|20246013
1772357,20424183|20415723|20406349|20370688|20333225|20332419|20307585|20301149|20246068|20246013
1772364,20424183|20415723|20406349|20370688|20333225|20332419|20307585|20301149|20246068|20246013
1772500,20424183|20415723|20406349|20370688|20333225|20332419|20307585|20301149|20246068|20246013
1772678,20424183|20415723|20406349|20370688|20333225|20332419|20307585|20301149|20246068|20246013
1773026,20424183|20415723|20406349|20370688|20333225|20332419|20307585|20301149|20246068|20246013
1773040,4710722000474|4711634002587|4719090701051|20424183|20415723|20406349|20370688|20333225|20332419|20307585
1773170,20424183|20415723|20406349|20370688|20333225|20332419|20307585|20301149|20246068|20246013
1773330,20424183|20415723|20406349|20370688|20333225|20332419|20307585|20301149|20246068|20246013
1773385,20424183|20415723|20406349|20370688|20333225|20332419|20307585|20301149|20246068|20246013
1773507,4711686006090|4710998000802|4710731060124|4710363382045|4710032601194|4710015103370|4711128668787|4710960892077|4710247005206|4710467221516
1773750,20424183|20415723|20406349|20370688|20333225|20332419|20307585|20301149|20246068|20246013
1773774,20424183|20415723|20406349|20370688|20333225|20332419|20307585|20301149|20246068|20246013
1773798,20424183|20415723|20406349|20370688|20333225|20332419|20307585|20301149|20246068|20246013
1773880,4711686006090|4710998000802|4710731060124|4710363382045|4710032601194|4710015103370|4711128668787|4710960892077|4710247005206|4710467221516
1774245,20424183|20415723|20406349|20370688|20333225|20332419|20307585|20301149|20246068|20246013
1774436,4711686006090|4710998000802|4710731060124|4710363382045|4710032601194|4710015103370|4711128668787|4710960892077|4710247005206|4710467221516
1774641,20424183|20415723|20406349|20370688|20333225|20332419|20307585|20301149|20246068|20246013
1774795,4711686006090|4710998000802|4710731060124|4710363382045|4710032601194|4710015103370|4711128668787|4710960892077|4710247005206|4710467221516
1774917,4711686006090|4710998000802|4710731060124|4710363382045|4710032601194|4710015103370|4711128668787|4710960892077|4710247005206|4710467221516
1775129,20424183|20415723|20406349|20370688|20333225|20332419|20307585|20301149|20246068|20246013
1775211,20424183|20415723|20406349|20370688|20333225|20332419|20307585|20301149|20246068|20246013
1775471,20424183|20415723|20406349|20370688|20333225|20332419|20307585|20301149|20246068|20246013
1775655,20424183|20415723|20406349|20370688|20333225|20332419|20307585|20301149|20246068|20246013
1775679,20424183|20415723|20406349|20370688|20333225|20332419|20307585|20301149|20246068|20246013
1775815,4712278884263|4711634000965|47100312|4711686006090|4710998000802|4710731060124|4710363382045|4710247005206|4710032601194|4710015103370
1776065,20424183|20415723|20406349|20370688|20333225|20332419|20307585|20301149|20246068|20246013
1776300,20424183|20415723|20406349|20370688|20333225|20332419|20307585|20301149|20246068|20246013
1776386,20424183|20415723|20406349|20370688|20333225|20332419|20307585|20301149|20246068|20246013
1776393,4711686006090|4710998000802|4710731060124|4710363382045|4710032601194|4710015103370|4711128668787|4710960892077|4710247005206|4710467221516
1776546,20424183|20415723|20406349|20370688|20333225|20332419|20307585|20301149|20246068|20246013
1776614,20424183|20415723|20406349|20370688|20333225|20332419|20307585|20301149|20246068|20246013
1777222,20424183|20415723|20406349|20370688|20333225|20332419|20307585|20301149|20246068|20246013
1777673,20424183|20415723|20406349|20370688|20333225|20332419|20307585|20301149|20246068|20246013
1777710,20451042|20424183|20415723|20406349|20370688|20333225|20332419|20307585|20301149|20246068
1777765,20424183|20415723|20406349|20370688|20333225|20332419|20307585|20301149|20246068|20246013
1777932,4711686006090|4710998000802|4710731060124|4710363382045|4710032601194|4710015103370|4711128668787|4710960892077|4710247005206|4710467221516
1777987,20424183|20415723|20406349|20370688|20333225|20332419|20307585|20301149|20246068|20246013
1778007,4711686006090|4710998000802|4710731060124|4710363382045|4710032601194|4710015103370|4711128668787|4710960892077|4710247005206|4710467221516
1778069,20424183|20415723|20406349|20370688|20333225|20332419|20307585|20301149|20246068|20246013
1778182,4711686006090|4710998000802|4710731060124|4710363382045|4710032601194|4710015103370|4711128668787|4710960892077|4710247005206|4710467221516
1778304,20424183|20415723|20406349|20370688|20333225|20332419|20307585|20301149|20246068|20246013
1778380,20424183|20415723|20406349|20370688|20333225|20332419|20307585|20301149|20246068|20246013
1778434,20424183|20415723|20406349|20370688|20333225|20332419|20307585|20301149|20246068|20246013
1778618,20424183|20415723|20406349|20370688|20333225|20332419|20307585|20301149|20246068|20246013
1778830,20424183|20415723|20406349|20370688|20333225|20332419|20307585|20301149|20246068|20246013
1778977,20424183|20415723|20406349|20370688|20333225|20332419|20307585|20301149|20246068|20246013
1779066,4711686006090|4710998000802|4710731060124|4710363382045|4710032601194|4710015103370|4711128668787|4710960892077|4710247005206|4710467221516
1779134,20424183|20415723|20406349|20370688|20333225|20332419|20307585|20301149|20246068|20246013
1779172,20424183|20415723|20406349|20370688|20333225|20332419|20307585|20301149|20246068|20246013
1779288,20424183|20415723|20406349|20370688|20333225|20332419|20307585|20301149|20246068|20246013
1779301,20424183|20415723|20406349|20370688|20333225|20332419|20307585|20301149|20246068|20246013
1779462,4711686006090|4710998000802|4710731060124|4710363382045|4710032601194|4710015103370|4711128668787|4710960892077|4710247005206|4710467221516
1779554,20424183|20415723|20406349|20370688|20333225|20332419|20307585|20301149|20246068|20246013
1779646,20424183|20415723|20406349|20370688|20333225|20332419|20307585|20301149|20246068|20246013
1779790,20424183|20415723|20406349|20370688|20333225|20332419|20307585|20301149|20246068|20246013
1779929,20424183|20415723|20406349|20370688|20333225|20332419|20307585|20301149|20246068|20246013
1780406,20424183|20415723|20406349|20370688|20333225|20332419|20307585|20301149|20246068|20246013
1780451,20424183|20415723|20406349|20370688|20333225|20332419|20307585|20301149|20246068|20246013
1780550,20424183|20415723|20406349|20370688|20333225|20332419|20307585|20301149|20246068|20246013
1780567,20424183|20415723|20406349|20370688|20333225|20332419|20307585|20301149|20246068|20246013
1780659,20424183|20415723|20406349|20370688|20333225|20332419|20307585|20301149|20246068|20246013
1780956,20424183|20415723|20406349|20370688|20333225|20332419|20307585|20301149|20246068|20246013
1780994,20424183|20415723|20406349|20370688|20333225|20332419|20307585|20301149|20246068|20246013
1781182,20424183|20415723|20406349|20370688|20333225|20332419|20307585|20301149|20246068|20246013
1781250,20424183|20415723|20406349|20370688|20333225|20332419|20307585|20301149|20246068|20246013
1781274,20424183|20415723|20406349|20370688|20333225|20332419|20307585|20301149|20246068|20246013
1781618,4710362510180|20424183|20415723|20406349|20370688|20333225|20332419|20307585|20301149|20246068
1781687,20424183|20415723|20406349|20370688|20333225|20332419|20307585|20301149|20246068|20246013
1781779,4711686006090|4710998000802|4710731060124|4710363382045|4710032601194|4710015103370|4711128668787|4710960892077|4710247005206|4710467221516
1781823,20424183|20415723|20406349|20370688|20333225|20332419|20307585|20301149|20246068|20246013
1781830,20424183|20415723|20406349|20370688|20333225|20332419|20307585|20301149|20246068|20246013
1781878,20424183|20415723|20406349|20370688|20333225|20332419|20307585|20301149|20246068|20246013
1781892,20424183|20415723|20406349|20370688|20333225|20332419|20307585|20301149|20246068|20246013
1781991,20424183|20415723|20406349|20370688|20333225|20332419|20307585|20301149|20246068|20246013
1782066,4711686006090|4710998000802|4710731060124|4710363382045|4710032601194|4710015103370|4711128668787|4710960892077|4710247005206|4710467221516
1782240,20424183|20415723|20406349|20370688|20333225|20332419|20307585|20301149|20246068|20246013
1782264,20424183|20415723|20406349|20370688|20333225|20332419|20307585|20301149|20246068|20246013
1782622,20424183|20415723|20406349|20370688|20333225|20332419|20307585|20301149|20246068|20246013
1782721,20424183|20415723|20406349|20370688|20333225|20332419|20307585|20301149|20246068|20246013
1782806,20424183|20415723|20406349|20370688|20333225|20332419|20307585|20301149|20246068|20246013
1783322,20424183|20415723|20406349|20370688|20333225|20332419|20307585|20301149|20246068|20246013
1783537,20424183|20415723|20406349|20370688|20333225|20332419|20307585|20301149|20246068|20246013
1783698,20424183|20415723|20406349|20370688|20333225|20332419|20307585|20301149|20246068|20246013
1783872,20424183|20415723|20406349|20370688|20333225|20332419|20307585|20301149|20246068|20246013
1783940,20424183|20415723|20406349|20370688|20333225|20332419|20307585|20301149|20246068|20246013
1784039,20424183|20415723|20406349|20370688|20333225|20332419|20307585|20301149|20246068|20246013
1784169,4711686006090|4710998000802|4710731060124|4710363382045|4710032601194|4710015103370|4711128668787|4710960892077|4710247005206|4710467221516
1784749,20424183|20415723|20406349|20370688|20333225|20332419|20307585|20301149|20246068|20246013
1784763,20424183|20415723|20406349|20370688|20333225|20332419|20307585|20301149|20246068|20246013
1784848,20424183|20415723|20406349|20370688|20333225|20332419|20307585|20301149|20246068|20246013
1785098,20424183|20415723|20406349|20370688|20333225|20332419|20307585|20301149|20246068|20246013
1785111,20424183|20415723|20406349|20370688|20333225|20332419|20307585|20301149|20246068|20246013
1785333,4711686006090|4710998000802|4710731060124|4710363382045|4710032601194|4710015103370|4711128668787|4710960892077|4710247005206|4710467221516
1785449,20424183|20415723|20406349|20370688|20333225|20332419|20307585|20301149|20246068|20246013
1785630,20424183|20415723|20406349|20370688|20333225|20332419|20307585|20301149|20246068|20246013
1785654,20424183|20415723|20406349|20370688|20333225|20332419|20307585|20301149|20246068|20246013
1785722,20424183|20415723|20406349|20370688|20333225|20332419|20307585|20301149|20246068|20246013
1785883,20424183|20415723|20406349|20370688|20333225|20332419|20307585|20301149|20246068|20246013
1785890,4711686006090|4710998000802|4710731060124|4710363382045|4710032601194|4710015103370|4711128668787|4710960892077|4710247005206|4710467221516
1785920,20424183|20415723|20406349|20370688|20333225|20332419|20307585|20301149|20246068|20246013
1786057,20424183|20415723|20406349|20370688|20333225|20332419|20307585|20301149|20246068|20246013
1786118,4711713290065|4710140601512|4711369000025|4710626055310|4710189600101|4710543214012|4714981010038|20424183|20415723|20406349
1786149,20424183|20415723|20406349|20370688|20333225|20332419|20307585|20301149|20246068|20246013
1786224,20424183|20415723|20406349|20370688|20333225|20332419|20307585|20301149|20246068|20246013
1786422,4711686006090|4710998000802|4710731060124|4710363382045|4710032601194|4710015103370|4711128668787|4710960892077|4710247005206|4710467221516
1786439,20424183|20415723|20406349|20370688|20333225|20332419|20307585|20301149|20246068|20246013
1786491,20424183|20415723|20406349|20370688|20333225|20332419|20307585|20301149|20246068|20246013
1786699,20424183|20415723|20406349|20370688|20333225|20332419|20307585|20301149|20246068|20246013
1786835,20424183|20415723|20406349|20370688|20333225|20332419|20307585|20301149|20246068|20246013
1787030,20424183|20415723|20406349|20370688|20333225|20332419|20307585|20301149|20246068|20246013
1787139,20424183|20415723|20406349|20370688|20333225|20332419|20307585|20301149|20246068|20246013
1787146,4711686006090|4710998000802|4710731060124|4710363382045|4710032601194|4710015103370|4711128668787|4710960892077|4710247005206|4710467221516
1787283,4711686006090|4710998000802|4710731060124|4710363382045|4710032601194|4710015103370|4711128668787|4710960892077|4710247005206|4710467221516
1787306,20424183|20415723|20406349|20370688|20333225|20332419|20307585|20301149|20246068|20246013
1787368,20424183|20415723|20406349|20370688|20333225|20332419|20307585|20301149|20246068|20246013
1787412,20424183|20415723|20406349|20370688|20333225|20332419|20307585|20301149|20246068|20246013
1787887,20424183|20415723|20406349|20370688|20333225|20332419|20307585|20301149|20246068|20246013
1788020,20424183|20415723|20406349|20370688|20333225|20332419|20307585|20301149|20246068|20246013
1788266,20424183|20415723|20406349|20370688|20333225|20332419|20307585|20301149|20246068|20246013
1788426,4711686006090|4710998000802|4710731060124|4710363382045|4710032601194|4710015103370|4711128668787|4710960892077|4710247005206|4710467221516
1788464,20424183|20415723|20406349|20370688|20333225|20332419|20307585|20301149|20246068|20246013
1788945,4711686006090|4710998000802|4710731060124|4710363382045|4710032601194|4710015103370|4711128668787|4710960892077|4710247005206|4710467221516
1789225,20424183|20415723|20406349|20370688|20333225|20332419|20307585|20301149|20246068|20246013
1789430,20424183|20415723|20406349|20370688|20333225|20332419|20307585|20301149|20246068|20246013
1789553,20424183|20415723|20406349|20370688|20333225|20332419|20307585|20301149|20246068|20246013
1789676,20424183|20415723|20406349|20370688|20333225|20332419|20307585|20301149|20246068|20246013
1790016,20424183|20415723|20406349|20370688|20333225|20332419|20307585|20301149|20246068|20246013
1790054,20424183|20415723|20406349|20370688|20333225|20332419|20307585|20301149|20246068|20246013
1790184,20424183|20415723|20406349|20370688|20333225|20332419|20307585|20301149|20246068|20246013
1790771,20424183|20415723|20406349|20370688|20333225|20332419|20307585|20301149|20246068|20246013
1790825,20424183|20415723|20406349|20370688|20333225|20332419|20307585|20301149|20246068|20246013
1790948,20451042|20424183|20415723|20406349|20370688|20333225|20332419|20307585|20301149|20246013
1791181,20424183|20415723|20406349|20370688|20333225|20332419|20307585|20301149|20246068|20246013
1791396,4711686006090|4710998000802|4710731060124|4710363382045|4710032601194|4710015103370|4711128668787|4710960892077|4710247005206|4710467221516
1791440,4711686006090|4710998000802|4710731060124|4710363382045|4710032601194|4710015103370|4711128668787|4710960892077|4710247005206|4710467221516
1791471,20424183|20415723|20406349|20370688|20333225|20332419|20307585|20301149|20246068|20246013
1791587,20424183|20415723|20406349|20370688|20333225|20332419|20307585|20301149|20246068|20246013
1791754,20424183|20415723|20406349|20370688|20333225|20332419|20307585|20301149|20246068|20246013
1791808,20424183|20415723|20406349|20370688|20333225|20332419|20307585|20301149|20246068|20246013
1791884,20451042|20424183|20415723|20406349|20370688|20333225|20332419|20301149|20246068|20246013
1792102,20424183|20415723|20406349|20370688|20333225|20332419|20307585|20301149|20246068|20246013
1792348,20424183|20415723|20406349|20370688|20333225|20332419|20307585|20301149|20246068|20246013
1792393,20424183|20415723|20406349|20370688|20333225|20332419|20307585|20301149|20246068|20246013
1792898,20424183|20415723|20406349|20370688|20333225|20332419|20307585|20301149|20246068|20246013
1792904,20424183|20415723|20406349|20370688|20333225|20332419|20307585|20301149|20246068|20246013
1793062,20424183|20415723|20406349|20370688|20333225|20332419|20307585|20301149|20246068|20246013
1793208,20424183|20415723|20406349|20370688|20333225|20332419|20307585|20301149|20246068|20246013
1793284,20424183|20415723|20406349|20370688|20333225|20332419|20307585|20301149|20246068|20246013
1794151,20451042|20424183|20415723|20406349|20370688|20333225|20332419|20301149|20246068|20246013
1794175,4711686006090|4710998000802|4710731060124|4710363382045|4710032601194|4710015103370|4711128668787|4710960892077|4710247005206|4710467221516
1794205,20424183|20415723|20406349|20370688|20333225|20332419|20307585|20301149|20246068|20246013
1794403,20424183|20415723|20406349|20370688|20333225|20332419|20307585|20301149|20246068|20246013
1794472,20424183|20415723|20406349|20370688|20333225|20332419|20307585|20301149|20246068|20246013
1794533,4711686006090|4710998000802|4710731060124|4710363382045|4710032601194|4710015103370|4711128668787|4710960892077|4710247005206|4710467221516
1794557,20424183|20415723|20406349|20370688|20333225|20332419|20307585|20301149|20246068|20246013
1794663,20451042|20424183|20415723|20406349|20370688|20333225|20332419|20307585|20301149|20246068
1794779,20424183|20415723|20406349|20370688|20333225|20332419|20307585|20301149|20246068|20246013
1794793,20424183|20415723|20406349|20370688|20333225|20332419|20307585|20301149|20246068|20246013
1794892,4712278884263|4711634000965|47100312|4711686006090|4710998000802|4710731060124|4710363382045|4710247005206|4710032601194|4710015103370
1794915,20424183|20415723|20406349|20370688|20333225|20332419|20307585|20301149|20246068|20246013
1794939,20424183|20415723|20406349|20370688|20333225|20332419|20307585|20301149|20246068|20246013
1794960,20424183|20415723|20406349|20370688|20333225|20332419|20307585|20301149|20246068|20246013
1795004,20424183|20415723|20406349|20370688|20333225|20332419|20307585|20301149|20246068|20246013
1795042,20424183|20415723|20406349|20370688|20333225|20332419|20307585|20301149|20246068|20246013
1795141,20424183|20415723|20406349|20370688|20333225|20332419|20307585|20301149|20246068|20246013
1795189,20451042|20424183|20415723|20406349|20370688|20333225|20332419|20307585|20301149|20246013
1795691,20424183|20415723|20406349|20370688|20333225|20332419|20307585|20301149|20246068|20246013
1795820,20424183|20415723|20406349|20370688|20333225|20332419|20307585|20301149|20246068|20246013
1796100,20424183|20415723|20406349|20370688|20333225|20332419|20307585|20301149|20246068|20246013
1796117,20424183|20415723|20406349|20370688|20333225|20332419|20307585|20301149|20246068|20246013
1796179,20424183|20415723|20406349|20370688|20333225|20332419|20307585|20301149|20246068|20246013
1796421,20424183|20415723|20406349|20370688|20333225|20332419|20307585|20301149|20246068|20246013
1796735,20424183|20415723|20406349|20370688|20333225|20332419|20307585|20301149|20246068|20246013
1796742,20424183|20415723|20406349|20370688|20333225|20332419|20307585|20301149|20246068|20246013
1796803,4711686006090|4710998000802|4710731060124|4710363382045|4710032601194|4710015103370|4711128668787|4710960892077|4710247005206|4710467221516
1796834,20424183|20415723|20406349|20370688|20333225|20332419|20307585|20301149|20246068|20246013
1796919,20424183|20415723|20406349|20370688|20333225|20332419|20307585|20301149|20246068|20246013
1796964,4711686006090|4710998000802|4710731060124|4710363382045|4710032601194|4710015103370|4711128668787|4710960892077|4710247005206|4710467221516
1797169,20424183|20415723|20406349|20370688|20333225|20332419|20307585|20301149|20246068|20246013
1797312,20451042|20424183|20415723|20406349|20370688|20333225|20332419|20301149|20246068|20246013
1797343,20424183|20415723|20406349|20370688|20333225|20332419|20307585|20301149|20246068|20246013
1797480,20424183|20415723|20406349|20370688|20333225|20332419|20307585|20301149|20246068|20246013
1798074,4711686006090|4710998000802|4710731060124|4710363382045|4710032601194|4710015103370|4711128668787|4710960892077|4710247005206|4710467221516
1798081,4711686006090|4710998000802|4710731060124|4710363382045|4710032601194|4710015103370|4711128668787|4710960892077|4710247005206|4710467221516
1798272,20424183|20415723|20406349|20370688|20333225|20332419|20307585|20301149|20246068|20246013
1798296,4711686006090|4710998000802|4710731060124|4710363382045|4710032601194|4710015103370|4711128668787|4710960892077|4710247005206|4710467221516
1798401,4711686006090|4710998000802|4710731060124|4710363382045|4710032601194|4710015103370|4711128668787|4710960892077|4710247005206|4710467221516
1798777,20514235|20451042|20424183|20415723|20406349|20370688|20333225|20332419|20307585|20301149
1798999,20424183|20415723|20406349|20370688|20333225|20332419|20307585|20301149|20246068|20246013
1799057,20424183|20415723|20406349|20370688|20333225|20332419|20307585|20301149|20246068|20246013
1799187,20424183|20415723|20406349|20370688|20333225|20332419|20307585|20301149|20246068|20246013
1799545,4711686006090|4710998000802|4710731060124|4710363382045|4710032601194|4710015103370|4711128668787|4710960892077|4710247005206|4710467221516
1799552,20424183|20415723|20406349|20370688|20333225|20332419|20307585|20301149|20246068|20246013
1799613,20424183|20415723|20406349|20370688|20333225|20332419|20307585|20301149|20246068|20246013
1799910,4711686006090|4710998000802|4710731060124|4710363382045|4710032601194|4710015103370|4711128668787|4710960892077|4710247005206|4710467221516
1799941,20424183|20415723|20406349|20370688|20333225|20332419|20307585|20301149|20246068|20246013
1800074,4710159010107|4710088430922|4711524001041|4710290007011|4710022102892|4710088432476|4710105051642|4710088433305|4711524000471|4710857472634
1800180,20424183|20415723|20406349|20370688|20333225|20332419|20307585|20301149|20246068|20246013
1800395,20424183|20415723|20406349|20370688|20333225|20332419|20307585|20301149|20246068|20246013
1800500,4710088443328|4710011405133|4710105045313|4711524000396|4710094699078|20424183|20415723|20406349|20370688|20333225
1800555,20424183|20415723|20406349|20370688|20333225|20332419|20307585|20301149|20246068|20246013
1800586,4711686006090|4710998000802|4710731060124|4710363382045|4710032601194|4710015103370|4711128668787|4710960892077|4710247005206|4710467221516
1800647,4711686006090|4710998000802|4710731060124|4710363382045|4710032601194|4710015103370|4711128668787|4710960892077|4710247005206|4710467221516
1800951,20424183|20415723|20406349|20370688|20333225|20332419|20307585|20301149|20246068|20246013
1801170,20424183|20415723|20406349|20370688|20333225|20332419|20307585|20301149|20246068|20246013
1801187,20424183|20415723|20406349|20370688|20333225|20332419|20307585|20301149|20246068|20246013
1801811,20451042|20424183|20415723|20406349|20333225|20332419|20307585|20301149|20246068|20246013
1801958,20424183|20415723|20406349|20370688|20333225|20332419|20307585|20301149|20246068|20246013
1802061,20424183|20415723|20406349|20370688|20333225|20332419|20307585|20301149|20246068|20246013
1802085,20424183|20415723|20406349|20370688|20333225|20332419|20307585|20301149|20246068|20246013
1802153,4711686006090|4710998000802|4710731060124|4710363382045|4710032601194|4710015103370|4711128668787|4710960892077|4710247005206|4710467221516
1802528,20424183|20415723|20406349|20370688|20333225|20332419|20307585|20301149|20246068|20246013
1802740,20424183|20415723|20406349|20370688|20333225|20332419|20307585|20301149|20246068|20246013
1803037,20424183|20415723|20406349|20370688|20333225|20332419|20307585|20301149|20246068|20246013
1803297,20424183|20415723|20406349|20370688|20333225|20332419|20307585|20301149|20246068|20246013
1803501,4717101101371|4714242832669|4710088436542|4710632001356|4710032501791|20424183|20415723|20406349|20370688|20333225
1803846,20424183|20415723|20406349|20370688|20333225|20332419|20307585|20301149|20246068|20246013
1803860,20424183|20415723|20406349|20370688|20333225|20332419|20307585|20301149|20246068|20246013
1804034,4710105045450|4710105045443|20424183|20415723|20406349|20370688|20333225|20332419|20307585|20301149
1804041,20424183|20415723|20406349|20370688|20333225|20332419|20307585|20301149|20246068|20246013
1804126,4711686006090|4710998000802|4710731060124|4710363382045|4710032601194|4710015103370|4711128668787|4710960892077|4710247005206|4710467221516
1804331,20424183|20415723|20406349|20370688|20333225|20332419|20307585|20301149|20246068|20246013
1804393,20424183|20415723|20406349|20370688|20333225|20332419|20307585|20301149|20246068|20246013
1804492,4710583996008|4710105045313|4714981010038|20424183|20415723|20406349|20370688|20333225|20332419|20307585
1804683,20424183|20415723|20406349|20370688|20333225|20332419|20307585|20301149|20246068|20246013
1804737,20424183|20415723|20406349|20370688|20333225|20332419|20307585|20301149|20246068|20246013
1804744,4711686006090|4710998000802|4710731060124|4710363382045|4710032601194|4710015103370|4711128668787|4710960892077|4710247005206|4710467221516
1804768,20424183|20415723|20406349|20370688|20333225|20332419|20307585|20301149|20246068|20246013
1804928,20424183|20415723|20406349|20370688|20333225|20332419|20307585|20301149|20246068|20246013
1804942,20424183|20415723|20406349|20370688|20333225|20332419|20307585|20301149|20246068|20246013
1805079,20424183|20415723|20406349|20370688|20333225|20332419|20307585|20301149|20246068|20246013
1805130,20424183|20415723|20406349|20370688|20333225|20332419|20307585|20301149|20246068|20246013
1805147,20424183|20415723|20406349|20370688|20333225|20332419|20307585|20301149|20246068|20246013
1805345,20424183|20415723|20406349|20370688|20333225|20332419|20307585|20301149|20246068|20246013
1805840,4710159010107|4710105031613|4710088433312|4714981010038|20424183|20415723|20406349|20370688|20333225|20332419
1806496,20424183|20415723|20406349|20370688|20333225|20332419|20307585|20301149|20246068|20246013
1806519,20424183|20415723|20406349|20370688|20333225|20332419|20307585|20301149|20246068|20246013
1806557,4712278884263|4711634000965|47100312|4711686006090|4710998000802|4710731060124|4710363382045|4710247005206|4710032601194|4710015103370
1806632,20424183|20415723|20406349|20370688|20333225|20332419|20307585|20301149|20246068|20246013
1806694,20424183|20415723|20406349|20370688|20333225|20332419|20307585|20301149|20246068|20246013
1806816,20424183|20415723|20406349|20370688|20333225|20332419|20307585|20301149|20246068|20246013
1806830,4711686006090|4710998000802|4710731060124|4710363382045|4710032601194|4710015103370|4711128668787|4710960892077|4710247005206|4710467221516
1807165,20424183|20415723|20406349|20370688|20333225|20332419|20307585|20301149|20246068|20246013
1807172,20424183|20415723|20406349|20370688|20333225|20332419|20307585|20301149|20246068|20246013
1807295,20424183|20415723|20406349|20370688|20333225|20332419|20307585|20301149|20246068|20246013
1807349,20424183|20415723|20406349|20370688|20333225|20332419|20307585|20301149|20246068|20246013
1807431,20424183|20415723|20406349|20370688|20333225|20332419|20307585|20301149|20246068|20246013
1807530,20424183|20415723|20406349|20370688|20333225|20332419|20307585|20301149|20246068|20246013
1807615,20424183|20415723|20406349|20370688|20333225|20332419|20307585|20301149|20246068|20246013
1807806,20424183|20415723|20406349|20370688|20333225|20332419|20307585|20301149|20246068|20246013
1807820,20424183|20415723|20406349|20370688|20333225|20332419|20307585|20301149|20246068|20246013
1807875,20424183|20415723|20406349|20370688|20333225|20332419|20307585|20301149|20246068|20246013
1808131,20424183|20415723|20406349|20370688|20333225|20332419|20307585|20301149|20246068|20246013
1808230,20424183|20415723|20406349|20370688|20333225|20332419|20307585|20301149|20246068|20246013
1808728,4711686006090|4710998000802|4710731060124|4710363382045|4710032601194|4710015103370|4711128668787|4710960892077|4710247005206|4710467221516
1808735,20424183|20415723|20406349|20370688|20333225|20332419|20307585|20301149|20246068|20246013
1808858,4711686006090|4710998000802|4710731060124|4710363382045|4710032601194|4710015103370|4711128668787|4710960892077|4710247005206|4710467221516
1808872,4711686006090|4710998000802|4710731060124|4710363382045|4710032601194|4710015103370|4711128668787|4710960892077|4710247005206|4710467221516
1808896,20424183|20415723|20406349|20370688|20333225|20332419|20307585|20301149|20246068|20246013
1809022,20424183|20415723|20406349|20370688|20333225|20332419|20307585|20301149|20246068|20246013
1809060,20424183|20415723|20406349|20370688|20333225|20332419|20307585|20301149|20246068|20246013
1809091,4711686006090|4710998000802|4710731060124|4710363382045|4710032601194|4710015103370|4711128668787|4710960892077|4710247005206|4710467221516
1809220,20424183|20415723|20406349|20370688|20333225|20332419|20307585|20301149|20246068|20246013
1809251,4711686006090|4710998000802|4710731060124|4710363382045|4710032601194|4710015103370|4711128668787|4710960892077|4710247005206|4710467221516
1809305,20424183|20415723|20406349|20370688|20333225|20332419|20307585|20301149|20246068|20246013
1809329,20424183|20415723|20406349|20370688|20333225|20332419|20307585|20301149|20246068|20246013
1809343,4711686006090|4710998000802|4710731060124|4710363382045|4710032601194|4710015103370|4711128668787|4710960892077|4710247005206|4710467221516
1809459,20424183|20415723|20406349|20370688|20333225|20332419|20307585|20301149|20246068|20246013
1809688,20424183|20415723|20406349|20370688|20333225|20332419|20307585|20301149|20246068|20246013
1809718,20424183|20415723|20406349|20370688|20333225|20332419|20307585|20301149|20246068|20246013
1809756,20424183|20415723|20406349|20370688|20333225|20332419|20307585|20301149|20246068|20246013
1809770,20424183|20415723|20406349|20370688|20333225|20332419|20307585|20301149|20246068|20246013
1809817,20424183|20415723|20406349|20370688|20333225|20332419|20307585|20301149|20246068|20246013
1809961,4711686006090|4710998000802|4710731060124|4710363382045|4710032601194|4710015103370|4711128668787|4710960892077|4710247005206|4710467221516
1810103,20424183|20415723|20406349|20370688|20333225|20332419|20307585|20301149|20246068|20246013
1810240,20424183|20415723|20406349|20370688|20333225|20332419|20307585|20301149|20246068|20246013
1810264,20424183|20415723|20406349|20370688|20333225|20332419|20307585|20301149|20246068|20246013
1810356,4711686006090|4710998000802|4710731060124|4710363382045|4710032601194|4710015103370|4711128668787|4710960892077|4710247005206|4710467221516
1810431,4711686006090|4710998000802|4710731060124|4710363382045|4710032601194|4710015103370|4711128668787|4710960892077|4710247005206|4710467221516
1810509,20424183|20415723|20406349|20370688|20333225|20332419|20307585|20301149|20246068|20246013
1810516,20424183|20415723|20406349|20370688|20333225|20332419|20307585|20301149|20246068|20246013
1810806,20424183|20415723|20406349|20370688|20333225|20332419|20307585|20301149|20246068|20246013
1810875,20424183|20415723|20406349|20370688|20333225|20332419|20307585|20301149|20246068|20246013
1810950,20424183|20415723|20406349|20370688|20333225|20332419|20307585|20301149|20246068|20246013
1810981,20424183|20415723|20406349|20370688|20333225|20332419|20307585|20301149|20246068|20246013
1811063,4711686006090|4710998000802|4710731060124|4710363382045|4710032601194|4710015103370|4711128668787|4710960892077|4710247005206|4710467221516
1811346,20424183|20415723|20406349|20370688|20333225|20332419|20307585|20301149|20246068|20246013
1811445,20424183|20415723|20406349|20370688|20333225|20332419|20307585|20301149|20246068|20246013
1811568,20424183|20415723|20406349|20370688|20333225|20332419|20307585|20301149|20246068|20246013
1811865,20424183|20415723|20406349|20370688|20333225|20332419|20307585|20301149|20246068|20246013
1811919,20424183|20415723|20406349|20370688|20333225|20332419|20307585|20301149|20246068|20246013
1811926,20424183|20415723|20406349|20370688|20333225|20332419|20307585|20301149|20246068|20246013
1812015,20424183|20415723|20406349|20370688|20333225|20332419|20307585|20301149|20246068|20246013
1812022,20424183|20415723|20406349|20370688|20333225|20332419|20307585|20301149|20246068|20246013
1812046,4712278884263|4711634000965|47100312|4711686006090|4710998000802|4710731060124|4710363382045|4710247005206|4710032601194|4710015103370
1812404,20424183|20415723|20406349|20370688|20333225|20332419|20307585|20301149|20246068|20246013
1812534,20424183|20415723|20406349|20370688|20333225|20332419|20307585|20301149|20246068|20246013
1812688,20424183|20415723|20406349|20370688|20333225|20332419|20307585|20301149|20246068|20246013
1812749,20424183|20415723|20406349|20370688|20333225|20332419|20307585|20301149|20246068|20246013
1812770,20424183|20415723|20406349|20370688|20333225|20332419|20307585|20301149|20246068|20246013
1812893,4711686006090|4710998000802|4710731060124|4710363382045|4710032601194|4710015103370|4711128668787|4710960892077|4710247005206|4710467221516
1812978,4711686006090|4710998000802|4710731060124|4710363382045|4710032601194|4710015103370|4711128668787|4710960892077|4710247005206|4710467221516
1813012,20424183|20415723|20406349|20370688|20333225|20332419|20307585|20301149|20246068|20246013
1813043,20424183|20415723|20406349|20370688|20333225|20332419|20307585|20301149|20246068|20246013
1813326,20424183|20415723|20406349|20370688|20333225|20332419|20307585|20301149|20246068|20246013
1813685,4711686006090|4710998000802|4710731060124|4710363382045|4710032601194|4710015103370|4711128668787|4710960892077|4710247005206|4710467221516
1813692,20424183|20415723|20406349|20370688|20333225|20332419|20307585|20301149|20246068|20246013
1813739,20424183|20415723|20406349|20370688|20333225|20332419|20307585|20301149|20246068|20246013
1813791,20424183|20415723|20406349|20370688|20333225|20332419|20307585|20301149|20246068|20246013
1813975,20424183|20415723|20406349|20370688|20333225|20332419|20307585|20301149|20246068|20246013
1814064,20424183|20415723|20406349|20370688|20333225|20332419|20307585|20301149|20246068|20246013
1814118,4711686006090|4710998000802|4710731060124|4710363382045|4710032601194|4710015103370|4711128668787|4710960892077|4710247005206|4710467221516
1814149,4711686006090|4710998000802|4710731060124|4710363382045|4710032601194|4710015103370|4711128668787|4710960892077|4710247005206|4710467221516
1814156,20424183|20415723|20406349|20370688|20333225|20332419|20307585|20301149|20246068|20246013
1814347,4711686006090|4710998000802|4710731060124|4710363382045|4710032601194|4710015103370|4711128668787|4710960892077|4710247005206|4710467221516
1814392,4711686006090|4710998000802|4710731060124|4710363382045|4710032601194|4710015103370|4711128668787|4710960892077|4710247005206|4710467221516
1814439,20424183|20415723|20406349|20370688|20333225|20332419|20307585|20301149|20246068|20246013
1815009,20424183|20415723|20406349|20370688|20333225|20332419|20307585|20301149|20246068|20246013
1815108,20424183|20415723|20406349|20370688|20333225|20332419|20307585|20301149|20246068|20246013
1815115,20424183|20415723|20406349|20370688|20333225|20332419|20307585|20301149|20246068|20246013
1815269,20424183|20415723|20406349|20370688|20333225|20332419|20307585|20301149|20246068|20246013
1815276,20424183|20415723|20406349|20370688|20333225|20332419|20307585|20301149|20246068|20246013
1815320,20424183|20415723|20406349|20370688|20333225|20332419|20307585|20301149|20246068|20246013
1815559,20424183|20415723|20406349|20370688|20333225|20332419|20307585|20301149|20246068|20246013
1815672,20424183|20415723|20406349|20370688|20333225|20332419|20307585|20301149|20246068|20246013
1815719,20424183|20415723|20406349|20370688|20333225|20332419|20307585|20301149|20246068|20246013
1815849,4711686006090|4710998000802|4710731060124|4710363382045|4710032601194|4710015103370|4711128668787|4710960892077|4710247005206|4710467221516
1815887,20424183|20415723|20406349|20370688|20333225|20332419|20307585|20301149|20246068|20246013
1815900,20424183|20415723|20406349|20370688|20333225|20332419|20307585|20301149|20246068|20246013
1815931,20424183|20415723|20406349|20370688|20333225|20332419|20307585|20301149|20246068|20246013
1816037,4711686006090|4710998000802|4710731060124|4710363382045|4710032601194|4710015103370|4711128668787|4710960892077|4710247005206|4710467221516
1816303,20451042|20424183|20415723|20406349|20370688|20333225|20332419|20307585|20301149|20246013
1816549,20424183|20415723|20406349|20370688|20333225|20332419|20307585|20301149|20246068|20246013
1816624,20424183|20415723|20406349|20370688|20333225|20332419|20307585|20301149|20246068|20246013
1816693,20424183|20415723|20406349|20370688|20333225|20332419|20307585|20301149|20246068|20246013
1816945,20424183|20415723|20406349|20370688|20333225|20332419|20307585|20301149|20246068|20246013
1817027,20424183|20415723|20406349|20370688|20333225|20332419|20307585|20301149|20246068|20246013
1817072,20424183|20415723|20406349|20370688|20333225|20332419|20307585|20301149|20246068|20246013
1817270,4711686006090|4710998000802|4710731060124|4710363382045|4710032601194|4710015103370|4711128668787|4710960892077|4710247005206|4710467221516
1817324,4711686006090|4710998000802|4710731060124|4710363382045|4710032601194|4710015103370|4711128668787|4710960892077|4710247005206|4710467221516
1817362,20424183|20415723|20406349|20370688|20333225|20332419|20307585|20301149|20246068|20246013
1817706,20424183|20415723|20406349|20370688|20333225|20332419|20307585|20301149|20246068|20246013
1817744,20424183|20415723|20406349|20370688|20333225|20332419|20307585|20301149|20246068|20246013
1817843,20424183|20415723|20406349|20370688|20333225|20332419|20307585|20301149|20246068|20246013
1818246,4711686006090|4710998000802|4710731060124|4710363382045|4710032601194|4710015103370|4711128668787|4710960892077|4710247005206|4710467221516
1818260,4711686006090|4710998000802|4710731060124|4710363382045|4710032601194|4710015103370|4711128668787|4710960892077|4710247005206|4710467221516
1818307,20424183|20415723|20406349|20370688|20333225|20332419|20307585|20301149|20246068|20246013
1818666,20424183|20415723|20406349|20370688|20333225|20332419|20307585|20301149|20246068|20246013
1818819,20424183|20415723|20406349|20370688|20333225|20332419|20307585|20301149|20246068|20246013
1818871,4712620957263|4710498600847|20424183|20415723|20406349|20370688|20333225|20332419|20307585|20301149
1818918,20424183|20415723|20406349|20370688|20333225|20332419|20307585|20301149|20246068|20246013
1819083,20424183|20415723|20406349|20370688|20333225|20332419|20307585|20301149|20246068|20246013
1819090,4711686006090|4710998000802|4710731060124|4710363382045|4710032601194|4710015103370|4711128668787|4710960892077|4710247005206|4710467221516
1819212,20451042|20424183|20415723|20406349|20370688|20333225|20332419|20301149|20246068|20246013
1819281,20424183|20415723|20406349|20370688|20333225|20332419|20307585|20301149|20246068|20246013
1819465,20424183|20415723|20406349|20370688|20333225|20332419|20307585|20301149|20246068|20246013
1819526,20424183|20415723|20406349|20370688|20333225|20332419|20307585|20301149|20246068|20246013
1819557,4711686006090|4710998000802|4710731060124|4710363382045|4710032601194|4710015103370|4711128668787|4710960892077|4710247005206|4710467221516
1819632,20424183|20415723|20406349|20370688|20333225|20332419|20307585|20301149|20246068|20246013
1819748,20424183|20415723|20406349|20370688|20333225|20332419|20307585|20301149|20246068|20246013
1819854,20424183|20415723|20406349|20370688|20333225|20332419|20307585|20301149|20246068|20246013
1819960,20424183|20415723|20406349|20370688|20333225|20332419|20307585|20301149|20246068|20246013
1820034,4711686006090|4710998000802|4710731060124|4710363382045|4710032601194|4710015103370|4711128668787|4710960892077|4710247005206|4710467221516
1820201,20424183|20415723|20406349|20370688|20333225|20332419|20307585|20301149|20246068|20246013
1820553,20424183|20415723|20406349|20370688|20333225|20332419|20307585|20301149|20246068|20246013
1820973,20424183|20415723|20406349|20370688|20333225|20332419|20307585|20301149|20246068|20246013
1821048,20424183|20415723|20406349|20370688|20333225|20332419|20307585|20301149|20246068|20246013
1821369,4711686006090|4710998000802|4710731060124|4710363382045|4710032601194|4710015103370|4711128668787|4710960892077|4710247005206|4710467221516
1821390,20424183|20415723|20406349|20370688|20333225|20332419|20307585|20301149|20246068|20246013
1821857,20424183|20415723|20406349|20370688|20333225|20332419|20307585|20301149|20246068|20246013
1821932,20424183|20415723|20406349|20370688|20333225|20332419|20307585|20301149|20246068|20246013
1822038,4711686006090|4710998000802|4710731060124|4710363382045|4710032601194|4710015103370|4711128668787|4710960892077|4710247005206|4710467221516
1822045,20424183|20415723|20406349|20370688|20333225|20332419|20307585|20301149|20246068|20246013
1822090,20424183|20415723|20406349|20370688|20333225|20332419|20307585|20301149|20246068|20246013
1822151,4711686006090|4710998000802|4710731060124|4710363382045|4710032601194|4710015103370|4711128668787|4710960892077|4710247005206|4710467221516
1822175,20424183|20415723|20406349|20370688|20333225|20332419|20307585|20301149|20246068|20246013
1822328,20424183|20415723|20406349|20370688|20333225|20332419|20307585|20301149|20246068|20246013
1822441,20424183|20415723|20406349|20370688|20333225|20332419|20307585|20301149|20246068|20246013
1822519,20424183|20415723|20406349|20370688|20333225|20332419|20307585|20301149|20246068|20246013
1822526,20424183|20415723|20406349|20370688|20333225|20332419|20307585|20301149|20246068|20246013
1822533,20424183|20415723|20406349|20370688|20333225|20332419|20307585|20301149|20246068|20246013
1822618,20424183|20415723|20406349|20370688|20333225|20332419|20307585|20301149|20246068|20246013
1822816,20424183|20415723|20406349|20370688|20333225|20332419|20307585|20301149|20246068|20246013
1823134,20424183|20415723|20406349|20370688|20333225|20332419|20307585|20301149|20246068|20246013
1823219,20424183|20415723|20406349|20370688|20333225|20332419|20307585|20301149|20246068|20246013
1823240,4711686006090|4710998000802|4710731060124|4710363382045|4710032601194|4710015103370|4711128668787|4710960892077|4710247005206|4710467221516
1823295,4711686006090|4710998000802|4710731060124|4710363382045|4710032601194|4710015103370|4711128668787|4710960892077|4710247005206|4710467221516
1823417,20424183|20415723|20406349|20370688|20333225|20332419|20307585|20301149|20246068|20246013
1823424,20424183|20415723|20406349|20370688|20333225|20332419|20307585|20301149|20246068|20246013
1823653,4711686006090|4710998000802|4710731060124|4710363382045|4710032601194|4710015103370|4711128668787|4710960892077|4710247005206|4710467221516
1823660,20424183|20415723|20406349|20370688|20333225|20332419|20307585|20301149|20246068|20246013
1824025,20424183|20415723|20406349|20370688|20333225|20332419|20307585|20301149|20246068|20246013
1824209,20424183|20415723|20406349|20370688|20333225|20332419|20307585|20301149|20246068|20246013
1824438,20424183|20415723|20406349|20370688|20333225|20332419|20307585|20301149|20246068|20246013
1824452,20451042|20424183|20415723|20406349|20370688|20333225|20332419|20301149|20246068|20246013
1824599,4711686006090|4710998000802|4710731060124|4710363382045|4710032601194|4710015103370|4711128668787|4710960892077|4710247005206|4710467221516
1824629,20424183|20415723|20406349|20370688|20333225|20332419|20307585|20301149|20246068|20246013
1824681,20424183|20415723|20406349|20370688|20333225|20332419|20307585|20301149|20246068|20246013
1824827,20424183|20415723|20406349|20370688|20333225|20332419|20307585|20301149|20246068|20246013
1824872,20424183|20415723|20406349|20370688|20333225|20332419|20307585|20301149|20246068|20246013
1824971,50000301829|4712278884263|4711634000965|47100312|4711686006090|4710998000802|4710731060124|4710363382045|4710247005206|4710032601194
1825008,4711686006090|4710998000802|4710731060124|4710363382045|4710032601194|4710015103370|4711128668787|4710960892077|4710247005206|4710467221516
1825022,20424183|20415723|20406349|20370688|20333225|20332419|20307585|20301149|20246068|20246013
1825275,20424183|20415723|20406349|20370688|20333225|20332419|20307585|20301149|20246068|20246013
1825466,20451042|20424183|20406349|20370688|20333225|20332419|20307585|20301149|20246068|20246013
1825473,4711686006090|4710998000802|4710731060124|4710363382045|4710032601194|4710015103370|4711128668787|4710960892077|4710247005206|4710467221516
1825671,20424183|20415723|20406349|20370688|20333225|20332419|20307585|20301149|20246068|20246013
1825848,20424183|20415723|20406349|20370688|20333225|20332419|20307585|20301149|20246068|20246013
1825855,4711686006090|4710998000802|4710731060124|4710363382045|4710032601194|4710015103370|4711128668787|4710960892077|4710247005206|4710467221516
1826173,20424183|20415723|20406349|20370688|20333225|20332419|20307585|20301149|20246068|20246013
1826333,20424183|20415723|20406349|20370688|20333225|20332419|20307585|20301149|20246068|20246013
1826487,20424183|20415723|20406349|20370688|20333225|20332419|20307585|20301149|20246068|20246013
1826517,20424183|20415723|20406349|20370688|20333225|20332419|20307585|20301149|20246068|20246013
1826555,20424183|20415723|20406349|20370688|20333225|20332419|20307585|20301149|20246068|20246013
1826661,20424183|20415723|20406349|20370688|20333225|20332419|20307585|20301149|20246068|20246013
1826753,20424183|20415723|20406349|20370688|20333225|20332419|20307585|20301149|20246068|20246013
1826784,20424183|20415723|20406349|20370688|20333225|20332419|20307585|20301149|20246068|20246013
1826890,4711686006090|4710998000802|4710731060124|4710363382045|4710032601194|4710015103370|4711128668787|4710960892077|4710247005206|4710467221516
1827125,20424183|20415723|20406349|20370688|20333225|20332419|20307585|20301149|20246068|20246013
1827156,4711686006090|4710998000802|4710731060124|4710363382045|4710032601194|4710015103370|4711128668787|4710960892077|4710247005206|4710467221516
1827538,20424183|20415723|20406349|20370688|20333225|20332419|20307585|20301149|20246068|20246013
1827569,20424183|20415723|20406349|20370688|20333225|20332419|20307585|20301149|20246068|20246013
1827576,20424183|20415723|20406349|20370688|20333225|20332419|20307585|20301149|20246068|20246013
1827668,20424183|20415723|20406349|20370688|20333225|20332419|20307585|20301149|20246068|20246013
1827781,4711686006090|4710998000802|4710731060124|4710363382045|4710032601194|4710015103370|4711128668787|4710960892077|4710247005206|4710467221516
1827958,20424183|20415723|20406349|20370688|20333225|20332419|20307585|20301149|20246068|20246013
1828009,20424183|20415723|20406349|20370688|20333225|20332419|20307585|20301149|20246068|20246013
1828030,20424183|20415723|20406349|20370688|20333225|20332419|20307585|20301149|20246068|20246013
1828061,20424183|20415723|20406349|20370688|20333225|20332419|20307585|20301149|20246068|20246013
1828474,20424183|20415723|20406349|20370688|20333225|20332419|20307585|20301149|20246068|20246013
1828764,20424183|20415723|20406349|20370688|20333225|20332419|20307585|20301149|20246068|20246013
1829310,20424183|20415723|20406349|20370688|20333225|20332419|20307585|20301149|20246068|20246013
1829549,20424183|20415723|20406349|20370688|20333225|20332419|20307585|20301149|20246068|20246013
1829679,20424183|20415723|20406349|20370688|20333225|20332419|20307585|20301149|20246068|20246013
1829693,20424183|20415723|20406349|20370688|20333225|20332419|20307585|20301149|20246068|20246013
1829709,20424183|20415723|20406349|20370688|20333225|20332419|20307585|20301149|20246068|20246013
1829884,20424183|20415723|20406349|20370688|20333225|20332419|20307585|20301149|20246068|20246013
1830057,20424183|20415723|20406349|20370688|20333225|20332419|20307585|20301149|20246068|20246013
1830200,4711686006090|4710998000802|4710731060124|4710363382045|4710032601194|4710015103370|4711128668787|4710960892077|4710247005206|4710467221516
1830224,20424183|20415723|20406349|20370688|20333225|20332419|20307585|20301149|20246068|20246013
1830439,20424183|20415723|20406349|20370688|20333225|20332419|20307585|20301149|20246068|20246013
1830514,20424183|20415723|20406349|20370688|20333225|20332419|20307585|20301149|20246068|20246013
1830880,20424183|20415723|20406349|20370688|20333225|20332419|20307585|20301149|20246068|20246013
1830934,20424183|20415723|20406349|20370688|20333225|20332419|20307585|20301149|20246068|20246013
1831221,20424183|20415723|20406349|20370688|20333225|20332419|20307585|20301149|20246068|20246013
1831405,20424183|20415723|20406349|20370688|20333225|20332419|20307585|20301149|20246068|20246013
1831641,20424183|20415723|20406349|20370688|20333225|20332419|20307585|20301149|20246068|20246013
1831665,20424183|20415723|20406349|20370688|20333225|20332419|20307585|20301149|20246068|20246013
1831733,20424183|20415723|20406349|20370688|20333225|20332419|20307585|20301149|20246068|20246013
1831863,20451042|20424183|20406349|20370688|20333225|20332419|20307585|20301149|20246068|20246013
1831887,20424183|20415723|20406349|20370688|20333225|20332419|20307585|20301149|20246068|20246013
1831986,20424183|20415723|20406349|20370688|20333225|20332419|20307585|20301149|20246068|20246013
1832013,4711686006090|4710998000802|4710731060124|4710363382045|4710032601194|4710015103370|4711128668787|4710960892077|4710247005206|4710467221516
1832068,20424183|20415723|20406349|20370688|20333225|20332419|20307585|20301149|20246068|20246013
1832112,20424183|20415723|20406349|20370688|20333225|20332419|20307585|20301149|20246068|20246013
1832150,20424183|20415723|20406349|20370688|20333225|20332419|20307585|20301149|20246068|20246013
1832266,4711686006090|4710998000802|4710731060124|4710363382045|4710032601194|4710015103370|4711128668787|4710960892077|4710247005206|4710467221516
1832433,20424183|20415723|20406349|20370688|20333225|20332419|20307585|20301149|20246068|20246013
1832617,20424183|20415723|20406349|20370688|20333225|20332419|20307585|20301149|20246068|20246013
1832709,20424183|20415723|20406349|20370688|20333225|20332419|20307585|20301149|20246068|20246013
1832938,4711686006090|4710998000802|4710731060124|4710363382045|4710032601194|4710015103370|4711128668787|4710960892077|4710247005206|4710467221516
1833362,4711686006090|4710998000802|4710731060124|4710363382045|4710032601194|4710015103370|4711128668787|4710960892077|4710247005206|4710467221516
1833539,20424183|20415723|20406349|20370688|20333225|20332419|20307585|20301149|20246068|20246013
1833546,20424183|20415723|20406349|20370688|20333225|20332419|20307585|20301149|20246068|20246013
1833638,4711686006090|4710998000802|4710731060124|4710363382045|4710032601194|4710015103370|4711128668787|4710960892077|4710247005206|4710467221516
1833805,4711686006090|4710998000802|4710731060124|4710363382045|4710032601194|4710015103370|4711128668787|4710960892077|4710247005206|4710467221516
1833935,20424183|20415723|20406349|20370688|20333225|20332419|20307585|20301149|20246068|20246013
1833980,20424183|20415723|20406349|20370688|20333225|20332419|20307585|20301149|20246068|20246013
1834123,20424183|20415723|20406349|20370688|20333225|20332419|20307585|20301149|20246068|20246013
1834291,20424183|20415723|20406349|20370688|20333225|20332419|20307585|20301149|20246068|20246013
1834468,20424183|20415723|20406349|20370688|20333225|20332419|20307585|20301149|20246068|20246013
1834888,20424183|20415723|20406349|20370688|20333225|20332419|20307585|20301149|20246068|20246013
1835007,20424183|20415723|20406349|20370688|20333225|20332419|20307585|20301149|20246068|20246013
1835052,4712278884263|4711634000965|47100312|4711686006090|4710998000802|4710731060124|4710363382045|4710247005206|4710032601194|4710015103370
1835588,20424183|20415723|20406349|20370688|20333225|20332419|20307585|20301149|20246068|20246013
1835601,20424183|20415723|20406349|20370688|20333225|20332419|20307585|20301149|20246068|20246013
1835779,20424183|20415723|20406349|20370688|20333225|20332419|20307585|20301149|20246068|20246013
1836325,20424183|20415723|20406349|20370688|20333225|20332419|20307585|20301149|20246068|20246013
1836387,4711686006090|4710998000802|4710731060124|4710363382045|4710032601194|4710015103370|4711128668787|4710960892077|4710247005206|4710467221516
1836417,20424183|20415723|20406349|20370688|20333225|20332419|20307585|20301149|20246068|20246013
1836431,20451042|20424183|20415723|20370688|20333225|20332419|20307585|20301149|20246068|20246013
1836516,4711686006090|4710998000802|4710731060124|4710363382045|4710032601194|4710015103370|4711128668787|4710960892077|4710247005206|4710467221516
1836523,4711686006090|4710998000802|4710731060124|4710363382045|4710032601194|4710015103370|4711128668787|4710960892077|4710247005206|4710467221516
1837049,20424183|20415723|20406349|20370688|20333225|20332419|20307585|20301149|20246068|20246013
1837179,20424183|20415723|20406349|20370688|20333225|20332419|20307585|20301149|20246068|20246013
1837421,20424183|20415723|20406349|20370688|20333225|20332419|20307585|20301149|20246068|20246013
1837605,20424183|20415723|20406349|20370688|20333225|20332419|20307585|20301149|20246068|20246013
1837704,20424183|20415723|20406349|20370688|20333225|20332419|20307585|20301149|20246068|20246013
1837766,20424183|20415723|20406349|20370688|20333225|20332419|20307585|20301149|20246068|20246013
1837902,20424183|20415723|20406349|20370688|20333225|20332419|20307585|20301149|20246068|20246013
1838039,20451042|20424183|20415723|20406349|20370688|20333225|20332419|20301149|20246068|20246013
1838138,20424183|20415723|20406349|20370688|20333225|20332419|20307585|20301149|20246068|20246013
1838190,20424183|20415723|20406349|20370688|20333225|20332419|20307585|20301149|20246068|20246013
1838428,20451042|20424183|20415723|20406349|20370688|20333225|20332419|20301149|20246068|20246013
1838442,20424183|20415723|20406349|20370688|20333225|20332419|20307585|20301149|20246068|20246013
1838657,4714050000038|4710110000581|4711437000063|4710209701139|4710114105046|4710105010724|4710094012686|4710515533028|4710247001765|4710085120468
1838664,20424183|20415723|20406349|20370688|20333225|20332419|20307585|20301149|20246068|20246013
1838695,20424183|20415723|20406349|20370688|20333225|20332419|20307585|20301149|20246068|20246013
1838855,4711686006090|4710998000802|4710731060124|4710363382045|4710032601194|4710015103370|4711128668787|4710960892077|4710247005206|4710467221516
1838893,20424183|20415723|20406349|20370688|20333225|20332419|20307585|20301149|20246068|20246013
1839265,20424183|20415723|20406349|20370688|20333225|20332419|20307585|20301149|20246068|20246013
1839319,20424183|20415723|20406349|20370688|20333225|20332419|20307585|20301149|20246068|20246013
1839333,20424183|20415723|20406349|20370688|20333225|20332419|20307585|20301149|20246068|20246013
1839425,4711686006090|4710998000802|4710731060124|4710363382045|4710032601194|4710015103370|4711128668787|4710960892077|4710247005206|4710467221516
1839517,4711686006090|4710998000802|4710731060124|4710363382045|4710032601194|4710015103370|4711128668787|4710960892077|4710247005206|4710467221516
1839883,20424183|20415723|20406349|20370688|20333225|20332419|20307585|20301149|20246068|20246013
1840032,20424183|20415723|20406349|20370688|20333225|20332419|20307585|20301149|20246068|20246013
1840186,20424183|20415723|20406349|20370688|20333225|20332419|20307585|20301149|20246068|20246013
1840292,20424183|20415723|20406349|20370688|20333225|20332419|20307585|20301149|20246068|20246013
1840315,4711686006090|4710998000802|4710731060124|4710363382045|4710032601194|4710015103370|4711128668787|4710960892077|4710247005206|4710467221516
1840322,20424183|20415723|20406349|20370688|20333225|20332419|20307585|20301149|20246068|20246013
1840377,4711686006090|4710998000802|4710731060124|4710363382045|4710032601194|4710015103370|4711128668787|4710960892077|4710247005206|4710467221516
1840384,50000301829|20424183|20415723|20406349|20370688|20333225|20332419|20307585|20301149|20246068
1840438,20424183|20415723|20406349|20370688|20333225|20332419|20307585|20301149|20246068|20246013
1840445,20424183|20415723|20406349|20370688|20333225|20332419|20307585|20301149|20246068|20246013
1840650,20424183|20415723|20406349|20370688|20333225|20332419|20307585|20301149|20246068|20246013
1840858,20424183|20415723|20406349|20370688|20333225|20332419|20307585|20301149|20246068|20246013
1840995,20424183|20415723|20406349|20370688|20333225|20332419|20307585|20301149|20246068|20246013
1841060,20424183|20415723|20406349|20370688|20333225|20332419|20307585|20301149|20246068|20246013
1841084,20451042|20424183|20415723|20406349|20370688|20333225|20332419|20307585|20246068|20246013
1841312,20424183|20415723|20406349|20370688|20333225|20332419|20307585|20301149|20246068|20246013
1841350,20424183|20415723|20406349|20370688|20333225|20332419|20307585|20301149|20246068|20246013
1841626,20424183|20415723|20406349|20370688|20333225|20332419|20307585|20301149|20246068|20246013
1841787,20451042|20424183|20415723|20406349|20370688|20333225|20332419|20301149|20246068|20246013
1841930,4711686006090|4710998000802|4710731060124|4710363382045|4710032601194|4710015103370|4711128668787|4710960892077|4710247005206|4710467221516
1841978,20424183|20415723|20406349|20370688|20333225|20332419|20307585|20301149|20246068|20246013
1842166,20424183|20415723|20406349|20370688|20333225|20332419|20307585|20301149|20246068|20246013
1842289,20424183|20415723|20406349|20370688|20333225|20332419|20307585|20301149|20246068|20246013
1842319,20451042|20424183|20415723|20370688|20333225|20332419|20307585|20301149|20246068|20246013
1842326,20424183|20415723|20406349|20370688|20333225|20332419|20307585|20301149|20246068|20246013
1842364,20424183|20415723|20406349|20370688|20333225|20332419|20307585|20301149|20246068|20246013
1842463,4710628070465|20424183|20415723|20406349|20370688|20333225|20332419|20307585|20301149|20246068
1842975,20424183|20415723|20406349|20370688|20333225|20332419|20307585|20301149|20246068|20246013
1842982,20424183|20415723|20406349|20370688|20333225|20332419|20307585|20301149|20246068|20246013
1842999,20424183|20415723|20406349|20370688|20333225|20332419|20307585|20301149|20246068|20246013
1843231,4711686006090|4710998000802|4710731060124|4710363382045|4710032601194|4710015103370|4711128668787|4710960892077|4710247005206|4710467221516
1843255,4711686006090|4710998000802|4710731060124|4710363382045|4710032601194|4710015103370|4711128668787|4710960892077|4710247005206|4710467221516
1843279,20424183|20415723|20406349|20370688|20333225|20332419|20307585|20301149|20246068|20246013
1843378,20424183|20415723|20406349|20370688|20333225|20332419|20307585|20301149|20246068|20246013
1843422,20424183|20415723|20406349|20370688|20333225|20332419|20307585|20301149|20246068|20246013
1843552,4714050000038|4710110000581|4711437000063|4710209701139|4710114105046|4710105010724|4710094012686|4710515533028|4710247001765|4710085120468
1843736,20424183|20415723|20406349|20370688|20333225|20332419|20307585|20301149|20246068|20246013
1843828,20424183|20415723|20406349|20370688|20333225|20332419|20307585|20301149|20246068|20246013
1843835,20424183|20415723|20406349|20370688|20333225|20332419|20307585|20301149|20246068|20246013
1844009,20424183|20415723|20406349|20370688|20333225|20332419|20307585|20301149|20246068|20246013
1844023,20424183|20415723|20406349|20370688|20333225|20332419|20307585|20301149|20246068|20246013
1844283,20424183|20415723|20406349|20370688|20333225|20332419|20307585|20301149|20246068|20246013
1844337,20424183|20415723|20406349|20370688|20333225|20332419|20307585|20301149|20246068|20246013
1844481,4711686006090|4710998000802|4710731060124|4710363382045|4710032601194|4710015103370|4711128668787|4710960892077|4710247005206|4710467221516
1844733,20424183|20415723|20406349|20370688|20333225|20332419|20307585|20301149|20246068|20246013
1844955,20424183|20415723|20406349|20370688|20333225|20332419|20307585|20301149|20246068|20246013
1845341,20424183|20415723|20406349|20370688|20333225|20332419|20307585|20301149|20246068|20246013
1845389,20424183|20415723|20406349|20370688|20333225|20332419|20307585|20301149|20246068|20246013
1845419,20424183|20415723|20406349|20370688|20333225|20332419|20307585|20301149|20246068|20246013
1845433,20424183|20415723|20406349|20370688|20333225|20332419|20307585|20301149|20246068|20246013
1845495,4710175565131|4710467221226|4714981010038|20424183|20415723|20406349|20370688|20333225|20332419|20307585
1845624,20424183|20415723|20406349|20370688|20333225|20332419|20307585|20301149|20246068|20246013
1845648,20424183|20415723|20406349|20370688|20333225|20332419|20307585|20301149|20246068|20246013
1845716,4711686006090|4710998000802|4710731060124|4710363382045|4710032601194|4710015103370|4711128668787|4710960892077|4710247005206|4710467221516
1845747,4710998000802|4710734000318|4710734000264|4710731060124|4710683100015|4710363382045|4710247005206|4710088410207|4710032601194|4710015103370
1845778,4710036038033|4719090900058|4711080010112|20424183|20415723|20406349|20370688|20333225|20332419|20307585
1845822,20424183|20415723|20406349|20370688|20333225|20332419|20307585|20301149|20246068|20246013
1845839,20424183|20415723|20406349|20370688|20333225|20332419|20307585|20301149|20246068|20246013
1845884,20424183|20415723|20406349|20370688|20333225|20332419|20307585|20301149|20246068|20246013
1845945,20451042|20424183|20415723|20406349|20370688|20333225|20332419|20307585|20301149|20246068
1845976,4711686006090|4710998000802|4710731060124|4710363382045|4710032601194|4710015103370|4711128668787|4710960892077|4710247005206|4710467221516
1845983,20424183|20415723|20406349|20370688|20333225|20332419|20307585|20301149|20246068|20246013
1845990,20424183|20415723|20406349|20370688|20333225|20332419|20307585|20301149|20246068|20246013
1846003,20424183|20415723|20406349|20370688|20333225|20332419|20307585|20301149|20246068|20246013
1846065,4711686006090|4710998000802|4710731060124|4710363382045|4710032601194|4710015103370|4711128668787|4710960892077|4710247005206|4710467221516
1846072,20424183|20415723|20406349|20370688|20333225|20332419|20307585|20301149|20246068|20246013
1846119,20424183|20415723|20406349|20370688|20333225|20332419|20307585|20301149|20246068|20246013
1846195,20424183|20415723|20406349|20370688|20333225|20332419|20307585|20301149|20246068|20246013
1846225,4714050000038|4710110000581|4711437000063|4710209701139|4710114105046|4710105010724|4710094012686|4710515533028|4710247001765|4710085120468
1846249,20424183|20415723|20406349|20370688|20333225|20332419|20307585|20301149|20246068|20246013
1846256,4710431336246|4710431332156|20424183|20415723|20406349|20370688|20333225|20332419|20307585|20301149
1846263,20424183|20415723|20406349|20370688|20333225|20332419|20307585|20301149|20246068|20246013
1846300,20424183|20415723|20406349|20370688|20333225|20332419|20307585|20301149|20246068|20246013
1846317,4710140102804|8801687000206|20424183|20415723|20406349|20370688|20333225|20332419|20307585|20301149
1846324,20424183|20415723|20406349|20370688|20333225|20332419|20307585|20301149|20246068|20246013
1846331,20424183|20415723|20406349|20370688|20333225|20332419|20307585|20301149|20246068|20246013
1846355,7610053910800|4713608210035|4710114105046|4710094012686|4710063312168|4712278884263|4711634000965|47100312|4710998000802|4710731060124
1846379,20424183|20415723|20406349|20370688|20333225|20332419|20307585|20301149|20246068|20246013
1846386,4711686006090|4710998000802|4710731060124|4710363382045|4710032601194|4710015103370|4711128668787|4710960892077|4710247005206|4710467221516
1846393,4710892100028|4710085104116|4714981010038|20424183|20415723|20406349|20370688|20333225|20332419|20307585
1846416,20424183|20415723|20406349|20370688|20333225|20332419|20307585|20301149|20246068|20246013
1846478,20424183|20415723|20406349|20370688|20333225|20332419|20307585|20301149|20246068|20246013
1846485,20424183|20415723|20406349|20370688|20333225|20332419|20307585|20301149|20246068|20246013
1846492,20424183|20415723|20406349|20370688|20333225|20332419|20307585|20301149|20246068|20246013
1846546,20424183|20415723|20406349|20370688|20333225|20332419|20307585|20301149|20246068|20246013
1846553,4710871000165|20451042|20424183|20415723|20406349|20370688|20333225|20332419|20307585|20301149
1846560,20424183|20415723|20406349|20370688|20333225|20332419|20307585|20301149|20246068|20246013
1846607,4711686006090|4710998000802|4710731060124|4710363382045|4710247005206|4710032601194|4710015103370|4714681951181|4710088431295|4710088410382
1846614,20307585|20424183|20415723|20406349|20370688|20333225|20332419|20301149|20246068|20246013
1846621,20424183|20415723|20406349|20370688|20333225|20332419|20307585|20301149|20246068|20246013
1846638,20424183|20415723|20406349|20370688|20333225|20332419|20307585|20301149|20246068|20246013
1846652,20424183|20415723|20406349|20370688|20333225|20332419|20307585|20301149|20246068|20246013
1846669,4714058833126|4710011409056|4710734000318|4710734000264|4710731060124|4710683100015|4710363382045|4710247005206|4710065234567|4710032601194
1846676,20424183|20415723|20406349|20370688|20333225|20332419|20307585|20301149|20246068|20246013
1846683,4710105020341|4710626521716|4710088430922|4711524001041|4710290007011|4710022102892|4710088432476|4710105020358|4710105051642|4711524000471
1846690,20424183|20415723|20406349|20370688|20333225|20332419|20307585|20301149|20246068|20246013
1846706,20424183|20415723|20406349|20370688|20333225|20332419|20307585|20301149|20246068|20246013
1846737,4712278884263|4711634000965|47100312|4711686006090|4710998000802|4710731060124|4710363382045|4710247005206|4710032601194|4710015103370
1846751,20424183|20415723|20406349|20370688|20333225|20332419|20307585|20301149|20246068|20246013
1846768,4711686006090|4710998000802|4710731060124|4710363382045|4710032601194|4710015103370|4711128668787|4710960892077|4710247005206|4710467221516
1846775,20424183|20415723|20406349|20370688|20333225|20332419|20307585|20301149|20246068|20246013
1846805,4711686006090|4710998000802|4710731060124|4710363382045|4710032601194|4710015103370|4711128668787|4710960892077|4710247005206|4710467221516
1846812,4712278884263|4711634000965|47100312|4711686006090|4710998000802|4710731060124|4710363382045|4710247005206|4710032601194|4710015103370
1846829,4712278884263|4711634000965|47100312|4711686006090|4710998000802|4710731060124|4710363382045|4710247005206|4710032601194|4710015103370
1846867,20424183|20415723|20406349|20370688|20333225|20332419|20307585|20301149|20246068|20246013
1846904,4710126392199|4710250440186|4710011417099|4710008242123|4710105002019|4710857000042|4710011401135|4710011401142|4710731060124|4710363382045
1846911,20451042|20424183|20415723|20406349|20370688|20333225|20332419|20307585|20301149|20246068
1846928,20424183|20415723|20406349|20370688|20333225|20332419|20307585|20301149|20246068|20246013
1846935,20424183|20415723|20406349|20370688|20333225|20332419|20307585|20301149|20246068|20246013
1846942,20424183|20415723|20406349|20370688|20333225|20332419|20307585|20301149|20246068|20246013
1847024,20424183|20415723|20406349|20370688|20333225|20332419|20307585|20301149|20246068|20246013
1847031,20424183|20415723|20406349|20370688|20333225|20332419|20307585|20301149|20246068|20246013
1847062,20424183|20415723|20406349|20370688|20333225|20332419|20307585|20301149|20246068|20246013
1847086,20424183|20415723|20406349|20370688|20333225|20332419|20307585|20301149|20246068|20246013
1847109,20424183|20415723|20406349|20370688|20333225|20332419|20307585|20301149|20246068|20246013
1847116,4711686006090|4710998000802|4710731060124|4710363382045|4710032601194|4710015103370|4711128668787|4710960892077|4710247005206|4710467221516
1847130,4711686006090|4710998000802|4710731060124|4710363382045|4710032601194|4710015103370|4711128668787|4710960892077|4710247005206|4710467221516
1847147,37000441809|4711634000460|4710722000474|37000440147|20424183|20415723|20406349|20370688|20333225|20332419
1847260,20424183|20415723|20406349|20370688|20333225|20332419|20307585|20301149|20246068|20246013
1847376,4711686006090|4710998000802|4710731060124|4710363382045|4710032601194|4710015103370|4711128668787|4710960892077|4710247005206|4710467221516
1847734,20424183|20415723|20406349|20370688|20333225|20332419|20307585|20301149|20246068|20246013
1847796,20424183|20415723|20406349|20370688|20333225|20332419|20307585|20301149|20246068|20246013
1847871,20424183|20415723|20406349|20370688|20333225|20332419|20307585|20301149|20246068|20246013
1847987,20424183|20415723|20406349|20370688|20333225|20332419|20307585|20301149|20246068|20246013
1847994,4710172030083|4710088443328|4710159010107|20332419|4716617500036|4710126012066|4710105051147|4710515533028|4710105045450|4711524000471
1848045,20424183|20415723|20406349|20370688|20333225|20332419|20307585|20301149|20246068|20246013
1848052,4712019100607|4710719000333|20424183|20415723|20406349|20370688|20333225|20332419|20307585|20301149
1848151,20424183|20415723|20406349|20370688|20333225|20332419|20307585|20301149|20246068|20246013
1848168,4711686006090|4710998000802|4710731060124|4710363382045|4710032601194|4710015103370|4711128668787|4710960892077|4710247005206|4710467221516
1848182,20424183|20415723|20406349|20370688|20333225|20332419|20307585|20301149|20246068|20246013
1848205,4711686006090|4710998000802|4710731060124|4710363382045|4710032601194|4710015103370|4711128668787|4710960892077|4710247005206|4710467221516
1848243,20424183|20415723|20406349|20370688|20333225|20332419|20307585|20301149|20246068|20246013
1848267,20451042|20424183|20415723|20406349|20370688|20333225|20332419|20307585|20246068|20246013
1848274,4711686006090|4710998000802|4710731060124|4710363382045|4710032601194|4710015103370|4711128668787|4710960892077|4710247005206|4710467221516
1848328,20424183|20415723|20406349|20370688|20333225|20332419|20307585|20301149|20246068|20246013
1848335,20424183|20415723|20406349|20370688|20333225|20332419|20307585|20301149|20246068|20246013
1848359,4710172020077|4710998000802|4710734000318|4710734000264|4710731060124|4710363382045|4710247005206|4710065234567|4710032601194|4710015103370
1848410,20424183|20415723|20406349|20370688|20333225|20332419|20307585|20301149|20246068|20246013
1848434,4712278884263|4711634000965|47100312|4711686006090|4710998000802|4710731060124|4710363382045|4710247005206|4710032601194|4710015103370
1848472,20424183|20415723|20406349|20370688|20333225|20332419|20307585|20301149|20246068|20246013
1848496,20424183|20415723|20406349|20370688|20333225|20332419|20307585|20301149|20246068|20246013
1848519,20424183|20415723|20406349|20370688|20333225|20332419|20307585|20301149|20246068|20246013
1848564,4711686006090|4710998000802|4710731060124|4710363382045|4710032601194|4710015103370|4711128668787|4710960892077|4710247005206|4710467221516
1848571,4711686006090|4710998000802|4710731060124|4710363382045|4710032601194|4710015103370|4711128668787|4710960892077|4710247005206|4710467221516
1848588,20424183|20415723|20406349|20370688|20333225|20332419|20307585|20301149|20246068|20246013
1848601,20424183|20415723|20406349|20370688|20333225|20332419|20307585|20301149|20246068|20246013
1848618,4716617500036|4710515533028|4710012123012|4711524000471|4711524000419|4711524000457|4711524000396|8801687000206|4710105045313|4711080010112
1848656,4711686006090|4710998000802|4710731060124|4710363382045|4710032601194|4710015103370|4711128668787|4710960892077|4710247005206|4710467221516
1848687,4710098162806|4902757160906|4711926724012|4712278884263|4711634000965|47100312|4711686006090|4710998000802|4710731060124|4710363382045
1848755,20424183|20415723|20406349|20370688|20333225|20332419|20307585|20301149|20246068|20246013
1848809,4711686006090|4710998000802|4710731060124|4710363382045|4710032601194|4710015103370|4711128668787|4710960892077|4710247005206|4710467221516
1848816,4710871000165|20451042|20424183|20415723|20406349|20370688|20333225|20332419|20307585|20301149
1849158,20424183|20415723|20406349|20370688|20333225|20332419|20307585|20301149|20246068|20246013
1849165,20424183|20415723|20406349|20370688|20333225|20332419|20307585|20301149|20246068|20246013
1849219,20424183|20415723|20406349|20370688|20333225|20332419|20307585|20301149|20246068|20246013
1849226,4710431330503|20424183|20415723|20406349|20370688|20333225|20332419|20307585|20301149|20246068
1849295,4711686006090|4710998000802|4710731060124|4710363382045|4710032601194|4710015103370|4711128668787|4710960892077|4710247005206|4710467221516
1849332,4712278884263|4711634000965|47100312|4711686006090|4710998000802|4710731060124|4710363382045|4710247005206|4710032601194|4710015103370
1849417,20424183|20415723|20406349|20370688|20333225|20332419|20307585|20301149|20246068|20246013
1849677,4711686006090|4710998000802|4710731060124|4710363382045|4710032601194|4710015103370|4711128668787|4710960892077|4710247005206|4710467221516
1850031,20424183|20415723|20406349|20370688|20333225|20332419|20307585|20301149|20246068|20246013
1850475,4711686006090|4710998000802|4710731060124|4710363382045|4710032601194|4710015103370|4711128668787|4710960892077|4710247005206|4710467221516
1850987,4711686006090|4710998000802|4710731060124|4710363382045|4710032601194|4710015103370|4711128668787|4710960892077|4710247005206|4710467221516
1851052,20424183|20415723|20406349|20370688|20333225|20332419|20307585|20301149|20246068|20246013
1851311,20424183|20415723|20406349|20370688|20333225|20332419|20307585|20301149|20246068|20246013
1851403,20424183|20415723|20406349|20370688|20333225|20332419|20307585|20301149|20246068|20246013
1851489,20424183|20415723|20406349|20370688|20333225|20332419|20307585|20301149|20246068|20246013
1851588,20424183|20415723|20406349|20370688|20333225|20332419|20307585|20301149|20246068|20246013
1852547,4711686006090|4710998000802|4710731060124|4710363382045|4710032601194|4710015103370|4711128668787|4710960892077|4710247005206|4710467221516
1853025,20424183|20415723|20406349|20370688|20333225|20332419|20307585|20301149|20246068|20246013
1853070,20424183|20415723|20406349|20370688|20333225|20332419|20307585|20301149|20246068|20246013
1853100,4711686006090|4710998000802|4710731060124|4710363382045|4710032601194|4710015103370|4711128668787|4710960892077|4710247005206|4710467221516
1853124,20424183|20415723|20406349|20370688|20333225|20332419|20307585|20301149|20246068|20246013
1853292,20424183|20415723|20406349|20370688|20333225|20332419|20307585|20301149|20246068|20246013
1853674,4711686006090|4710998000802|4710731060124|4710363382045|4710032601194|4710015103370|4711128668787|4710960892077|4710247005206|4710467221516
1853827,20424183|20415723|20406349|20370688|20333225|20332419|20307585|20301149|20246068|20246013
1853919,4710105046013|9300644131759|4710105011011|4711128668787|4710960892077|4710583910004|4710362010093|47106710|4710467221516|4710043981513
1854060,20424183|20415723|20406349|20370688|20333225|20332419|20307585|20301149|20246068|20246013
1854107,20424183|20415723|20406349|20370688|20333225|20332419|20307585|20301149|20246068|20246013
1854176,20424183|20415723|20406349|20370688|20333225|20332419|20307585|20301149|20246068|20246013
1854503,20424183|20415723|20406349|20370688|20333225|20332419|20307585|20301149|20246068|20246013
1854664,20424183|20415723|20406349|20370688|20333225|20332419|20307585|20301149|20246068|20246013
1854701,4711686006090|4710998000802|4710731060124|4710363382045|4710032601194|4710015103370|4711128668787|4710960892077|4710247005206|4710467221516
1854909,20424183|20415723|20406349|20370688|20333225|20332419|20307585|20301149|20246068|20246013
1854930,20424183|20415723|20406349|20370688|20333225|20332419|20307585|20301149|20246068|20246013
1854992,20424183|20415723|20406349|20370688|20333225|20332419|20307585|20301149|20246068|20246013
1855029,20424183|20415723|20406349|20370688|20333225|20332419|20307585|20301149|20246068|20246013
1855081,20424183|20415723|20406349|20370688|20333225|20332419|20307585|20301149|20246068|20246013
1855258,20451042|20424183|20415723|20406349|20370688|20333225|20307585|20301149|20246068|20246013
1855470,20424183|20415723|20406349|20370688|20333225|20332419|20307585|20301149|20246068|20246013
1855517,20424183|20415723|20406349|20370688|20333225|20332419|20307585|20301149|20246068|20246013
1855562,20424183|20415723|20406349|20370688|20333225|20332419|20307585|20301149|20246068|20246013
1855753,4711686006090|4710998000802|4710731060124|4710363382045|4710032601194|4710015103370|4711128668787|4710960892077|4710247005206|4710467221516
1855876,20424183|20415723|20406349|20370688|20333225|20332419|20307585|20301149|20246068|20246013
1856033,20424183|20415723|20406349|20370688|20333225|20332419|20307585|20301149|20246068|20246013
1856057,20424183|20415723|20406349|20370688|20333225|20332419|20307585|20301149|20246068|20246013
1856088,20451042|20424183|20406349|20370688|20333225|20332419|20307585|20301149|20246068|20246013
1856095,20424183|20415723|20406349|20370688|20333225|20332419|20307585|20301149|20246068|20246013
1856323,4711686006090|4710998000802|4710731060124|4710363382045|4710032601194|4710015103370|4711128668787|4710960892077|4710247005206|4710467221516
1856354,20424183|20415723|20406349|20370688|20333225|20332419|20307585|20301149|20246068|20246013
1856477,20424183|20415723|20406349|20370688|20333225|20332419|20307585|20301149|20246068|20246013
1856521,4711686006090|4710998000802|4710731060124|4710363382045|4710032601194|4710015103370|4711128668787|4710960892077|4710247005206|4710467221516
1856569,4711686006090|4710998000802|4710731060124|4710363382045|4710032601194|4710015103370|4711128668787|4710960892077|4710247005206|4710467221516
1856798,20424183|20415723|20406349|20370688|20333225|20332419|20307585|20301149|20246068|20246013
1856989,20424183|20415723|20406349|20370688|20333225|20332419|20307585|20301149|20246068|20246013
1856996,4711686006090|4710998000802|4710731060124|4710363382045|4710032601194|4710015103370|4711128668787|4710960892077|4710247005206|4710467221516
1857351,20424183|20415723|20406349|20370688|20333225|20332419|20307585|20301149|20246068|20246013
1857603,20424183|20415723|20406349|20370688|20333225|20332419|20307585|20301149|20246068|20246013
1857733,20424183|20415723|20406349|20370688|20333225|20332419|20307585|20301149|20246068|20246013
1857801,4712278884263|4711634000965|47100312|4711686006090|4710998000802|4710731060124|4710363382045|4710247005206|4710032601194|4710015103370
1857993,20424183|20415723|20406349|20370688|20333225|20332419|20307585|20301149|20246068|20246013
1858136,20424183|20415723|20406349|20370688|20333225|20332419|20307585|20301149|20246068|20246013
1858143,4711686006090|4710998000802|4710731060124|4710363382045|4710032601194|4710015103370|4711128668787|4710960892077|4710247005206|4710467221516
1858198,20424183|20415723|20406349|20370688|20333225|20332419|20307585|20301149|20246068|20246013
1858204,20424183|20415723|20406349|20370688|20333225|20332419|20307585|20301149|20246068|20246013
1858211,20424183|20415723|20406349|20370688|20333225|20332419|20307585|20301149|20246068|20246013
1858372,20424183|20415723|20406349|20370688|20333225|20332419|20307585|20301149|20246068|20246013
1858440,20424183|20415723|20406349|20370688|20333225|20332419|20307585|20301149|20246068|20246013
1858457,20424183|20415723|20406349|20370688|20333225|20332419|20307585|20301149|20246068|20246013
1858532,4711686006090|4710998000802|4710731060124|4710363382045|4710032601194|4710015103370|4711128668787|4710960892077|4710247005206|4710467221516
1858761,4711686006090|4710998000802|4710731060124|4710363382045|4710032601194|4710015103370|4711128668787|4710960892077|4710247005206|4710467221516
1858778,20424183|20415723|20406349|20370688|20333225|20332419|20307585|20301149|20246068|20246013
1859119,20424183|20415723|20406349|20370688|20333225|20332419|20307585|20301149|20246068|20246013
1859164,20424183|20415723|20406349|20370688|20333225|20332419|20307585|20301149|20246068|20246013
1859201,4711686006090|4710998000802|4710731060124|4710363382045|4710032601194|4710015103370|4711128668787|4710960892077|4710247005206|4710467221516
1859263,20424183|20415723|20406349|20370688|20333225|20332419|20307585|20301149|20246068|20246013
1859300,4711686006090|4710998000802|4710731060124|4710363382045|4710032601194|4710015103370|4711128668787|4710960892077|4710247005206|4710467221516
1859355,20424183|20415723|20406349|20370688|20333225|20332419|20307585|20301149|20246068|20246013
1859560,20424183|20415723|20406349|20370688|20333225|20332419|20307585|20301149|20246068|20246013
1859607,20424183|20415723|20406349|20370688|20333225|20332419|20307585|20301149|20246068|20246013
1859775,4715874000532|4711022100017|4719090790017|4719090790000|4714981010038|20424183|20415723|20406349|20370688|20333225
1860177,20424183|20415723|20406349|20370688|20333225|20332419|20307585|20301149|20246068|20246013
1860870,4711686006090|4710998000802|4710731060124|4710363382045|4710032601194|4710015103370|4711128668787|4710960892077|4710247005206|4710467221516
1861129,20424183|20415723|20406349|20370688|20333225|20332419|20307585|20301149|20246068|20246013
1861525,20424183|20415723|20406349|20370688|20333225|20332419|20307585|20301149|20246068|20246013
1861808,4711686006090|4710998000802|4710731060124|4710363382045|4710032601194|4710015103370|4711128668787|4710960892077|4710247005206|4710467221516
1861877,20424183|20415723|20406349|20370688|20333225|20332419|20307585|20301149|20246068|20246013
1861914,20424183|20415723|20406349|20370688|20333225|20332419|20307585|20301149|20246068|20246013
1861990,20424183|20415723|20406349|20370688|20333225|20332419|20307585|20301149|20246068|20246013
1862171,20424183|20415723|20406349|20370688|20333225|20332419|20307585|20301149|20246068|20246013
1862188,20424183|20415723|20406349|20370688|20333225|20332419|20307585|20301149|20246068|20246013
1862232,20424183|20415723|20406349|20370688|20333225|20332419|20307585|20301149|20246068|20246013
1862294,20424183|20415723|20406349|20370688|20333225|20332419|20307585|20301149|20246068|20246013
1862652,20424183|20415723|20406349|20370688|20333225|20332419|20307585|20301149|20246068|20246013
1862690,20424183|20415723|20406349|20370688|20333225|20332419|20307585|20301149|20246068|20246013
1862706,20424183|20415723|20406349|20370688|20333225|20332419|20307585|20301149|20246068|20246013
1862799,20424183|20415723|20406349|20370688|20333225|20332419|20307585|20301149|20246068|20246013
1862829,20424183|20415723|20406349|20370688|20333225|20332419|20307585|20301149|20246068|20246013
1863017,4711686006090|4710998000802|4710731060124|4710363382045|4710032601194|4710015103370|4711128668787|4710960892077|4710247005206|4710467221516
1863086,20424183|20415723|20406349|20370688|20333225|20332419|20307585|20301149|20246068|20246013
1863413,20424183|20415723|20406349|20370688|20333225|20332419|20307585|20301149|20246068|20246013
1863710,20424183|20415723|20406349|20370688|20333225|20332419|20307585|20301149|20246068|20246013
1863758,20424183|20415723|20406349|20370688|20333225|20332419|20307585|20301149|20246068|20246013
1863970,20424183|20415723|20406349|20370688|20333225|20332419|20307585|20301149|20246068|20246013
1864168,20424183|20415723|20406349|20370688|20333225|20332419|20307585|20301149|20246068|20246013
1864489,20424183|20415723|20406349|20370688|20333225|20332419|20307585|20301149|20246068|20246013
1865295,20424183|20415723|20406349|20370688|20333225|20332419|20307585|20301149|20246068|20246013
1865707,20424183|20415723|20406349|20370688|20333225|20332419|20307585|20301149|20246068|20246013
1866025,4711686006090|4710998000802|4710731060124|4710363382045|4710032601194|4710015103370|4711128668787|4710960892077|4710247005206|4710467221516
1866483,4711686006090|4710998000802|4710731060124|4710363382045|4710032601194|4710015103370|4711128668787|4710960892077|4710247005206|4710467221516
1866773,20424183|20415723|20406349|20370688|20333225|20332419|20307585|20301149|20246068|20246013
1866995,20424183|20415723|20406349|20370688|20333225|20332419|20307585|20301149|20246068|20246013
1867107,20424183|20415723|20406349|20370688|20333225|20332419|20307585|20301149|20246068|20246013
1867183,20424183|20415723|20406349|20370688|20333225|20332419|20307585|20301149|20246068|20246013
1867268,4710088414311|4712278884263|4711634000965|47100312|4711686006090|4710998000802|4710731060124|4710363382045|4710247005206|4710032601194
1867282,4711686006090|4710998000802|4710731060124|4710363382045|4710032601194|4710015103370|4711128668787|4710960892077|4710247005206|4710467221516
1867510,4710063421013|4710043940411|4716617500036|4711634002297|4710515533028|4711524000891|4711524000600|4710015103288|4710011405133|4710105051147
1867701,20424183|20415723|20406349|20370688|20333225|20332419|20307585|20301149|20246068|20246013
1867718,4711686006090|4710998000802|4710731060124|4710363382045|4710032601194|4710015103370|4711128668787|4710960892077|4710247005206|4710467221516
1867756,4711686006090|4710998000802|4710731060124|4710363382045|4710032601194|4710015103370|4711128668787|4710960892077|4710247005206|4710467221516
1867770,20424183|20415723|20406349|20370688|20333225|20332419|20307585|20301149|20246068|20246013
1867831,4711686006090|4710998000802|4710731060124|4710363382045|4710032601194|4710015103370|4711128668787|4710960892077|4710247005206|4710467221516
1868876,20424183|20415723|20406349|20370688|20333225|20332419|20307585|20301149|20246068|20246013
1869514,4711686006090|4710998000802|4710731060124|4710363382045|4710032601194|4710015103370|4711128668787|4710960892077|4710247005206|4710467221516
1869538,4711686006090|4710998000802|4710731060124|4710363382045|4710032601194|4710015103370|4711128668787|4710960892077|4710247005206|4710467221516
1869583,20424183|20415723|20406349|20370688|20333225|20332419|20307585|20301149|20246068|20246013
1869781,20424183|20415723|20406349|20370688|20333225|20332419|20307585|20301149|20246068|20246013
1869828,20424183|20415723|20406349|20370688|20333225|20332419|20307585|20301149|20246068|20246013
1869835,20424183|20415723|20406349|20370688|20333225|20332419|20307585|20301149|20246068|20246013
1870039,20424183|20415723|20406349|20370688|20333225|20332419|20307585|20301149|20246068|20246013
1870183,20424183|20415723|20406349|20370688|20333225|20332419|20307585|20301149|20246068|20246013
1870220,20424183|20415723|20406349|20370688|20333225|20332419|20307585|20301149|20246068|20246013
1870268,20424183|20415723|20406349|20370688|20333225|20332419|20307585|20301149|20246068|20246013
1870299,20424183|20415723|20406349|20370688|20333225|20332419|20307585|20301149|20246068|20246013
1870527,20451042|20424183|20415723|20406349|20370688|20333225|20332419|20301149|20246068|20246013
1870619,4711686006090|4710998000802|4710731060124|4710363382045|4710032601194|4710015103370|4711128668787|4710960892077|4710247005206|4710467221516
1870831,20424183|20415723|20406349|20370688|20333225|20332419|20307585|20301149|20246068|20246013
1870855,20424183|20415723|20406349|20370688|20333225|20332419|20307585|20301149|20246068|20246013
1871012,20424183|20415723|20406349|20370688|20333225|20332419|20307585|20301149|20246068|20246013
1871241,4711686006090|4710998000802|4710731060124|4710363382045|4710032601194|4710015103370|4711128668787|4710960892077|4710247005206|4710467221516
1871333,20424183|20415723|20406349|20370688|20333225|20332419|20307585|20301149|20246068|20246013
1871456,20424183|20415723|20406349|20370688|20333225|20332419|20307585|20301149|20246068|20246013
1871722,20424183|20415723|20406349|20370688|20333225|20332419|20307585|20301149|20246068|20246013
1871746,20424183|20415723|20406349|20370688|20333225|20332419|20307585|20301149|20246068|20246013
1871838,4711686006090|4710998000802|4710731060124|4710363382045|4710032601194|4710015103370|4711128668787|4710960892077|4710247005206|4710467221516
1871869,20424183|20415723|20406349|20370688|20333225|20332419|20307585|20301149|20246068|20246013
1871944,20451042|20424183|20415723|20406349|20370688|20333225|20332419|20307585|20301149|20246013
1871975,20424183|20415723|20406349|20370688|20333225|20332419|20307585|20301149|20246068|20246013
1872088,20424183|20415723|20406349|20370688|20333225|20332419|20307585|20301149|20246068|20246013
1872125,20451042|20424183|20415723|20406349|20370688|20333225|20332419|20301149|20246068|20246013
1872262,4711686006090|4710998000802|4710731060124|4710363382045|4710032601194|4710015103370|4711128668787|4710960892077|4710247005206|4710467221516
1872330,20424183|20415723|20406349|20370688|20333225|20332419|20307585|20301149|20246068|20246013
1872392,20451042|20424183|20415723|20406349|20333225|20332419|20307585|20301149|20246068|20246013
1872507,20424183|20415723|20406349|20370688|20333225|20332419|20307585|20301149|20246068|20246013
1872606,20424183|20415723|20406349|20370688|20333225|20332419|20307585|20301149|20246068|20246013
1872958,20424183|20415723|20406349|20370688|20333225|20332419|20307585|20301149|20246068|20246013
1873092,20424183|20415723|20406349|20370688|20333225|20332419|20307585|20301149|20246068|20246013
1873139,20424183|20415723|20406349|20370688|20333225|20332419|20307585|20301149|20246068|20246013
1873177,20424183|20415723|20406349|20370688|20333225|20332419|20307585|20301149|20246068|20246013
1873214,4711686006090|4710998000802|4710731060124|4710363382045|4710032601194|4710015103370|4711128668787|4710960892077|4710247005206|4710467221516
1873252,4711686006090|4710998000802|4710731060124|4710363382045|4710032601194|4710015103370|4711128668787|4710960892077|4710247005206|4710467221516
1873269,4712425010255|20424183|20415723|20406349|20370688|20333225|20332419|20307585|20301149|20246068
1873290,20424183|20415723|20406349|20370688|20333225|20332419|20307585|20301149|20246068|20246013
1873306,20424183|20415723|20406349|20370688|20333225|20332419|20307585|20301149|20246068|20246013
1873313,20424183|20415723|20406349|20370688|20333225|20332419|20307585|20301149|20246068|20246013
1873320,20424183|20415723|20406349|20370688|20333225|20332419|20307585|20301149|20246068|20246013
1873399,20424183|20415723|20406349|20370688|20333225|20332419|20307585|20301149|20246068|20246013
1873405,20424183|20415723|20406349|20370688|20333225|20332419|20307585|20301149|20246068|20246013
1873436,20424183|20415723|20406349|20370688|20333225|20332419|20307585|20301149|20246068|20246013
1873498,20424183|20415723|20406349|20370688|20333225|20332419|20307585|20301149|20246068|20246013
1873658,4711686006090|4710998000802|4710731060124|4710363382045|4710032601194|4710015103370|4711128668787|4710960892077|4710247005206|4710467221516
1873689,20424183|20415723|20406349|20370688|20333225|20332419|20307585|20301149|20246068|20246013
1873726,20424183|20415723|20406349|20370688|20333225|20332419|20307585|20301149|20246068|20246013
1873740,20424183|20415723|20406349|20370688|20333225|20332419|20307585|20301149|20246068|20246013
1873771,20424183|20415723|20406349|20370688|20333225|20332419|20307585|20301149|20246068|20246013
1873825,20424183|20415723|20406349|20370688|20333225|20332419|20307585|20301149|20246068|20246013
1873856,20424183|20415723|20406349|20370688|20333225|20332419|20307585|20301149|20246068|20246013
1873955,20424183|20415723|20406349|20370688|20333225|20332419|20307585|20301149|20246068|20246013
1874044,4711686006090|4710998000802|4710731060124|4710363382045|4710032601194|4710015103370|4711128668787|4710960892077|4710247005206|4710467221516
1874112,20424183|20415723|20406349|20370688|20333225|20332419|20307585|20301149|20246068|20246013
1874549,4711686006090|4710998000802|4710731060124|4710363382045|4710032601194|4710015103370|4711128668787|4710960892077|4710247005206|4710467221516
1874624,4711686006090|4710998000802|4710731060124|4710363382045|4710032601194|4710015103370|4711128668787|4710960892077|4710247005206|4710467221516
1874631,20424183|20415723|20406349|20370688|20333225|20332419|20307585|20301149|20246068|20246013
1874648,20424183|20415723|20406349|20370688|20333225|20332419|20307585|20301149|20246068|20246013
1874655,20424183|20415723|20406349|20370688|20333225|20332419|20307585|20301149|20246068|20246013
1874914,4711686006090|4710998000802|4710731060124|4710363382045|4710032601194|4710015103370|4711128668787|4710960892077|4710247005206|4710467221516
1874945,20424183|20415723|20406349|20370688|20333225|20332419|20307585|20301149|20246068|20246013
1875041,20424183|20415723|20406349|20370688|20333225|20332419|20307585|20301149|20246068|20246013
1875089,20424183|20415723|20406349|20370688|20333225|20332419|20307585|20301149|20246068|20246013
1875249,20424183|20415723|20406349|20370688|20333225|20332419|20307585|20301149|20246068|20246013
1875317,20424183|20415723|20406349|20370688|20333225|20332419|20307585|20301149|20246068|20246013
1875379,4903111345717|4716617500036|4710515533028|4710012123012|4711524000471|4711524000419|4711524000457|4711524000396|8801687000206|4711080010112
1875393,4711686006090|4710998000802|4710731060124|4710363382045|4710032601194|4710015103370|4711128668787|4710960892077|4710247005206|4710467221516
1875607,20424183|20415723|20406349|20370688|20333225|20332419|20307585|20301149|20246068|20246013
1875676,20424183|20415723|20406349|20370688|20333225|20332419|20307585|20301149|20246068|20246013
1875744,20424183|20415723|20406349|20370688|20333225|20332419|20307585|20301149|20246068|20246013
1875768,4711686006090|4710998000802|4710731060124|4710363382045|4710032601194|4710015103370|4711128668787|4710960892077|4710247005206|4710467221516
1875775,20424183|20415723|20406349|20370688|20333225|20332419|20307585|20301149|20246068|20246013
1876116,20424183|20415723|20406349|20370688|20333225|20332419|20307585|20301149|20246068|20246013
1876192,20424183|20415723|20406349|20370688|20333225|20332419|20307585|20301149|20246068|20246013
1876215,20424183|20415723|20406349|20370688|20333225|20332419|20307585|20301149|20246068|20246013
1876222,20424183|20415723|20406349|20370688|20333225|20332419|20307585|20301149|20246068|20246013
1876321,4711686006090|4710998000802|4710731060124|4710363382045|4710032601194|4710015103370|4711128668787|4710960892077|4710247005206|4710467221516
1876505,20424183|20415723|20406349|20370688|20333225|20332419|20307585|20301149|20246068|20246013
1876512,20424183|20415723|20406349|20370688|20333225|20332419|20307585|20301149|20246068|20246013
1876536,20424183|20415723|20406349|20370688|20333225|20332419|20307585|20301149|20246068|20246013
1876543,20424183|20415723|20406349|20370688|20333225|20332419|20307585|20301149|20246068|20246013
1876567,20424183|20415723|20406349|20370688|20333225|20332419|20307585|20301149|20246068|20246013
1876581,4711686006090|4710998000802|4710731060124|4710363382045|4710032601194|4710015103370|4711128668787|4710960892077|4710247005206|4710467221516
1876642,20424183|20415723|20406349|20370688|20333225|20332419|20307585|20301149|20246068|20246013
1876727,20424183|20415723|20406349|20370688|20333225|20332419|20307585|20301149|20246068|20246013
1876734,20424183|20415723|20406349|20370688|20333225|20332419|20307585|20301149|20246068|20246013
1876765,20424183|20415723|20406349|20370688|20333225|20332419|20307585|20301149|20246068|20246013
1876864,20424183|20415723|20406349|20370688|20333225|20332419|20307585|20301149|20246068|20246013
1877236,4711686006090|4710998000802|4710731060124|4710363382045|4710032601194|4710015103370|4711128668787|4710960892077|4710247005206|4710467221516
1877267,20424183|20415723|20406349|20370688|20333225|20332419|20307585|20301149|20246068|20246013
1877502,20424183|20415723|20406349|20370688|20333225|20332419|20307585|20301149|20246068|20246013
1877878,20424183|20415723|20406349|20370688|20333225|20332419|20307585|20301149|20246068|20246013
1877892,20424183|20415723|20406349|20370688|20333225|20332419|20307585|20301149|20246068|20246013
1877953,20424183|20415723|20406349|20370688|20333225|20332419|20307585|20301149|20246068|20246013
1878561,20424183|20415723|20406349|20370688|20333225|20332419|20307585|20301149|20246068|20246013
1878752,20424183|20415723|20406349|20370688|20333225|20332419|20307585|20301149|20246068|20246013
1878912,20424183|20415723|20406349|20370688|20333225|20332419|20307585|20301149|20246068|20246013
1878936,20424183|20415723|20406349|20370688|20333225|20332419|20307585|20301149|20246068|20246013
1878981,20424183|20415723|20406349|20370688|20333225|20332419|20307585|20301149|20246068|20246013
1879117,20424183|20415723|20406349|20370688|20333225|20332419|20307585|20301149|20246068|20246013
1879285,4711686006090|4710998000802|4710731060124|4710363382045|4710032601194|4710015103370|4711128668787|4710960892077|4710247005206|4710467221516
1879872,4711686006090|4710998000802|4710731060124|4710363382045|4710032601194|4710015103370|4711128668787|4710960892077|4710247005206|4710467221516
1879964,20424183|20415723|20406349|20370688|20333225|20332419|20307585|20301149|20246068|20246013
1880045,4711686006090|4710998000802|4710731060124|4710363382045|4710032601194|4710015103370|4711128668787|4710960892077|4710247005206|4710467221516
1880229,20424183|20415723|20406349|20370688|20333225|20332419|20307585|20301149|20246068|20246013
1880236,20424183|20415723|20406349|20370688|20333225|20332419|20307585|20301149|20246068|20246013
1880465,20451042|20424183|20415723|20406349|20370688|20333225|20332419|20301149|20246068|20246013
1880526,20424183|20415723|20406349|20370688|20333225|20332419|20307585|20301149|20246068|20246013
1880670,20424183|20415723|20406349|20370688|20333225|20332419|20307585|20301149|20246068|20246013
1880946,20424183|20415723|20406349|20370688|20333225|20332419|20307585|20301149|20246068|20246013
1880960,20424183|20415723|20406349|20370688|20333225|20332419|20307585|20301149|20246068|20246013
1881028,20424183|20415723|20406349|20370688|20333225|20332419|20307585|20301149|20246068|20246013
1881127,20424183|20415723|20406349|20370688|20333225|20332419|20307585|20301149|20246068|20246013
1881424,4711686006090|4710998000802|4710731060124|4710363382045|4710032601194|4710015103370|4711128668787|4710960892077|4710247005206|4710467221516
1881615,20424183|20415723|20406349|20370688|20333225|20332419|20307585|20301149|20246068|20246013
1881752,4711686006090|4710998000802|4710731060124|4710363382045|4710032601194|4710015103370|4711128668787|4710960892077|4710247005206|4710467221516
1881790,20424183|20415723|20406349|20370688|20333225|20332419|20307585|20301149|20246068|20246013
1881899,20424183|20415723|20406349|20370688|20333225|20332419|20307585|20301149|20246068|20246013
1881967,4711686006090|4710998000802|4710731060124|4710363382045|4710032601194|4710015103370|4711128668787|4710960892077|4710247005206|4710467221516
1882056,20424183|20415723|20406349|20370688|20333225|20332419|20307585|20301149|20246068|20246013
1882186,4711686006090|4710998000802|4710731060124|4710363382045|4710032601194|4710015103370|4711128668787|4710960892077|4710247005206|4710467221516
1882193,20424183|20415723|20406349|20370688|20333225|20332419|20307585|20301149|20246068|20246013
1882223,20424183|20415723|20406349|20370688|20333225|20332419|20307585|20301149|20246068|20246013
1882896,20424183|20415723|20406349|20370688|20333225|20332419|20307585|20301149|20246068|20246013
1883381,20424183|20415723|20406349|20370688|20333225|20332419|20307585|20301149|20246068|20246013
1883411,4711686006090|4710998000802|4710731060124|4710363382045|4710032601194|4710015103370|4711128668787|4710960892077|4710247005206|4710467221516
1883497,20424183|20415723|20406349|20370688|20333225|20332419|20307585|20301149|20246068|20246013
1883527,4710068331553|4711985100024|4714981010038|20424183|20415723|20406349|20370688|20333225|20332419|20307585
1883619,20424183|20415723|20406349|20370688|20333225|20332419|20307585|20301149|20246068|20246013
1883633,20424183|20415723|20406349|20370688|20333225|20332419|20307585|20301149|20246068|20246013
1883664,20424183|20415723|20406349|20370688|20333225|20332419|20307585|20301149|20246068|20246013
1884104,20424183|20415723|20406349|20370688|20333225|20332419|20307585|20301149|20246068|20246013
1884777,20451042|20424183|20406349|20370688|20333225|20332419|20307585|20301149|20246068|20246013
1885095,20424183|20415723|20406349|20370688|20333225|20332419|20307585|20301149|20246068|20246013
1885279,20424183|20415723|20406349|20370688|20333225|20332419|20307585|20301149|20246068|20246013
1885453,4711686006090|4710998000802|4710731060124|4710363382045|4710032601194|4710015103370|4711128668787|4710960892077|4710247005206|4710467221516
1885613,20451042|20424183|20415723|20406349|20370688|20333225|20332419|20307585|20246068|20246013
1885620,20424183|20415723|20406349|20370688|20333225|20332419|20307585|20301149|20246068|20246013
1885644,20424183|20415723|20406349|20370688|20333225|20332419|20307585|20301149|20246068|20246013
1885682,4711686006090|4710998000802|4710731060124|4710363382045|4710032601194|4710015103370|4711128668787|4710960892077|4710247005206|4710467221516
1885712,20424183|20415723|20406349|20370688|20333225|20332419|20307585|20301149|20246068|20246013
1885866,4711686006090|4710998000802|4710731060124|4710363382045|4710032601194|4710015103370|4711128668787|4710960892077|4710247005206|4710467221516
1885897,20424183|20415723|20406349|20370688|20333225|20332419|20307585|20301149|20246068|20246013
1885910,4711686006090|4710998000802|4710731060124|4710363382045|4710032601194|4710015103370|4711128668787|4710960892077|4710247005206|4710467221516
1885958,20424183|20415723|20406349|20370688|20333225|20332419|20307585|20301149|20246068|20246013
1886016,4717101101371|4714242832669|4710088436542|4710632001356|4710032501791|20424183|20415723|20406349|20370688|20333225
1886061,20424183|20415723|20406349|20370688|20333225|20332419|20307585|20301149|20246068|20246013
1886085,4711686006090|4710998000802|4710731060124|4710363382045|4710032601194|4710015103370|4711128668787|4710960892077|4710247005206|4710467221516
1886207,20424183|20415723|20406349|20370688|20333225|20332419|20307585|20301149|20246068|20246013
1886245,20424183|20415723|20406349|20370688|20333225|20332419|20307585|20301149|20246068|20246013
1886405,20424183|20415723|20406349|20370688|20333225|20332419|20307585|20301149|20246068|20246013
1886481,20424183|20415723|20406349|20370688|20333225|20332419|20307585|20301149|20246068|20246013
1886559,20424183|20415723|20406349|20370688|20333225|20332419|20307585|20301149|20246068|20246013
1886825,20424183|20415723|20406349|20370688|20333225|20332419|20307585|20301149|20246068|20246013
1886955,20424183|20415723|20406349|20370688|20333225|20332419|20307585|20301149|20246068|20246013
1886979,20424183|20415723|20406349|20370688|20333225|20332419|20307585|20301149|20246068|20246013
1887020,20424183|20415723|20406349|20370688|20333225|20332419|20307585|20301149|20246068|20246013
1887051,4712278884263|4711634000965|47100312|4711686006090|4710998000802|4710731060124|4710363382045|4710247005206|4710032601194|4710015103370
1887082,20424183|20415723|20406349|20370688|20333225|20332419|20307585|20301149|20246068|20246013
1887587,20424183|20415723|20406349|20370688|20333225|20332419|20307585|20301149|20246068|20246013
1887785,20424183|20415723|20406349|20370688|20333225|20332419|20307585|20301149|20246068|20246013
1887914,20424183|20415723|20406349|20370688|20333225|20332419|20307585|20301149|20246068|20246013
1888072,4710431330503|20424183|20415723|20406349|20370688|20333225|20332419|20307585|20301149|20246068
1888089,4711686006090|4710998000802|4710731060124|4710363382045|4710032601194|4710015103370|4711128668787|4710960892077|4710247005206|4710467221516
1888096,20424183|20415723|20406349|20370688|20333225|20332419|20307585|20301149|20246068|20246013
1888164,4711686006090|4710998000802|4710731060124|4710363382045|4710032601194|4710015103370|4711128668787|4710960892077|4710247005206|4710467221516
1888331,20424183|20415723|20406349|20370688|20333225|20332419|20307585|20301149|20246068|20246013
1888348,20424183|20415723|20406349|20370688|20333225|20332419|20307585|20301149|20246068|20246013
1888461,20424183|20415723|20406349|20370688|20333225|20332419|20307585|20301149|20246068|20246013
1888522,4711686006090|4710998000802|4710731060124|4710363382045|4710032601194|4710015103370|4711128668787|4710960892077|4710247005206|4710467221516
1888577,4719859015078|4719859015061|4719090701051|20307585|20424183|20415723|20406349|20370688|20333225|20332419
1888614,20424183|20415723|20406349|20370688|20333225|20332419|20307585|20301149|20246068|20246013
1888737,20424183|20415723|20406349|20370688|20333225|20332419|20307585|20301149|20246068|20246013
1888874,20424183|20415723|20406349|20370688|20333225|20332419|20307585|20301149|20246068|20246013
1889079,4711686006090|4710998000802|4710731060124|4710363382045|4710032601194|4710015103370|4711128668787|4710960892077|4710247005206|4710467221516
1889109,20424183|20415723|20406349|20370688|20333225|20332419|20307585|20301149|20246068|20246013
1889222,20424183|20415723|20406349|20370688|20333225|20332419|20307585|20301149|20246068|20246013
1889246,20424183|20415723|20406349|20370688|20333225|20332419|20307585|20301149|20246068|20246013
1889338,20424183|20415723|20406349|20370688|20333225|20332419|20307585|20301149|20246068|20246013
1889376,20424183|20415723|20406349|20370688|20333225|20332419|20307585|20301149|20246068|20246013
1889574,20424183|20415723|20406349|20370688|20333225|20332419|20307585|20301149|20246068|20246013
1889734,20424183|20415723|20406349|20370688|20333225|20332419|20307585|20301149|20246068|20246013
1889895,20424183|20415723|20406349|20370688|20333225|20332419|20307585|20301149|20246068|20246013
1889956,20424183|20415723|20406349|20370688|20333225|20332419|20307585|20301149|20246068|20246013
1890136,4711686006090|4710998000802|4710731060124|4710363382045|4710032601194|4710015103370|4711128668787|4710960892077|4710247005206|4710467221516
1890211,4711686006090|4710998000802|4710731060124|4710363382045|4710032601194|4710015103370|4711128668787|4710960892077|4710247005206|4710467221516
1890242,4710175565131|20424183|20415723|20406349|20370688|20333225|20332419|20307585|20301149|20246068
1890549,20424183|20415723|20406349|20370688|20333225|20332419|20307585|20301149|20246068|20246013
1890563,4711686006090|4710998000802|4710731060124|4710363382045|4710032601194|4710015103370|4711128668787|4710960892077|4710247005206|4710467221516
1890631,20424183|20415723|20406349|20370688|20333225|20332419|20307585|20301149|20246068|20246013
1890648,20424183|20415723|20406349|20370688|20333225|20332419|20307585|20301149|20246068|20246013
1890662,20424183|20415723|20406349|20370688|20333225|20332419|20307585|20301149|20246068|20246013
1890754,20424183|20415723|20406349|20370688|20333225|20332419|20307585|20301149|20246068|20246013
1890891,20424183|20415723|20406349|20370688|20333225|20332419|20307585|20301149|20246068|20246013
1890945,20424183|20415723|20406349|20370688|20333225|20332419|20307585|20301149|20246068|20246013
1891003,20424183|20415723|20406349|20370688|20333225|20332419|20307585|20301149|20246068|20246013
1891089,20424183|20415723|20406349|20370688|20333225|20332419|20307585|20301149|20246068|20246013
1891218,20424183|20415723|20406349|20370688|20333225|20332419|20307585|20301149|20246068|20246013
1891492,20424183|20415723|20406349|20370688|20333225|20332419|20307585|20301149|20246068|20246013
1891935,20424183|20415723|20406349|20370688|20333225|20332419|20307585|20301149|20246068|20246013
1891997,4711686006090|4710998000802|4710731060124|4710363382045|4710032601194|4710015103370|4711128668787|4710960892077|4710247005206|4710467221516
1892086,20424183|20415723|20406349|20370688|20333225|20332419|20307585|20301149|20246068|20246013
1892130,20424183|20415723|20406349|20370688|20333225|20332419|20307585|20301149|20246068|20246013
1892246,20424183|20415723|20406349|20370688|20333225|20332419|20307585|20301149|20246068|20246013
1892277,20424183|20415723|20406349|20370688|20333225|20332419|20307585|20301149|20246068|20246013
1892604,20424183|20415723|20406349|20370688|20333225|20332419|20307585|20301149|20246068|20246013
1892666,20451042|20424183|20415723|20406349|20370688|20333225|20332419|20301149|20246068|20246013
1892758,4712278884263|4711634000965|47100312|4711686006090|4710998000802|4710731060124|4710363382045|4710247005206|4710032601194|4710015103370
1892857,20424183|20415723|20406349|20370688|20333225|20332419|20307585|20301149|20246068|20246013
1893007,20424183|20415723|20406349|20370688|20333225|20332419|20307585|20301149|20246068|20246013
1893038,20424183|20415723|20406349|20370688|20333225|20332419|20307585|20301149|20246068|20246013
1893168,20424183|20415723|20406349|20370688|20333225|20332419|20307585|20301149|20246068|20246013
1893311,20424183|20415723|20406349|20370688|20333225|20332419|20307585|20301149|20246068|20246013
1893342,20424183|20415723|20406349|20370688|20333225|20332419|20307585|20301149|20246068|20246013
1893403,4711686006090|4710998000802|4710731060124|4710363382045|4710032601194|4710015103370|4711128668787|4710960892077|4710247005206|4710467221516
1893410,20424183|20415723|20406349|20370688|20333225|20332419|20307585|20301149|20246068|20246013
1893427,20424183|20415723|20406349|20370688|20333225|20332419|20307585|20301149|20246068|20246013
1893878,20424183|20415723|20406349|20370688|20333225|20332419|20307585|20301149|20246068|20246013
1893984,20424183|20415723|20406349|20370688|20333225|20332419|20307585|20301149|20246068|20246013
1894165,20424183|20415723|20406349|20370688|20333225|20332419|20307585|20301149|20246068|20246013
1894240,20424183|20415723|20406349|20370688|20333225|20332419|20307585|20301149|20246068|20246013
1894349,4711686006090|4710998000802|4710731060124|4710363382045|4710032601194|4710015103370|4711128668787|4710960892077|4710247005206|4710467221516
1894479,20424183|20415723|20406349|20370688|20333225|20332419|20307585|20301149|20246068|20246013
1894493,4719090900058|20424183|20415723|20406349|20370688|20333225|20332419|20307585|20301149|20246068
1894523,4711686006090|4710998000802|4710731060124|4710363382045|4710032601194|4710015103370|4711128668787|4710960892077|4710247005206|4710467221516
1894561,4710126010116|4711022100017|4719090790017|4719090790000|4714981010038|20424183|20415723|20406349|20370688|20333225
1894608,20424183|20415723|20406349|20370688|20333225|20332419|20307585|20301149|20246068|20246013
1894660,20424183|20415723|20406349|20370688|20333225|20332419|20307585|20301149|20246068|20246013
1894813,20424183|20415723|20406349|20370688|20333225|20332419|20307585|20301149|20246068|20246013
1894837,20424183|20415723|20406349|20370688|20333225|20332419|20307585|20301149|20246068|20246013
1894974,20424183|20415723|20406349|20370688|20333225|20332419|20307585|20301149|20246068|20246013
1894981,20424183|20415723|20406349|20370688|20333225|20332419|20307585|20301149|20246068|20246013
1895056,20424183|20415723|20406349|20370688|20333225|20332419|20307585|20301149|20246068|20246013
1895230,20424183|20415723|20406349|20370688|20333225|20332419|20307585|20301149|20246068|20246013
1895469,20424183|20415723|20406349|20370688|20333225|20332419|20307585|20301149|20246068|20246013
1895537,20424183|20415723|20406349|20370688|20333225|20332419|20307585|20301149|20246068|20246013
1895919,20424183|20415723|20406349|20370688|20333225|20332419|20307585|20301149|20246068|20246013
1895933,20424183|20415723|20406349|20370688|20333225|20332419|20307585|20301149|20246068|20246013
1895964,20424183|20415723|20406349|20370688|20333225|20332419|20307585|20301149|20246068|20246013
1896299,20424183|20415723|20406349|20370688|20333225|20332419|20307585|20301149|20246068|20246013
1896350,20424183|20415723|20406349|20370688|20333225|20332419|20307585|20301149|20246068|20246013
1896374,20424183|20415723|20406349|20370688|20333225|20332419|20307585|20301149|20246068|20246013
1896466,20424183|20415723|20406349|20370688|20333225|20332419|20307585|20301149|20246068|20246013
1896473,20424183|20415723|20406349|20370688|20333225|20332419|20307585|20301149|20246068|20246013
1896527,20424183|20415723|20406349|20370688|20333225|20332419|20307585|20301149|20246068|20246013
1896565,20424183|20415723|20406349|20370688|20333225|20332419|20307585|20301149|20246068|20246013
1896619,20451042|20424183|20415723|20406349|20370688|20333225|20332419|20301149|20246068|20246013
1896688,20424183|20415723|20406349|20370688|20333225|20332419|20307585|20301149|20246068|20246013
1896718,20424183|20415723|20406349|20370688|20333225|20332419|20307585|20301149|20246068|20246013
1897012,20424183|20415723|20406349|20370688|20333225|20332419|20307585|20301149|20246068|20246013
1897036,20424183|20415723|20406349|20370688|20333225|20332419|20307585|20301149|20246068|20246013
1897357,20451042|20424183|20415723|20406349|20370688|20333225|20332419|20301149|20246068|20246013
1897425,20424183|20415723|20406349|20370688|20333225|20332419|20307585|20301149|20246068|20246013
1897524,20424183|20415723|20406349|20370688|20333225|20332419|20307585|20301149|20246068|20246013
1897937,20424183|20415723|20406349|20370688|20333225|20332419|20307585|20301149|20246068|20246013
1898286,4711686006090|4710998000802|4710731060124|4710363382045|4710032601194|4710015103370|4711128668787|4710960892077|4710247005206|4710467221516
1898323,20424183|20415723|20406349|20370688|20333225|20332419|20307585|20301149|20246068|20246013
1898699,20424183|20415723|20406349|20370688|20333225|20332419|20307585|20301149|20246068|20246013
1898927,20424183|20415723|20406349|20370688|20333225|20332419|20307585|20301149|20246068|20246013
1898941,20424183|20415723|20406349|20370688|20333225|20332419|20307585|20301149|20246068|20246013
1898965,20424183|20415723|20406349|20370688|20333225|20332419|20307585|20301149|20246068|20246013
1898996,20424183|20415723|20406349|20370688|20333225|20332419|20307585|20301149|20246068|20246013
1899030,4711686006090|4710998000802|4710731060124|4710363382045|4710032601194|4710015103370|4711128668787|4710960892077|4710247005206|4710467221516
1899245,4711686006090|4710998000802|4710731060124|4710363382045|4710032601194|4710015103370|4711128668787|4710960892077|4710247005206|4710467221516
1899375,20424183|20415723|20406349|20370688|20333225|20332419|20307585|20301149|20246068|20246013
1899771,20424183|20415723|20406349|20370688|20333225|20332419|20307585|20301149|20246068|20246013
1899801,4710126012066|4710098162806|4710036221015|20333225|4710105045313|4902757160906|4711926724012|4710583350701|4710736570031|4710105031811
1899818,20424183|20415723|20406349|20370688|20333225|20332419|20307585|20301149|20246068|20246013
1899924,20424183|20415723|20406349|20370688|20333225|20332419|20307585|20301149|20246068|20246013
1900071,20424183|20415723|20406349|20370688|20333225|20332419|20307585|20301149|20246068|20246013
1900118,20424183|20415723|20406349|20370688|20333225|20332419|20307585|20301149|20246068|20246013
1900309,20424183|20415723|20406349|20370688|20333225|20332419|20307585|20301149|20246068|20246013
1900354,20424183|20415723|20406349|20370688|20333225|20332419|20307585|20301149|20246068|20246013
1900460,20424183|20415723|20406349|20370688|20333225|20332419|20307585|20301149|20246068|20246013
1900781,20424183|20415723|20406349|20370688|20333225|20332419|20307585|20301149|20246068|20246013
1900835,20424183|20415723|20406349|20370688|20333225|20332419|20307585|20301149|20246068|20246013
1900897,20451042|20424183|20415723|20406349|20370688|20333225|20332419|20301149|20246068|20246013
1901054,20424183|20415723|20406349|20370688|20333225|20332419|20307585|20301149|20246068|20246013
1901313,20424183|20415723|20406349|20370688|20333225|20332419|20307585|20301149|20246068|20246013
1901658,20424183|20415723|20406349|20370688|20333225|20332419|20307585|20301149|20246068|20246013
1902082,4711686006090|4710998000802|4710731060124|4710363382045|4710032601194|4710015103370|4711128668787|4710960892077|4710247005206|4710467221516
1902433,20424183|20415723|20406349|20370688|20333225|20332419|20307585|20301149|20246068|20246013
1902471,20424183|20415723|20406349|20370688|20333225|20332419|20307585|20301149|20246068|20246013
1902563,20424183|20415723|20406349|20370688|20333225|20332419|20307585|20301149|20246068|20246013
1902860,20424183|20415723|20406349|20370688|20333225|20332419|20307585|20301149|20246068|20246013
1903003,20424183|20415723|20406349|20370688|20333225|20332419|20307585|20301149|20246068|20246013
1903140,20424183|20415723|20406349|20370688|20333225|20332419|20307585|20301149|20246068|20246013
1903157,20424183|20415723|20406349|20370688|20333225|20332419|20307585|20301149|20246068|20246013
1903195,20424183|20415723|20406349|20370688|20333225|20332419|20307585|20301149|20246068|20246013
1903447,4711686006090|4710998000802|4710731060124|4710363382045|4710032601194|4710015103370|4711128668787|4710960892077|4710247005206|4710467221516
1903713,4711686006090|4710998000802|4710731060124|4710363382045|4710032601194|4710015103370|4711128668787|4710960892077|4710247005206|4710467221516
1903898,20424183|20415723|20406349|20370688|20333225|20332419|20307585|20301149|20246068|20246013
1904093,20424183|20415723|20406349|20370688|20333225|20332419|20307585|20301149|20246068|20246013
1904185,4711686006090|4710998000802|4710731060124|4710363382045|4710032601194|4710015103370|4711128668787|4710960892077|4710247005206|4710467221516
1904222,20424183|20415723|20406349|20370688|20333225|20332419|20307585|20301149|20246068|20246013
1904499,20424183|20415723|20406349|20370688|20333225|20332419|20307585|20301149|20246068|20246013
1904529,4711686006090|4710998000802|4710731060124|4710363382045|4710032601194|4710015103370|4711128668787|4710960892077|4710247005206|4710467221516
1904802,4712278884263|4711634000965|47100312|4711686006090|4710998000802|4710731060124|4710363382045|4710247005206|4710032601194|4710015103370
1904963,4714050000038|4710110000581|4711437000063|4710209701139|4710114105046|4710105010724|4710094012686|4710515533028|4710247001765|4710085120468
1905038,20424183|20415723|20406349|20370688|20333225|20332419|20307585|20301149|20246068|20246013
1905106,20424183|20415723|20406349|20370688|20333225|20332419|20307585|20301149|20246068|20246013
1905113,20424183|20415723|20406349|20370688|20333225|20332419|20307585|20301149|20246068|20246013
1905199,4711686006090|4710998000802|4710731060124|4710363382045|4710032601194|4710015103370|4711128668787|4710960892077|4710247005206|4710467221516
1905205,20451042|20424183|20415723|20406349|20370688|20333225|20307585|20301149|20246068|20246013
1905212,20451042|20424183|20415723|20406349|20370688|20333225|20307585|20301149|20246068|20246013
1905304,20451042|20424183|20415723|20406349|20370688|20333225|20307585|20301149|20246068|20246013
1905731,20424183|20415723|20406349|20370688|20333225|20332419|20307585|20301149|20246068|20246013
1905830,20424183|20415723|20406349|20370688|20333225|20332419|20307585|20301149|20246068|20246013
1905953,4719090790017|4719090900058|20424183|20415723|20406349|20370688|20333225|20332419|20307585|20301149
1906011,20424183|20415723|20406349|20370688|20333225|20332419|20307585|20301149|20246068|20246013
1906271,20424183|20415723|20406349|20370688|20333225|20332419|20307585|20301149|20246068|20246013
1906295,20424183|20415723|20406349|20370688|20333225|20332419|20307585|20301149|20246068|20246013
1906318,20424183|20415723|20406349|20370688|20333225|20332419|20307585|20301149|20246068|20246013
1906363,20424183|20415723|20406349|20370688|20333225|20332419|20307585|20301149|20246068|20246013
1906431,20424183|20415723|20406349|20370688|20333225|20332419|20307585|20301149|20246068|20246013
1906530,20424183|20415723|20406349|20370688|20333225|20332419|20307585|20301149|20246068|20246013
1906745,20424183|20415723|20406349|20370688|20333225|20332419|20307585|20301149|20246068|20246013
1906783,20424183|20415723|20406349|20370688|20333225|20332419|20307585|20301149|20246068|20246013
1906813,20424183|20415723|20406349|20370688|20333225|20332419|20307585|20301149|20246068|20246013
1906981,20424183|20415723|20406349|20370688|20333225|20332419|20307585|20301149|20246068|20246013
1907087,20424183|20415723|20406349|20370688|20333225|20332419|20307585|20301149|20246068|20246013
1907193,20424183|20415723|20406349|20370688|20333225|20332419|20307585|20301149|20246068|20246013
1907209,20451042|20424183|20406349|20370688|20333225|20332419|20307585|20301149|20246068|20246013
1907520,20424183|20415723|20406349|20370688|20333225|20332419|20307585|20301149|20246068|20246013
1908015,20424183|20415723|20406349|20370688|20333225|20332419|20307585|20301149|20246068|20246013
1908084,20424183|20415723|20406349|20370688|20333225|20332419|20307585|20301149|20246068|20246013
1908138,20424183|20415723|20406349|20370688|20333225|20332419|20307585|20301149|20246068|20246013
1908244,20424183|20415723|20406349|20370688|20333225|20332419|20307585|20301149|20246068|20246013
1908343,4711686006090|4710998000802|4710731060124|4710363382045|4710032601194|4710015103370|4711128668787|4710960892077|4710247005206|4710467221516
1908350,20424183|20415723|20406349|20370688|20333225|20332419|20307585|20301149|20246068|20246013
1908503,20424183|20415723|20406349|20370688|20333225|20332419|20307585|20301149|20246068|20246013
1908565,20424183|20415723|20406349|20370688|20333225|20332419|20307585|20301149|20246068|20246013
1908770,4711686006090|4710998000802|4710731060124|4710363382045|4710032601194|4710015103370|4711128668787|4710960892077|4710247005206|4710467221516
1908794,4711686006090|4710998000802|4710731060124|4710363382045|4710032601194|4710015103370|4711128668787|4710960892077|4710247005206|4710467221516
1909104,20424183|20415723|20406349|20370688|20333225|20332419|20307585|20301149|20246068|20246013
1909159,20424183|20415723|20406349|20370688|20333225|20332419|20307585|20301149|20246068|20246013
1909166,20424183|20415723|20406349|20370688|20333225|20332419|20307585|20301149|20246068|20246013
1909258,20424183|20415723|20406349|20370688|20333225|20332419|20307585|20301149|20246068|20246013
1909265,20424183|20415723|20406349|20370688|20333225|20332419|20307585|20301149|20246068|20246013
1909326,20424183|20415723|20406349|20370688|20333225|20332419|20307585|20301149|20246068|20246013
1909357,20424183|20415723|20406349|20370688|20333225|20332419|20307585|20301149|20246068|20246013
1909395,4711686006090|4710998000802|4710731060124|4710363382045|4710032601194|4710015103370|4711128668787|4710960892077|4710247005206|4710467221516
1909432,20424183|20415723|20406349|20370688|20333225|20332419|20307585|20301149|20246068|20246013
1909548,20424183|20415723|20406349|20370688|20333225|20332419|20307585|20301149|20246068|20246013
1909555,20424183|20415723|20406349|20370688|20333225|20332419|20307585|20301149|20246068|20246013
1909838,20424183|20415723|20406349|20370688|20333225|20332419|20307585|20301149|20246068|20246013
1910117,20424183|20415723|20406349|20370688|20333225|20332419|20307585|20301149|20246068|20246013
1910223,4711686006090|4710998000802|4710731060124|4710363382045|4710032601194|4710015103370|4711128668787|4710960892077|4710247005206|4710467221516
1910575,4710291101039|4714276130021|20424183|20415723|20406349|20370688|20333225|20332419|20307585|20301149
1910582,20424183|20415723|20406349|20370688|20333225|20332419|20307585|20301149|20246068|20246013
1910834,20424183|20415723|20406349|20370688|20333225|20332419|20307585|20301149|20246068|20246013
1911107,20424183|20415723|20406349|20370688|20333225|20332419|20307585|20301149|20246068|20246013
1911442,20424183|20415723|20406349|20370688|20333225|20332419|20307585|20301149|20246068|20246013
1911497,20424183|20415723|20406349|20370688|20333225|20332419|20307585|20301149|20246068|20246013
1911664,20424183|20415723|20406349|20370688|20333225|20332419|20307585|20301149|20246068|20246013
1911749,20424183|20415723|20406349|20370688|20333225|20332419|20307585|20301149|20246068|20246013
1911855,20424183|20415723|20406349|20370688|20333225|20332419|20307585|20301149|20246068|20246013
1911954,20424183|20415723|20406349|20370688|20333225|20332419|20307585|20301149|20246068|20246013
1912012,20424183|20415723|20406349|20370688|20333225|20332419|20307585|20301149|20246068|20246013
1912166,20424183|20415723|20406349|20370688|20333225|20332419|20307585|20301149|20246068|20246013
1912432,20424183|20415723|20406349|20370688|20333225|20332419|20307585|20301149|20246068|20246013
1912456,20424183|20415723|20406349|20370688|20333225|20332419|20307585|20301149|20246068|20246013
1912494,4714050000038|4710110000581|4711437000063|4710209701139|4712789000022|4710114105046|4710094012686|4710515533028|4710247001765|4710085120468
1912531,20424183|20415723|20406349|20370688|20333225|20332419|20307585|20301149|20246068|20246013
1912845,20424183|20415723|20406349|20370688|20333225|20332419|20307585|20301149|20246068|20246013
1912869,20424183|20415723|20406349|20370688|20333225|20332419|20307585|20301149|20246068|20246013
1912968,20424183|20415723|20406349|20370688|20333225|20332419|20307585|20301149|20246068|20246013
1913248,20424183|20415723|20406349|20370688|20333225|20332419|20307585|20301149|20246068|20246013
1913286,4711686006090|4710998000802|4710731060124|4710363382045|4710032601194|4710015103370|4711128668787|4710960892077|4710247005206|4710467221516
1913378,20424183|20415723|20406349|20370688|20333225|20332419|20307585|20301149|20246068|20246013
1913453,20424183|20415723|20406349|20370688|20333225|20332419|20307585|20301149|20246068|20246013
1913569,4711686006090|4710998000802|4710731060124|4710363382045|4710032601194|4710015103370|4711128668787|4710960892077|4710247005206|4710467221516
1913668,20424183|20415723|20406349|20370688|20333225|20332419|20307585|20301149|20246068|20246013
1913774,4711686006090|4710998000802|4710731060124|4710363382045|4710032601194|4710015103370|4711128668787|4710960892077|4710247005206|4710467221516
1913798,4711686006090|4710998000802|4710731060124|4710363382045|4710032601194|4710015103370|4711128668787|4710960892077|4710247005206|4710467221516
1913804,20424183|20415723|20406349|20370688|20333225|20332419|20307585|20301149|20246068|20246013
1913811,20424183|20415723|20406349|20370688|20333225|20332419|20307585|20301149|20246068|20246013
1913835,20424183|20415723|20406349|20370688|20333225|20332419|20307585|20301149|20246068|20246013
1914047,20424183|20415723|20406349|20370688|20333225|20332419|20307585|20301149|20246068|20246013
1914054,20424183|20415723|20406349|20370688|20333225|20332419|20307585|20301149|20246068|20246013
1914061,20424183|20415723|20406349|20370688|20333225|20332419|20307585|20301149|20246068|20246013
1914078,20424183|20415723|20406349|20370688|20333225|20332419|20307585|20301149|20246068|20246013
1914139,4711686006090|4710998000802|4710731060124|4710363382045|4710032601194|4710015103370|4711128668787|4710960892077|4710247005206|4710467221516
1914436,20424183|20415723|20406349|20370688|20333225|20332419|20307585|20301149|20246068|20246013
1914832,20424183|20415723|20406349|20370688|20333225|20332419|20307585|20301149|20246068|20246013
1915020,20424183|20415723|20406349|20370688|20333225|20332419|20307585|20301149|20246068|20246013
1915181,4711686006090|4710998000802|4710731060124|4710363382045|4710032601194|4710015103370|4711128668787|4710960892077|4710247005206|4710467221516
1915372,20424183|20415723|20406349|20370688|20333225|20332419|20307585|20301149|20246068|20246013
1915426,4711686006090|4710998000802|4710731060124|4710363382045|4710032601194|4710015103370|4711128668787|4710960892077|4710247005206|4710467221516
1915440,4711686006090|4710998000802|4710731060124|4710363382045|4710032601194|4710015103370|4711128668787|4710960892077|4710247005206|4710467221516
1915624,20424183|20415723|20406349|20370688|20333225|20332419|20307585|20301149|20246068|20246013
1915709,20424183|20415723|20406349|20370688|20333225|20332419|20307585|20301149|20246068|20246013
1915860,20424183|20415723|20406349|20370688|20333225|20332419|20307585|20301149|20246068|20246013
1915884,4711686006090|4710998000802|4710731060124|4710363382045|4710032601194|4710015103370|4711128668787|4710960892077|4710247005206|4710467221516
1916003,20424183|20415723|20406349|20370688|20333225|20332419|20307585|20301149|20246068|20246013
1916119,20424183|20415723|20406349|20370688|20333225|20332419|20307585|20301149|20246068|20246013
1916126,4711686006090|4710998000802|4710731060124|4710363382045|4710032601194|4710015103370|4711128668787|4710960892077|4710247005206|4710467221516
1916188,20424183|20415723|20406349|20370688|20333225|20332419|20307585|20301149|20246068|20246013
1916379,20424183|20415723|20406349|20370688|20333225|20332419|20307585|20301149|20246068|20246013
1916485,20424183|20415723|20406349|20370688|20333225|20332419|20307585|20301149|20246068|20246013
1916560,4711686006090|4710998000802|4710731060124|4710363382045|4710032601194|4710015103370|4711128668787|4710960892077|4710247005206|4710467221516
1916645,20424183|20415723|20406349|20370688|20333225|20332419|20307585|20301149|20246068|20246013
1916683,20424183|20415723|20406349|20370688|20333225|20332419|20307585|20301149|20246068|20246013
1916706,20424183|20415723|20406349|20370688|20333225|20332419|20307585|20301149|20246068|20246013
1916720,20424183|20415723|20406349|20370688|20333225|20332419|20307585|20301149|20246068|20246013
1916980,20424183|20415723|20406349|20370688|20333225|20332419|20307585|20301149|20246068|20246013
1916997,4711686006090|4710998000802|4710731060124|4710363382045|4710032601194|4710015103370|4711128668787|4710960892077|4710247005206|4710467221516
1917017,20424183|20415723|20406349|20370688|20333225|20332419|20307585|20301149|20246068|20246013
1917208,4711686006090|4710998000802|4710731060124|4710363382045|4710032601194|4710015103370|4711128668787|4710960892077|4710247005206|4710467221516
1917758,20424183|20415723|20406349|20370688|20333225|20332419|20307585|20301149|20246068|20246013
1917789,20424183|20415723|20406349|20370688|20333225|20332419|20307585|20301149|20246068|20246013
1918069,20424183|20415723|20406349|20370688|20333225|20332419|20307585|20301149|20246068|20246013
1918113,20424183|20415723|20406349|20370688|20333225|20332419|20307585|20301149|20246068|20246013
1918144,20424183|20415723|20406349|20370688|20333225|20332419|20307585|20301149|20246068|20246013
1918304,20424183|20415723|20406349|20370688|20333225|20332419|20307585|20301149|20246068|20246013
1918793,20424183|20415723|20406349|20370688|20333225|20332419|20307585|20301149|20246068|20246013
1919059,20424183|20415723|20406349|20370688|20333225|20332419|20307585|20301149|20246068|20246013
1919141,20424183|20415723|20406349|20370688|20333225|20332419|20307585|20301149|20246068|20246013
1919394,20424183|20415723|20406349|20370688|20333225|20332419|20307585|20301149|20246068|20246013
1919523,20424183|20415723|20406349|20370688|20333225|20332419|20307585|20301149|20246068|20246013
1920017,4711686006090|4710998000802|4710731060124|4710363382045|4710032601194|4710015103370|4711128668787|4710960892077|4710247005206|4710467221516
1920031,20424183|20415723|20406349|20370688|20333225|20332419|20307585|20301149|20246068|20246013
1920086,20424183|20415723|20406349|20370688|20333225|20332419|20307585|20301149|20246068|20246013
1920130,4711686006090|4710998000802|4710731060124|4710363382045|4710032601194|4710015103370|4711128668787|4710960892077|4710247005206|4710467221516
1920161,4711686006090|4710998000802|4710731060124|4710363382045|4710032601194|4710015103370|4711128668787|4710960892077|4710247005206|4710467221516
1920956,20424183|20415723|20406349|20370688|20333225|20332419|20307585|20301149|20246068|20246013
1921311,20424183|20415723|20406349|20370688|20333225|20332419|20307585|20301149|20246068|20246013
1921557,20424183|20415723|20406349|20370688|20333225|20332419|20307585|20301149|20246068|20246013
1921854,20424183|20415723|20406349|20370688|20333225|20332419|20307585|20301149|20246068|20246013
1921908,20424183|20415723|20406349|20370688|20333225|20332419|20307585|20301149|20246068|20246013
1922202,4711686006090|4710998000802|4710731060124|4710363382045|4710032601194|4710015103370|4711128668787|4710960892077|4710247005206|4710467221516
1922776,4711686006090|4710998000802|4710731060124|4710363382045|4710032601194|4710015103370|4711128668787|4710960892077|4710247005206|4710467221516
1923155,20424183|20415723|20406349|20370688|20333225|20332419|20307585|20301149|20246068|20246013
1923193,4711686006090|4710998000802|4710731060124|4710363382045|4710032601194|4710015103370|4711128668787|4710960892077|4710247005206|4710467221516
1923346,4710088430922|4711524001041|4710290007011|4710022102892|4710088432476|4710105051642|4711524000471|4710857472634|4710088434258|4710088433268
1923483,4711686006090|4710998000802|4710731060124|4710363382045|4710032601194|4710015103370|4711128668787|4710960892077|4710247005206|4710467221516
1923636,20424183|20415723|20406349|20370688|20333225|20332419|20307585|20301149|20246068|20246013
1923681,20424183|20415723|20406349|20370688|20333225|20332419|20307585|20301149|20246068|20246013
1923704,20424183|20415723|20406349|20370688|20333225|20332419|20307585|20301149|20246068|20246013
1923896,20424183|20415723|20406349|20370688|20333225|20332419|20307585|20301149|20246068|20246013
1923995,20424183|20415723|20406349|20370688|20333225|20332419|20307585|20301149|20246068|20246013
1924091,20424183|20415723|20406349|20370688|20333225|20332419|20307585|20301149|20246068|20246013
1924305,4711686006090|4710998000802|4710731060124|4710363382045|4710032601194|4710015103370|4711128668787|4710960892077|4710247005206|4710467221516
1924565,20424183|20415723|20406349|20370688|20333225|20332419|20307585|20301149|20246068|20246013
1924619,20424183|20415723|20406349|20370688|20333225|20332419|20307585|20301149|20246068|20246013
1924763,20424183|20415723|20406349|20370688|20333225|20332419|20307585|20301149|20246068|20246013
1925562,20424183|20415723|20406349|20370688|20333225|20332419|20307585|20301149|20246068|20246013
1925708,8804108010105|4901872506507|4710068331553|41333600017|4710134024242|4710632001660|4711985100024|4710126194281|4714981010038|20424183
1925838,4711686006090|4710998000802|4710731060124|4710363382045|4710032601194|4710015103370|4711128668787|4710960892077|4710247005206|4710467221516
1926040,20424183|20415723|20406349|20370688|20333225|20332419|20307585|20301149|20246068|20246013
1926262,20424183|20415723|20406349|20370688|20333225|20332419|20307585|20301149|20246068|20246013
1926415,20451042|20424183|20415723|20370688|20333225|20332419|20307585|20301149|20246068|20246013
1926637,20424183|20415723|20406349|20370688|20333225|20332419|20307585|20301149|20246068|20246013
1926705,20424183|20415723|20406349|20370688|20333225|20332419|20307585|20301149|20246068|20246013
1926736,20424183|20415723|20406349|20370688|20333225|20332419|20307585|20301149|20246068|20246013
1926781,20424183|20415723|20406349|20370688|20333225|20332419|20307585|20301149|20246068|20246013
1926934,20424183|20415723|20406349|20370688|20333225|20332419|20307585|20301149|20246068|20246013
1926972,4711686006090|4710998000802|4710731060124|4710363382045|4710032601194|4710015103370|4711128668787|4710960892077|4710247005206|4710467221516
1927054,20424183|20415723|20406349|20370688|20333225|20332419|20307585|20301149|20246068|20246013
1927153,4712278884263|4711634000965|47100312|4711686006090|4710998000802|4710731060124|4710363382045|4710247005206|4710032601194|4710015103370
1927191,20424183|20415723|20406349|20370688|20333225|20332419|20307585|20301149|20246068|20246013
1927634,20424183|20415723|20406349|20370688|20333225|20332419|20307585|20301149|20246068|20246013
1927726,20424183|20415723|20406349|20370688|20333225|20332419|20307585|20301149|20246068|20246013
1928075,20424183|20415723|20406349|20370688|20333225|20332419|20307585|20301149|20246068|20246013
1928266,20424183|20415723|20406349|20370688|20333225|20332419|20307585|20301149|20246068|20246013
1928280,20424183|20415723|20406349|20370688|20333225|20332419|20307585|20301149|20246068|20246013
1928419,20424183|20415723|20406349|20370688|20333225|20332419|20307585|20301149|20246068|20246013
1928716,20424183|20415723|20406349|20370688|20333225|20332419|20307585|20301149|20246068|20246013
1928884,20424183|20415723|20406349|20370688|20333225|20332419|20307585|20301149|20246068|20246013
1928945,20424183|20415723|20406349|20370688|20333225|20332419|20307585|20301149|20246068|20246013
1929027,20424183|20415723|20406349|20370688|20333225|20332419|20307585|20301149|20246068|20246013
1929331,20424183|20415723|20406349|20370688|20333225|20332419|20307585|20301149|20246068|20246013
1929843,20424183|20415723|20406349|20370688|20333225|20332419|20307585|20301149|20246068|20246013
1929980,20424183|20415723|20406349|20370688|20333225|20332419|20307585|20301149|20246068|20246013
1929997,4714981010038|20424183|20415723|20406349|20370688|20333225|20332419|20307585|20301149|20246068
1930009,20424183|20415723|20406349|20370688|20333225|20332419|20307585|20301149|20246068|20246013
1930351,20424183|20415723|20406349|20370688|20333225|20332419|20307585|20301149|20246068|20246013
1930566,20424183|20415723|20406349|20370688|20333225|20332419|20307585|20301149|20246068|20246013
1930580,4711686006090|4710998000802|4710731060124|4710363382045|4710032601194|4710015103370|4711128668787|4710960892077|4710247005206|4710467221516
1930634,20424183|20415723|20406349|20370688|20333225|20332419|20307585|20301149|20246068|20246013
1930726,20424183|20415723|20406349|20370688|20333225|20332419|20307585|20301149|20246068|20246013
1930818,4711686006090|4710998000802|4710731060124|4710363382045|4710032601194|4710015103370|4711128668787|4710960892077|4710247005206|4710467221516
1931006,20424183|20415723|20406349|20370688|20333225|20332419|20307585|20301149|20246068|20246013
1931587,20424183|20415723|20406349|20370688|20333225|20332419|20307585|20301149|20246068|20246013
1931747,20424183|20415723|20406349|20370688|20333225|20332419|20307585|20301149|20246068|20246013
1931976,20451042|20424183|20406349|20370688|20333225|20332419|20307585|20301149|20246068|20246013
1932096,20424183|20415723|20406349|20370688|20333225|20332419|20307585|20301149|20246068|20246013
1932386,20424183|20415723|20406349|20370688|20333225|20332419|20307585|20301149|20246068|20246013
1932805,20424183|20415723|20406349|20370688|20333225|20332419|20307585|20301149|20246068|20246013
1932904,20424183|20415723|20406349|20370688|20333225|20332419|20307585|20301149|20246068|20246013
1932942,20424183|20415723|20406349|20370688|20333225|20332419|20307585|20301149|20246068|20246013
1933093,20424183|20415723|20406349|20370688|20333225|20332419|20307585|20301149|20246068|20246013
1933529,20424183|20415723|20406349|20370688|20333225|20332419|20307585|20301149|20246068|20246013
1933918,4712278884263|4711634000965|47100312|4711686006090|4710998000802|4710731060124|4710363382045|4710247005206|4710032601194|4710015103370
1933925,20424183|20415723|20406349|20370688|20333225|20332419|20307585|20301149|20246068|20246013
1934137,20424183|20415723|20406349|20370688|20333225|20332419|20307585|20301149|20246068|20246013
1934403,4711686006090|4710998000802|4710731060124|4710363382045|4710032601194|4710015103370|4711128668787|4710960892077|4710247005206|4710467221516
1934632,20424183|20415723|20406349|20370688|20333225|20332419|20307585|20301149|20246068|20246013
1934700,20424183|20415723|20406349|20370688|20333225|20332419|20307585|20301149|20246068|20246013
1934724,20424183|20415723|20406349|20370688|20333225|20332419|20307585|20301149|20246068|20246013
1935394,20424183|20415723|20406349|20370688|20333225|20332419|20307585|20301149|20246068|20246013
1935592,20424183|20415723|20406349|20370688|20333225|20332419|20307585|20301149|20246068|20246013
1935615,4711686006090|4710998000802|4710731060124|4710363382045|4710032601194|4710015103370|4711128668787|4710960892077|4710247005206|4710467221516
1935936,20424183|20415723|20406349|20370688|20333225|20332419|20307585|20301149|20246068|20246013
1936155,20451042|20424183|20415723|20370688|20333225|20332419|20307585|20301149|20246068|20246013
1937060,20424183|20415723|20406349|20370688|20333225|20332419|20307585|20301149|20246068|20246013
1937107,20424183|20415723|20406349|20370688|20333225|20332419|20307585|20301149|20246068|20246013
1937114,20424183|20415723|20406349|20370688|20333225|20332419|20307585|20301149|20246068|20246013
1937138,20424183|20415723|20406349|20370688|20333225|20332419|20307585|20301149|20246068|20246013
1937145,4711686006090|4710998000802|4710731060124|4710363382045|4710032601194|4710015103370|4711128668787|4710960892077|4710247005206|4710467221516
1937459,4710105045221|4710105031613|4711524000396|4710088434043|4710011405133|4716617500036|4710126012066|4710515533028|4711524000471|4711524000419
1937497,4711686006090|4710998000802|4710731060124|4710363382045|4710032601194|4710015103370|4711128668787|4710960892077|4710247005206|4710467221516
1937565,20424183|20415723|20406349|20370688|20333225|20332419|20307585|20301149|20246068|20246013
1937633,20424183|20415723|20406349|20370688|20333225|20332419|20307585|20301149|20246068|20246013
1937701,20424183|20415723|20406349|20370688|20333225|20332419|20307585|20301149|20246068|20246013
1938012,4711686006090|4710998000802|4710731060124|4710363382045|4710032601194|4710015103370|4711128668787|4710960892077|4710247005206|4710467221516
1938180,20424183|20415723|20406349|20370688|20333225|20332419|20307585|20301149|20246068|20246013
1938265,20424183|20415723|20406349|20370688|20333225|20332419|20307585|20301149|20246068|20246013
1938739,20424183|20415723|20406349|20370688|20333225|20332419|20307585|20301149|20246068|20246013
1938920,20424183|20415723|20406349|20370688|20333225|20332419|20307585|20301149|20246068|20246013
1939866,4712278884263|4711634000965|47100312|4711686006090|4710998000802|4710731060124|4710363382045|4710247005206|4710032601194|4710015103370
1940275,4711686006090|4710998000802|4710731060124|4710363382045|4710032601194|4710015103370|4711128668787|4710960892077|4710247005206|4710467221516
1940350,20424183|20415723|20406349|20370688|20333225|20332419|20307585|20301149|20246068|20246013
1940800,20424183|20415723|20406349|20370688|20333225|20332419|20307585|20301149|20246068|20246013
1940824,20424183|20415723|20406349|20370688|20333225|20332419|20307585|20301149|20246068|20246013
1941005,20424183|20415723|20406349|20370688|20333225|20332419|20307585|20301149|20246068|20246013
1941265,20424183|20415723|20406349|20370688|20333225|20332419|20307585|20301149|20246068|20246013
1941272,20424183|20415723|20406349|20370688|20333225|20332419|20307585|20301149|20246068|20246013
1941319,20451042|20424183|20415723|20406349|20370688|20333225|20332419|20307585|20301149|20246013
1941364,20424183|20415723|20406349|20370688|20333225|20332419|20307585|20301149|20246068|20246013
1941388,4710334040110|4710012721515|4710088412966|4711128778813|4710200000019|20424183|20415723|20406349|20370688|20333225
1941487,20424183|20415723|20406349|20370688|20333225|20332419|20307585|20301149|20246068|20246013
1941814,20424183|20415723|20406349|20370688|20333225|20332419|20307585|20301149|20246068|20246013
1942071,20424183|20415723|20406349|20370688|20333225|20332419|20307585|20301149|20246068|20246013
1942088,4710105015521|4711663700010|4712278884263|4711634000965|47100312|4710998000802|4710731060124|4710363382045|4710247005206|4710032601194
1942453,20424183|20415723|20406349|20370688|20333225|20332419|20307585|20301149|20246068|20246013
1942484,4711686006090|4710998000802|4710731060124|4710363382045|4710032601194|4710015103370|4711128668787|4710960892077|4710247005206|4710467221516
1943009,20424183|20415723|20406349|20370688|20333225|20332419|20307585|20301149|20246068|20246013
1943429,20424183|20415723|20406349|20370688|20333225|20332419|20307585|20301149|20246068|20246013
1943535,20424183|20415723|20406349|20370688|20333225|20332419|20307585|20301149|20246068|20246013
1943948,20424183|20415723|20406349|20370688|20333225|20332419|20307585|20301149|20246068|20246013
1944006,20424183|20415723|20406349|20370688|20333225|20332419|20307585|20301149|20246068|20246013
1944075,20424183|20415723|20406349|20370688|20333225|20332419|20307585|20301149|20246068|20246013
1944723,20424183|20415723|20406349|20370688|20333225|20332419|20307585|20301149|20246068|20246013
1944785,20424183|20415723|20406349|20370688|20333225|20332419|20307585|20301149|20246068|20246013
1944990,20424183|20415723|20406349|20370688|20333225|20332419|20307585|20301149|20246068|20246013
1945041,20424183|20415723|20406349|20370688|20333225|20332419|20307585|20301149|20246068|20246013
1945218,20424183|20415723|20406349|20370688|20333225|20332419|20307585|20301149|20246068|20246013
1945249,20424183|20415723|20406349|20370688|20333225|20332419|20307585|20301149|20246068|20246013
1945300,20424183|20415723|20406349|20370688|20333225|20332419|20307585|20301149|20246068|20246013
1945669,20424183|20415723|20406349|20370688|20333225|20332419|20307585|20301149|20246068|20246013
1945744,4710088430922|4711524001041|4710290007011|4710022102892|4710088432476|4711524000471|4710105051642|4710857472634|4710088433343|4710088413666
1945805,20424183|20415723|20406349|20370688|20333225|20332419|20307585|20301149|20246068|20246013
1945959,20424183|20415723|20406349|20370688|20333225|20332419|20307585|20301149|20246068|20246013
1946086,4711686006090|4710998000802|4710731060124|4710363382045|4710032601194|4710015103370|4711128668787|4710960892077|4710247005206|4710467221516
1946345,20424183|20415723|20406349|20370688|20333225|20332419|20307585|20301149|20246068|20246013
1946482,4711686006090|4710998000802|4710731060124|4710363382045|4710032601194|4710015103370|4711128668787|4710960892077|4710247005206|4710467221516
1946543,20424183|20415723|20406349|20370688|20333225|20332419|20307585|20301149|20246068|20246013
1946659,20424183|20415723|20406349|20370688|20333225|20332419|20307585|20301149|20246068|20246013
1946765,20451042|20424183|20415723|20370688|20333225|20332419|20307585|20301149|20246068|20246013
1946802,20451042|20424183|20415723|20406349|20333225|20332419|20307585|20301149|20246068|20246013
1946963,4711686006090|4710998000802|4710731060124|4710363382045|4710032601194|4710015103370|4711128668787|4710960892077|4710247005206|4710467221516
1947168,20424183|20415723|20406349|20370688|20333225|20332419|20307585|20301149|20246068|20246013
1947458,4711686006090|4710998000802|4710731060124|4710363382045|4710032601194|4710015103370|4711128668787|4710960892077|4710247005206|4710467221516
1947564,20424183|20415723|20406349|20370688|20333225|20332419|20307585|20301149|20246068|20246013
1948059,20424183|20415723|20406349|20370688|20333225|20332419|20307585|20301149|20246068|20246013
1948066,20424183|20415723|20406349|20370688|20333225|20332419|20307585|20301149|20246068|20246013
1948073,20424183|20415723|20406349|20370688|20333225|20332419|20307585|20301149|20246068|20246013
1948097,20424183|20415723|20406349|20370688|20333225|20332419|20307585|20301149|20246068|20246013
1948127,20424183|20415723|20406349|20370688|20333225|20332419|20307585|20301149|20246068|20246013
1948462,4711686006090|4710998000802|4710731060124|4710363382045|4710032601194|4710015103370|4711128668787|4710960892077|4710247005206|4710467221516
1948707,20424183|20415723|20406349|20370688|20333225|20332419|20307585|20301149|20246068|20246013
1948738,20424183|20415723|20406349|20370688|20333225|20332419|20307585|20301149|20246068|20246013
1948851,4711686006090|4710998000802|4710731060124|4710363382045|4710032601194|4710015103370|4711128668787|4710960892077|4710247005206|4710467221516
1948950,20424183|20415723|20406349|20370688|20333225|20332419|20307585|20301149|20246068|20246013
1949148,20451042|20424183|20415723|20406349|20333225|20332419|20307585|20301149|20246068|20246013
1949322,20424183|20415723|20406349|20370688|20333225|20332419|20307585|20301149|20246068|20246013
1949377,20424183|20415723|20406349|20370688|20333225|20332419|20307585|20301149|20246068|20246013
1949858,20424183|20415723|20406349|20370688|20333225|20332419|20307585|20301149|20246068|20246013
1949865,20424183|20415723|20406349|20370688|20333225|20332419|20307585|20301149|20246068|20246013
1949872,4711686006090|4710998000802|4710731060124|4710363382045|4710032601194|4710015103370|4711128668787|4710960892077|4710247005206|4710467221516
1949919,20424183|20415723|20406349|20370688|20333225|20332419|20307585|20301149|20246068|20246013
1950014,4711686006090|4710998000802|4710731060124|4710363382045|4710032601194|4710015103370|4711128668787|4710960892077|4710247005206|4710467221516
1950182,20424183|20415723|20406349|20370688|20333225|20332419|20307585|20301149|20246068|20246013
1950335,20424183|20415723|20406349|20370688|20333225|20332419|20307585|20301149|20246068|20246013
1950410,20424183|20415723|20406349|20370688|20333225|20332419|20307585|20301149|20246068|20246013
1950656,20424183|20415723|20406349|20370688|20333225|20332419|20307585|20301149|20246068|20246013
1950830,4711686006090|4710998000802|4710731060124|4710363382045|4710032601194|4710015103370|4711128668787|4710960892077|4710247005206|4710467221516
1950892,20424183|20415723|20406349|20370688|20333225|20332419|20307585|20301149|20246068|20246013
1950922,4711686006090|4710998000802|4710731060124|4710363382045|4710032601194|4710015103370|4711128668787|4710960892077|4710247005206|4710467221516
1950984,20424183|20415723|20406349|20370688|20333225|20332419|20307585|20301149|20246068|20246013
1951110,20424183|20415723|20406349|20370688|20333225|20332419|20307585|20301149|20246068|20246013
1951295,20424183|20415723|20406349|20370688|20333225|20332419|20307585|20301149|20246068|20246013
1951332,20424183|20415723|20406349|20370688|20333225|20332419|20307585|20301149|20246068|20246013
1951349,20424183|20415723|20406349|20370688|20333225|20332419|20307585|20301149|20246068|20246013
1951509,20424183|20415723|20406349|20370688|20333225|20332419|20307585|20301149|20246068|20246013
1951547,20424183|20415723|20406349|20370688|20333225|20332419|20307585|20301149|20246068|20246013
1951684,4710105026411|4710144101452|4711080010112|20424183|20415723|20406349|20370688|20333225|20332419|20307585
1951912,20424183|20415723|20406349|20370688|20333225|20332419|20307585|20301149|20246068|20246013
1951936,4711686006090|4710998000802|4710731060124|4710363382045|4710032601194|4710015103370|4711128668787|4710960892077|4710247005206|4710467221516
1952261,20424183|20415723|20406349|20370688|20333225|20332419|20307585|20301149|20246068|20246013
1952476,20424183|20415723|20406349|20370688|20333225|20332419|20307585|20301149|20246068|20246013
1952797,20424183|20415723|20406349|20370688|20333225|20332419|20307585|20301149|20246068|20246013
1952803,20424183|20415723|20406349|20370688|20333225|20332419|20307585|20301149|20246068|20246013
1952964,20424183|20415723|20406349|20370688|20333225|20332419|20307585|20301149|20246068|20246013
1953046,4711686006090|4710998000802|4710731060124|4710363382045|4710032601194|4710015103370|4711128668787|4710960892077|4710247005206|4710467221516
1953244,20424183|20415723|20406349|20370688|20333225|20332419|20307585|20301149|20246068|20246013
1953534,20424183|20415723|20406349|20370688|20333225|20332419|20307585|20301149|20246068|20246013
1953589,4711686006090|4710998000802|4710731060124|4710363382045|4710032601194|4710015103370|4711128668787|4710960892077|4710247005206|4710467221516
1953657,20424183|20415723|20406349|20370688|20333225|20332419|20307585|20301149|20246068|20246013
1953862,20424183|20415723|20406349|20370688|20333225|20332419|20307585|20301149|20246068|20246013
1953992,20424183|20415723|20406349|20370688|20333225|20332419|20307585|20301149|20246068|20246013
1954029,20424183|20415723|20406349|20370688|20333225|20332419|20307585|20301149|20246068|20246013
1954173,20424183|20415723|20406349|20370688|20333225|20332419|20307585|20301149|20246068|20246013
1954616,20424183|20415723|20406349|20370688|20333225|20332419|20307585|20301149|20246068|20246013
1954807,20424183|20415723|20406349|20370688|20333225|20332419|20307585|20301149|20246068|20246013
1954951,20424183|20415723|20406349|20370688|20333225|20332419|20307585|20301149|20246068|20246013
1955149,20424183|20415723|20406349|20370688|20333225|20332419|20307585|20301149|20246068|20246013
1955156,20424183|20415723|20406349|20370688|20333225|20332419|20307585|20301149|20246068|20246013
1955712,20424183|20415723|20406349|20370688|20333225|20332419|20307585|20301149|20246068|20246013
1955835,20424183|20415723|20406349|20370688|20333225|20332419|20307585|20301149|20246068|20246013
1955972,20424183|20415723|20406349|20370688|20333225|20332419|20307585|20301149|20246068|20246013
1955996,20424183|20415723|20406349|20370688|20333225|20332419|20307585|20301149|20246068|20246013
1956405,20424183|20415723|20406349|20370688|20333225|20332419|20307585|20301149|20246068|20246013
1956580,4711686006090|4710998000802|4710731060124|4710363382045|4710032601194|4710015103370|4711128668787|4710960892077|4710247005206|4710467221516
1956696,20424183|20415723|20406349|20370688|20333225|20332419|20307585|20301149|20246068|20246013
1957099,20424183|20415723|20406349|20370688|20333225|20332419|20307585|20301149|20246068|20246013
1957204,20424183|20415723|20406349|20370688|20333225|20332419|20307585|20301149|20246068|20246013
1958089,20424183|20415723|20406349|20370688|20333225|20332419|20307585|20301149|20246068|20246013
1958140,4711686006090|4710998000802|4710731060124|4710363382045|4710032601194|4710015103370|4711128668787|4710960892077|4710247005206|4710467221516
1958386,20424183|20415723|20406349|20370688|20333225|20332419|20307585|20301149|20246068|20246013
1958485,20424183|20415723|20406349|20370688|20333225|20332419|20307585|20301149|20246068|20246013
1958690,20424183|20415723|20406349|20370688|20333225|20332419|20307585|20301149|20246068|20246013
1958881,4711686006090|4710998000802|4710731060124|4710363382045|4710032601194|4710015103370|4711128668787|4710960892077|4710247005206|4710467221516
1958997,20424183|20415723|20406349|20370688|20333225|20332419|20307585|20301149|20246068|20246013
1959017,20424183|20415723|20406349|20370688|20333225|20332419|20307585|20301149|20246068|20246013
1959154,20424183|20415723|20406349|20370688|20333225|20332419|20307585|20301149|20246068|20246013
1959369,20424183|20415723|20406349|20370688|20333225|20332419|20307585|20301149|20246068|20246013
1959604,20424183|20415723|20406349|20370688|20333225|20332419|20307585|20301149|20246068|20246013
1959819,4711686006090|4710998000802|4710731060124|4710363382045|4710032601194|4710015103370|4711128668787|4710960892077|4710247005206|4710467221516
1959994,20424183|20415723|20406349|20370688|20333225|20332419|20307585|20301149|20246068|20246013
1960044,20424183|20415723|20406349|20370688|20333225|20332419|20307585|20301149|20246068|20246013
1960372,20424183|20415723|20406349|20370688|20333225|20332419|20307585|20301149|20246068|20246013
1960501,20424183|20415723|20406349|20370688|20333225|20332419|20307585|20301149|20246068|20246013
1960846,20424183|20415723|20406349|20370688|20333225|20332419|20307585|20301149|20246068|20246013
1960938,20424183|20415723|20406349|20370688|20333225|20332419|20307585|20301149|20246068|20246013
1960983,20424183|20415723|20406349|20370688|20333225|20332419|20307585|20301149|20246068|20246013
1961102,20424183|20415723|20406349|20370688|20333225|20332419|20307585|20301149|20246068|20246013
1961126,20424183|20415723|20406349|20370688|20333225|20332419|20307585|20301149|20246068|20246013
1961263,20424183|20415723|20406349|20370688|20333225|20332419|20307585|20301149|20246068|20246013
1961355,20424183|20415723|20406349|20370688|20333225|20332419|20307585|20301149|20246068|20246013
1961584,20424183|20415723|20406349|20370688|20333225|20332419|20307585|20301149|20246068|20246013
1961676,20424183|20415723|20406349|20370688|20333225|20332419|20307585|20301149|20246068|20246013
1961751,20424183|20415723|20406349|20370688|20333225|20332419|20307585|20301149|20246068|20246013
1961836,20424183|20415723|20406349|20370688|20333225|20332419|20307585|20301149|20246068|20246013
1962291,20424183|20415723|20406349|20370688|20333225|20332419|20307585|20301149|20246068|20246013
1962598,20424183|20415723|20406349|20370688|20333225|20332419|20307585|20301149|20246068|20246013
1962635,20424183|20415723|20406349|20370688|20333225|20332419|20307585|20301149|20246068|20246013
1962680,20424183|20415723|20406349|20370688|20333225|20332419|20307585|20301149|20246068|20246013
1962871,4711686006090|4710998000802|4710731060124|4710363382045|4710032601194|4710015103370|4711128668787|4710960892077|4710247005206|4710467221516
1963243,20424183|20415723|20406349|20370688|20333225|20332419|20307585|20301149|20246068|20246013
1963519,4711686006090|4710998000802|4710731060124|4710363382045|4710032601194|4710015103370|4711128668787|4710960892077|4710247005206|4710467221516
1964172,20424183|20415723|20406349|20370688|20333225|20332419|20307585|20301149|20246068|20246013
1964417,20424183|20415723|20406349|20370688|20333225|20332419|20307585|20301149|20246068|20246013
1964691,20424183|20415723|20406349|20370688|20333225|20332419|20307585|20301149|20246068|20246013
1964707,20424183|20415723|20406349|20370688|20333225|20332419|20307585|20301149|20246068|20246013
1965001,20424183|20415723|20406349|20370688|20333225|20332419|20307585|20301149|20246068|20246013
1965124,20424183|20415723|20406349|20370688|20333225|20332419|20307585|20301149|20246068|20246013
1965643,20424183|20415723|20406349|20370688|20333225|20332419|20307585|20301149|20246068|20246013
1965858,20424183|20415723|20406349|20370688|20333225|20332419|20307585|20301149|20246068|20246013
1965926,20424183|20415723|20406349|20370688|20333225|20332419|20307585|20301149|20246068|20246013
1966022,20451042|20424183|20415723|20370688|20333225|20332419|20307585|20301149|20246068|20246013
1966145,20424183|20415723|20406349|20370688|20333225|20332419|20307585|20301149|20246068|20246013
1966169,20424183|20415723|20406349|20370688|20333225|20332419|20307585|20301149|20246068|20246013
1966473,4711686006090|4710998000802|4710731060124|4710363382045|4710032601194|4710015103370|4711128668787|4710960892077|4710247005206|4710467221516
1966565,4711686006090|4710998000802|4710731060124|4710363382045|4710032601194|4710015103370|4711128668787|4710960892077|4710247005206|4710467221516
1966695,20424183|20415723|20406349|20370688|20333225|20332419|20307585|20301149|20246068|20246013
1966763,20424183|20415723|20406349|20370688|20333225|20332419|20307585|20301149|20246068|20246013
1966770,20424183|20415723|20406349|20370688|20333225|20332419|20307585|20301149|20246068|20246013
1966831,20424183|20415723|20406349|20370688|20333225|20332419|20307585|20301149|20246068|20246013
1966848,20424183|20415723|20406349|20370688|20333225|20332419|20307585|20301149|20246068|20246013
1966886,20424183|20415723|20406349|20370688|20333225|20332419|20307585|20301149|20246068|20246013
1966893,20424183|20415723|20406349|20370688|20333225|20332419|20307585|20301149|20246068|20246013
1966954,4711686006090|4710998000802|4710731060124|4710363382045|4710032601194|4710015103370|4711128668787|4710960892077|4710247005206|4710467221516
1966961,20424183|20415723|20406349|20370688|20333225|20332419|20307585|20301149|20246068|20246013
1966978,4711686006090|4710998000802|4710731060124|4710363382045|4710032601194|4710015103370|4711128668787|4710960892077|4710247005206|4710467221516
1966992,20424183|20415723|20406349|20370688|20333225|20332419|20307585|20301149|20246068|20246013
1967081,20424183|20415723|20406349|20370688|20333225|20332419|20307585|20301149|20246068|20246013
1967098,20424183|20415723|20406349|20370688|20333225|20332419|20307585|20301149|20246068|20246013
1967159,20424183|20415723|20406349|20370688|20333225|20332419|20307585|20301149|20246068|20246013
1967364,20424183|20415723|20406349|20370688|20333225|20332419|20307585|20301149|20246068|20246013
1967432,4711686006090|4710998000802|4710731060124|4710363382045|4710032601194|4710015103370|4711128668787|4710960892077|4710247005206|4710467221516
1967548,20424183|20415723|20406349|20370688|20333225|20332419|20307585|20301149|20246068|20246013
1967791,4711686006090|4710998000802|4710731060124|4710363382045|4710032601194|4710015103370|4711128668787|4710960892077|4710247005206|4710467221516
1968101,20424183|20415723|20406349|20370688|20333225|20332419|20307585|20301149|20246068|20246013
1968286,20424183|20415723|20406349|20370688|20333225|20332419|20307585|20301149|20246068|20246013
1968309,20424183|20415723|20406349|20370688|20333225|20332419|20307585|20301149|20246068|20246013
1968354,20424183|20415723|20406349|20370688|20333225|20332419|20307585|20301149|20246068|20246013
1968422,20424183|20415723|20406349|20370688|20333225|20332419|20307585|20301149|20246068|20246013
1968484,4712278884263|4711634000965|47100312|4711686006090|4710998000802|4710731060124|4710363382045|4710247005206|4710032601194|4710015103370
1968576,4711686006090|4710998000802|4710731060124|4710363382045|4710032601194|4710015103370|4711128668787|4710960892077|4710247005206|4710467221516
1968927,20424183|20415723|20406349|20370688|20333225|20332419|20307585|20301149|20246068|20246013
1968989,20424183|20415723|20406349|20370688|20333225|20332419|20307585|20301149|20246068|20246013
1969009,20424183|20415723|20406349|20370688|20333225|20332419|20307585|20301149|20246068|20246013
1969085,20424183|20415723|20406349|20370688|20333225|20332419|20307585|20301149|20246068|20246013
1969276,4711686006090|4710998000802|4710731060124|4710363382045|4710032601194|4710015103370|4711128668787|4710960892077|4710247005206|4710467221516
1969450,20424183|20415723|20406349|20370688|20333225|20332419|20307585|20301149|20246068|20246013
1969528,20424183|20415723|20406349|20370688|20333225|20332419|20307585|20301149|20246068|20246013
1969832,20424183|20415723|20406349|20370688|20333225|20332419|20307585|20301149|20246068|20246013
1969993,20424183|20415723|20406349|20370688|20333225|20332419|20307585|20301149|20246068|20246013
1970029,20424183|20415723|20406349|20370688|20333225|20332419|20307585|20301149|20246068|20246013
1970265,20424183|20415723|20406349|20370688|20333225|20332419|20307585|20301149|20246068|20246013
1970333,4711686006090|4710998000802|4710731060124|4710363382045|4710032601194|4710015103370|4711128668787|4710960892077|4710247005206|4710467221516
1970777,20424183|20415723|20406349|20370688|20333225|20332419|20307585|20301149|20246068|20246013
1971064,20424183|20415723|20406349|20370688|20333225|20332419|20307585|20301149|20246068|20246013
1971071,20424183|20415723|20406349|20370688|20333225|20332419|20307585|20301149|20246068|20246013
1971552,4711686006090|4710998000802|4710731060124|4710363382045|4710032601194|4710015103370|4711128668787|4710960892077|4710247005206|4710467221516
1971606,20424183|20415723|20406349|20370688|20333225|20332419|20307585|20301149|20246068|20246013
1971644,20424183|20415723|20406349|20370688|20333225|20332419|20307585|20301149|20246068|20246013
1971675,20424183|20415723|20406349|20370688|20333225|20332419|20307585|20301149|20246068|20246013
1971859,20424183|20415723|20406349|20370688|20333225|20332419|20307585|20301149|20246068|20246013
1971941,4711686006090|4710998000802|4710731060124|4710363382045|4710032601194|4710015103370|4711128668787|4710960892077|4710247005206|4710467221516
1972085,4712278884263|4711634000965|4711686006090|4710998000802|4710731060124|4710363382045|4710247005206|4710032601194|4710015103370|4710200000019
1972177,20424183|20415723|20406349|20370688|20333225|20332419|20307585|20301149|20246068|20246013
1972184,20424183|20415723|20406349|20370688|20333225|20332419|20307585|20301149|20246068|20246013
1972337,20424183|20415723|20406349|20370688|20333225|20332419|20307585|20301149|20246068|20246013
1972429,20424183|20415723|20406349|20370688|20333225|20332419|20307585|20301149|20246068|20246013
1972559,20424183|20415723|20406349|20370688|20333225|20332419|20307585|20301149|20246068|20246013
1972832,20424183|20415723|20406349|20370688|20333225|20332419|20307585|20301149|20246068|20246013
1972986,4711686006090|4710998000802|4710731060124|4710363382045|4710032601194|4710015103370|4711128668787|4710960892077|4710247005206|4710467221516
1973020,20424183|20415723|20406349|20370688|20333225|20332419|20307585|20301149|20246068|20246013
1973075,20451042|20424183|20415723|20406349|20370688|20333225|20332419|20301149|20246068|20246013
1973167,4711686006090|4710998000802|4710731060124|4710363382045|4710032601194|4710015103370|4711128668787|4710960892077|4710247005206|4710467221516
1973211,20424183|20415723|20406349|20370688|20333225|20332419|20307585|20301149|20246068|20246013
1973259,4710722000474|4713758146031|4714381003128|4711663700010|20424183|20415723|20406349|20370688|20333225|20332419
1973334,20424183|20415723|20406349|20370688|20333225|20332419|20307585|20301149|20246068|20246013
1973365,20424183|20415723|20406349|20370688|20333225|20332419|20307585|20301149|20246068|20246013
1973389,4711686006090|4710998000802|4710731060124|4710363382045|4710032601194|4710015103370|4711128668787|4710960892077|4710247005206|4710467221516
1973556,20424183|20415723|20406349|20370688|20333225|20332419|20307585|20301149|20246068|20246013
1973778,20424183|20415723|20406349|20370688|20333225|20332419|20307585|20301149|20246068|20246013
1974003,20424183|20415723|20406349|20370688|20333225|20332419|20307585|20301149|20246068|20246013
1974133,4711686006090|4710998000802|4710731060124|4710363382045|4710032601194|4710015103370|4711128668787|4710960892077|4710247005206|4710467221516
1974348,20424183|20415723|20406349|20370688|20333225|20332419|20307585|20301149|20246068|20246013
1974454,20424183|20415723|20406349|20370688|20333225|20332419|20307585|20301149|20246068|20246013
1974478,20424183|20415723|20406349|20370688|20333225|20332419|20307585|20301149|20246068|20246013
1974690,20424183|20415723|20406349|20370688|20333225|20332419|20307585|20301149|20246068|20246013
1974867,20424183|20415723|20406349|20370688|20333225|20332419|20307585|20301149|20246068|20246013
1974881,20424183|20415723|20406349|20370688|20333225|20332419|20307585|20301149|20246068|20246013
1975024,20424183|20415723|20406349|20370688|20333225|20332419|20307585|20301149|20246068|20246013
1975208,20424183|20415723|20406349|20370688|20333225|20332419|20307585|20301149|20246068|20246013
1975352,20424183|20415723|20406349|20370688|20333225|20332419|20307585|20301149|20246068|20246013
1975413,20424183|20415723|20406349|20370688|20333225|20332419|20307585|20301149|20246068|20246013
1975420,20424183|20415723|20406349|20370688|20333225|20332419|20307585|20301149|20246068|20246013
1975543,4711686006090|4710998000802|4710731060124|4710363382045|4710032601194|4710015103370|4711128668787|4710960892077|4710247005206|4710467221516
1975895,20424183|20415723|20406349|20370688|20333225|20332419|20307585|20301149|20246068|20246013
1975963,20424183|20415723|20406349|20370688|20333225|20332419|20307585|20301149|20246068|20246013
1976236,20424183|20415723|20406349|20370688|20333225|20332419|20307585|20301149|20246068|20246013
1976250,4712278884263|4711634000965|47100312|4711686006090|4710998000802|4710731060124|4710363382045|4710247005206|4710032601194|4710015103370
1976267,20424183|20415723|20406349|20370688|20333225|20332419|20307585|20301149|20246068|20246013
1976472,20424183|20415723|20406349|20370688|20333225|20332419|20307585|20301149|20246068|20246013
1976700,20424183|20415723|20406349|20370688|20333225|20332419|20307585|20301149|20246068|20246013
1976786,20424183|20415723|20406349|20370688|20333225|20332419|20307585|20301149|20246068|20246013
1976847,20451042|20424183|20406349|20370688|20333225|20332419|20307585|20301149|20246068|20246013
1976977,20424183|20415723|20406349|20370688|20333225|20332419|20307585|20301149|20246068|20246013
1977004,20424183|20415723|20406349|20370688|20333225|20332419|20307585|20301149|20246068|20246013
1977097,20424183|20415723|20406349|20370688|20333225|20332419|20307585|20301149|20246068|20246013
1977165,20424183|20415723|20406349|20370688|20333225|20332419|20307585|20301149|20246068|20246013
1977349,20424183|20415723|20406349|20370688|20333225|20332419|20307585|20301149|20246068|20246013
1977363,20451042|20424183|20406349|20370688|20333225|20332419|20307585|20301149|20246068|20246013
1977370,20424183|20415723|20406349|20370688|20333225|20332419|20307585|20301149|20246068|20246013
1977523,20424183|20415723|20406349|20370688|20333225|20332419|20307585|20301149|20246068|20246013
1977622,4711686006090|4710998000802|4710731060124|4710363382045|4710032601194|4710015103370|4711128668787|4710960892077|4710247005206|4710467221516
1977721,20424183|20415723|20406349|20370688|20333225|20332419|20307585|20301149|20246068|20246013
1977882,20424183|20415723|20406349|20370688|20333225|20332419|20307585|20301149|20246068|20246013
1978087,20424183|20415723|20406349|20370688|20333225|20332419|20307585|20301149|20246068|20246013
1978117,20424183|20415723|20406349|20370688|20333225|20332419|20307585|20301149|20246068|20246013
1978179,20424183|20415723|20406349|20370688|20333225|20332419|20307585|20301149|20246068|20246013
1978230,20424183|20415723|20406349|20370688|20333225|20332419|20307585|20301149|20246068|20246013
1978407,20424183|20415723|20406349|20370688|20333225|20332419|20307585|20301149|20246068|20246013
1978735,4711686006090|4710998000802|4710731060124|4710363382045|4710032601194|4710015103370|4711128668787|4710960892077|4710247005206|4710467221516
1978896,20424183|20415723|20406349|20370688|20333225|20332419|20307585|20301149|20246068|20246013
1979084,4711686006090|4710998000802|4710731060124|4710363382045|4710032601194|4710015103370|4711128668787|4710960892077|4710247005206|4710467221516
1979145,20424183|20415723|20406349|20370688|20333225|20332419|20307585|20301149|20246068|20246013
1979244,20424183|20415723|20406349|20370688|20333225|20332419|20307585|20301149|20246068|20246013
1979282,20451042|20424183|20415723|20406349|20333225|20332419|20307585|20301149|20246068|20246013
1979527,20424183|20415723|20406349|20370688|20333225|20332419|20307585|20301149|20246068|20246013
1979589,20424183|20415723|20406349|20370688|20333225|20332419|20307585|20301149|20246068|20246013
1979732,20424183|20415723|20406349|20370688|20333225|20332419|20307585|20301149|20246068|20246013
1979961,20514235|20451042|20424183|20406349|20370688|20333225|20332419|20307585|20301149|20246068
1980073,4711686006090|4710998000802|4710731060124|4710363382045|4710032601194|4710015103370|4711128668787|4710960892077|4710247005206|4710467221516
1980103,20424183|20415723|20406349|20370688|20333225|20332419|20307585|20301149|20246068|20246013
1980110,20424183|20415723|20406349|20370688|20333225|20332419|20307585|20301149|20246068|20246013
1980134,4711686006090|4710998000802|4710731060124|4710363382045|4710032601194|4710015103370|4711128668787|4710960892077|4710247005206|4710467221516
1980325,4711686006090|4710998000802|4710731060124|4710363382045|4710032601194|4710015103370|4711128668787|4710960892077|4710247005206|4710467221516
1980684,20424183|20415723|20406349|20370688|20333225|20332419|20307585|20301149|20246068|20246013
1981018,4711686006090|4710998000802|4710731060124|4710363382045|4710032601194|4710015103370|4711128668787|4710960892077|4710247005206|4710467221516
1981131,4711686006090|4710998000802|4710731060124|4710363382045|4710032601194|4710015103370|4711128668787|4710960892077|4710247005206|4710467221516
1981179,20424183|20415723|20406349|20370688|20333225|20332419|20307585|20301149|20246068|20246013
1981315,20424183|20415723|20406349|20370688|20333225|20332419|20307585|20301149|20246068|20246013
1981353,20424183|20415723|20406349|20370688|20333225|20332419|20307585|20301149|20246068|20246013
1981377,4714050000038|4710110000581|4711437000063|4710209701139|4710114105046|4710105010724|4710094012686|4710515533028|4710247001765|4710085120468
1981421,4712934010074|4710176016045|4710105010113|4710088430922|4711524001041|4710549000664|4710290007011|4710022102892|719859796117|40000015314
1981827,20424183|20415723|20406349|20370688|20333225|20332419|20307585|20301149|20246068|20246013
1981872,20424183|20415723|20406349|20370688|20333225|20332419|20307585|20301149|20246068|20246013
1981896,4711686006090|4710998000802|4710731060124|4710363382045|4710032601194|4710015103370|4711128668787|4710960892077|4710247005206|4710467221516
1981995,20424183|20415723|20406349|20370688|20333225|20332419|20307585|20301149|20246068|20246013
1982190,20424183|20415723|20406349|20370688|20333225|20332419|20307585|20301149|20246068|20246013
1982251,20424183|20415723|20406349|20370688|20333225|20332419|20307585|20301149|20246068|20246013
1982268,20424183|20415723|20406349|20370688|20333225|20332419|20307585|20301149|20246068|20246013
1982442,20424183|20415723|20406349|20370688|20333225|20332419|20307585|20301149|20246068|20246013
1982480,20424183|20415723|20406349|20370688|20333225|20332419|20307585|20301149|20246068|20246013
1982541,20424183|20415723|20406349|20370688|20333225|20332419|20307585|20301149|20246068|20246013
1982640,20424183|20415723|20406349|20370688|20333225|20332419|20307585|20301149|20246068|20246013
1982886,20424183|20415723|20406349|20370688|20333225|20332419|20307585|20301149|20246068|20246013
1983203,20424183|20415723|20406349|20370688|20333225|20332419|20307585|20301149|20246068|20246013
1983388,20424183|20415723|20406349|20370688|20333225|20332419|20307585|20301149|20246068|20246013
1983395,20424183|20415723|20406349|20370688|20333225|20332419|20307585|20301149|20246068|20246013
1983616,20424183|20415723|20406349|20370688|20333225|20332419|20307585|20301149|20246068|20246013
1983630,20424183|20415723|20406349|20370688|20333225|20332419|20307585|20301149|20246068|20246013
1983777,20424183|20415723|20406349|20370688|20333225|20332419|20307585|20301149|20246068|20246013
1983913,4712278884263|4711634000965|47100312|4711686006090|4710998000802|4710731060124|4710363382045|4710247005206|4710032601194|4710015103370
1984064,4711686006090|4710998000802|4710731060124|4710363382045|4710032601194|4710015103370|4711128668787|4710960892077|4710247005206|4710467221516
1984217,4712278884263|4711634000965|47100312|4711686006090|4710998000802|4710731060124|4710363382045|4710247005206|4710032601194|4710015103370
1984255,20424183|20415723|20406349|20370688|20333225|20332419|20307585|20301149|20246068|20246013
1984385,4711686006090|4710998000802|4710731060124|4710363382045|4710032601194|4710015103370|4711128668787|4710960892077|4710247005206|4710467221516
1984408,4711686006090|4710998000802|4710731060124|4710363382045|4710032601194|4710015103370|4711128668787|4710960892077|4710247005206|4710467221516
1984736,20424183|20415723|20406349|20370688|20333225|20332419|20307585|20301149|20246068|20246013
1984767,20424183|20415723|20406349|20370688|20333225|20332419|20307585|20301149|20246068|20246013
1984781,20424183|20415723|20406349|20370688|20333225|20332419|20307585|20301149|20246068|20246013
1984873,20424183|20415723|20406349|20370688|20333225|20332419|20307585|20301149|20246068|20246013
1985023,20424183|20415723|20406349|20370688|20333225|20332419|20307585|20301149|20246068|20246013
1985054,20424183|20415723|20406349|20370688|20333225|20332419|20307585|20301149|20246068|20246013
1985108,20424183|20415723|20406349|20370688|20333225|20332419|20307585|20301149|20246068|20246013
1985115,20424183|20415723|20406349|20370688|20333225|20332419|20307585|20301149|20246068|20246013
1985351,20424183|20415723|20406349|20370688|20333225|20332419|20307585|20301149|20246068|20246013
1985375,20424183|20415723|20406349|20370688|20333225|20332419|20307585|20301149|20246068|20246013
1985542,8934614019061|4710247005299|4710105046013|20424183|20415723|20406349|20370688|20333225|20332419|20307585
1985757,20424183|20415723|20406349|20370688|20333225|20332419|20307585|20301149|20246068|20246013
1985801,20424183|20415723|20406349|20370688|20333225|20332419|20307585|20301149|20246068|20246013
1985900,20424183|20415723|20406349|20370688|20333225|20332419|20307585|20301149|20246068|20246013
1985948,20424183|20415723|20406349|20370688|20333225|20332419|20307585|20301149|20246068|20246013
1986020,20424183|20415723|20406349|20370688|20333225|20332419|20307585|20301149|20246068|20246013
1986105,20424183|20415723|20406349|20370688|20333225|20332419|20307585|20301149|20246068|20246013
1986440,4711686006090|4710998000802|4710731060124|4710363382045|4710032601194|4710015103370|4711128668787|4710960892077|4710247005206|4710467221516
1986556,20424183|20415723|20406349|20370688|20333225|20332419|20307585|20301149|20246068|20246013
1986693,20424183|20415723|20406349|20370688|20333225|20332419|20307585|20301149|20246068|20246013
1986907,20424183|20415723|20406349|20370688|20333225|20332419|20307585|20301149|20246068|20246013
1987010,20424183|20415723|20406349|20370688|20333225|20332419|20307585|20301149|20246068|20246013
1987225,4711686006090|4710998000802|4710731060124|4710363382045|4710032601194|4710015103370|4711128668787|4710960892077|4710247005206|4710467221516
1987379,4711686006090|4710998000802|4710731060124|4710363382045|4710032601194|4710015103370|4711128668787|4710960892077|4710247005206|4710467221516
1987584,20424183|20415723|20406349|20370688|20333225|20332419|20307585|20301149|20246068|20246013
1987782,20424183|20415723|20406349|20370688|20333225|20332419|20307585|20301149|20246068|20246013
1987935,20451042|20424183|20415723|20406349|20370688|20333225|20332419|20307585|20301149|20246068
1988161,20424183|20415723|20406349|20370688|20333225|20332419|20307585|20301149|20246068|20246013
1988406,20424183|20415723|20406349|20370688|20333225|20332419|20307585|20301149|20246068|20246013
1988444,20424183|20415723|20406349|20370688|20333225|20332419|20307585|20301149|20246068|20246013
1988468,4711686006090|4710998000802|4710731060124|4710363382045|4710032601194|4710015103370|4711128668787|4710960892077|4710247005206|4710467221516
1988574,20424183|20415723|20406349|20370688|20333225|20332419|20307585|20301149|20246068|20246013
1988611,20424183|20415723|20406349|20370688|20333225|20332419|20307585|20301149|20246068|20246013
1989038,20424183|20415723|20406349|20370688|20333225|20332419|20307585|20301149|20246068|20246013
1989052,4711686006090|4710998000802|4710731060124|4710363382045|4710032601194|4710015103370|4711128668787|4710960892077|4710247005206|4710467221516
1989151,20424183|20415723|20406349|20370688|20333225|20332419|20307585|20301149|20246068|20246013
1989168,4710110000581|4711437000063|4711713290065|4710140601512|4710063421624|4710189600101|4711080010112|4710543214012|20424183|20415723
1989236,4711686006090|4710998000802|4710731060124|4710363382045|4710032601194|4710015103370|4711128668787|4710960892077|4710247005206|4710467221516
1989274,20424183|20415723|20406349|20370688|20333225|20332419|20307585|20301149|20246068|20246013
1989397,20424183|20415723|20406349|20370688|20333225|20332419|20307585|20301149|20246068|20246013
1989472,20424183|20415723|20406349|20370688|20333225|20332419|20307585|20301149|20246068|20246013
1989526,20424183|20415723|20406349|20370688|20333225|20332419|20307585|20301149|20246068|20246013
1989595,20424183|20415723|20406349|20370688|20333225|20332419|20307585|20301149|20246068|20246013
1989601,4714050000038|4710110000581|4711437000063|4710209701139|4710114105046|4710105010724|4710094012686|4710515533028|4710247001765|4710085120468
1989748,4711686006090|4710998000802|4710731060124|4710363382045|4710032601194|4710015103370|4711128668787|4710960892077|4710247005206|4710467221516
1989854,20451042|20424183|20415723|20406349|20333225|20332419|20307585|20301149|20246068|20246013
1989885,20424183|20415723|20406349|20370688|20333225|20332419|20307585|20301149|20246068|20246013
1990171,20424183|20415723|20406349|20370688|20333225|20332419|20307585|20301149|20246068|20246013
1990294,20424183|20415723|20406349|20370688|20333225|20332419|20307585|20301149|20246068|20246013
1990355,20451042|20424183|20406349|20370688|20333225|20332419|20307585|20301149|20246068|20246013
1990362,20424183|20415723|20406349|20370688|20333225|20332419|20307585|20301149|20246068|20246013
1990423,20424183|20415723|20406349|20370688|20333225|20332419|20307585|20301149|20246068|20246013
1990454,20424183|20415723|20406349|20370688|20333225|20332419|20307585|20301149|20246068|20246013
1990508,20424183|20415723|20406349|20370688|20333225|20332419|20307585|20301149|20246068|20246013
1990546,20424183|20415723|20406349|20370688|20333225|20332419|20307585|20301149|20246068|20246013
1990713,20424183|20415723|20406349|20370688|20333225|20332419|20307585|20301149|20246068|20246013
1990935,4711686006090|4710998000802|4710731060124|4710363382045|4710032601194|4710015103370|4711128668787|4710960892077|4710247005206|4710467221516
1991147,20424183|20415723|20406349|20370688|20333225|20332419|20307585|20301149|20246068|20246013
1991178,20424183|20415723|20406349|20370688|20333225|20332419|20307585|20301149|20246068|20246013
1991239,20424183|20415723|20406349|20370688|20333225|20332419|20307585|20301149|20246068|20246013
1991642,20424183|20415723|20406349|20370688|20333225|20332419|20307585|20301149|20246068|20246013
1991741,4711634000460|4710722000474|37000440147|4710362010093|37000440192|4710174041551|4710105015125|20424183|20415723|20406349
1991833,20424183|20415723|20406349|20370688|20333225|20332419|20307585|20301149|20246068|20246013
1991932,20424183|20415723|20406349|20370688|20333225|20332419|20307585|20301149|20246068|20246013
1991987,20424183|20415723|20406349|20370688|20333225|20332419|20307585|20301149|20246068|20246013
1992076,20424183|20415723|20406349|20370688|20333225|20332419|20307585|20301149|20246068|20246013
1992090,20424183|20415723|20406349|20370688|20333225|20332419|20307585|20301149|20246068|20246013
1992106,20424183|20415723|20406349|20370688|20333225|20332419|20307585|20301149|20246068|20246013
1992113,4711686006090|4710998000802|4710731060124|4710363382045|4710032601194|4710015103370|4711128668787|4710960892077|4710247005206|4710467221516
1992366,20424183|20415723|20406349|20370688|20333225|20332419|20307585|20301149|20246068|20246013
1992410,20424183|20415723|20406349|20370688|20333225|20332419|20307585|20301149|20246068|20246013
1992458,20424183|20415723|20406349|20370688|20333225|20332419|20307585|20301149|20246068|20246013
1992489,20451042|20424183|20415723|20406349|20370688|20333225|20307585|20301149|20246068|20246013
1992557,20424183|20415723|20406349|20370688|20333225|20332419|20307585|20301149|20246068|20246013
1992786,20424183|20415723|20406349|20370688|20333225|20332419|20307585|20301149|20246068|20246013
1992793,20424183|20415723|20406349|20370688|20333225|20332419|20307585|20301149|20246068|20246013
1992861,20424183|20415723|20406349|20370688|20333225|20332419|20307585|20301149|20246068|20246013
1992915,4710085120161|4710998000802|4710731060124|4710530995085|4710363382045|4710314430009|4710247005206|4710032601194|4710015104438|4710015103370
1992946,20424183|20415723|20406349|20370688|20333225|20332419|20307585|20301149|20246068|20246013
1992953,20424183|20415723|20406349|20370688|20333225|20332419|20307585|20301149|20246068|20246013
1992991,4711686006090|4710998000802|4710731060124|4710363382045|4710032601194|4710015103370|4711128668787|4710960892077|4710247005206|4710467221516
1993127,20424183|20415723|20406349|20370688|20333225|20332419|20307585|20301149|20246068|20246013
1993349,20424183|20415723|20406349|20370688|20333225|20332419|20307585|20301149|20246068|20246013
1993370,20424183|20415723|20406349|20370688|20333225|20332419|20307585|20301149|20246068|20246013
1993455,20424183|20415723|20406349|20370688|20333225|20332419|20307585|20301149|20246068|20246013
1993523,20424183|20415723|20406349|20370688|20333225|20332419|20307585|20301149|20246068|20246013
1993547,20424183|20415723|20406349|20370688|20333225|20332419|20307585|20301149|20246068|20246013
1993684,20424183|20415723|20406349|20370688|20333225|20332419|20307585|20301149|20246068|20246013
1993844,20424183|20415723|20406349|20370688|20333225|20332419|20307585|20301149|20246068|20246013
1993981,20424183|20415723|20406349|20370688|20333225|20332419|20307585|20301149|20246068|20246013
1994063,4711686006090|4710998000802|4710731060124|4710363382045|4710032601194|4710015103370|4711128668787|4710960892077|4710247005206|4710467221516
1994131,20424183|20415723|20406349|20370688|20333225|20332419|20307585|20301149|20246068|20246013
1994155,20424183|20415723|20406349|20370688|20333225|20332419|20307585|20301149|20246068|20246013
1994209,20424183|20415723|20406349|20370688|20333225|20332419|20307585|20301149|20246068|20246013
1994551,20424183|20415723|20406349|20370688|20333225|20332419|20307585|20301149|20246068|20246013
1994636,4711686006090|4710998000802|4710731060124|4710363382045|4710032601194|4710015103370|4711128668787|4710960892077|4710247005206|4710467221516
1994650,20424183|20415723|20406349|20370688|20333225|20332419|20307585|20301149|20246068|20246013
1994926,20424183|20415723|20406349|20370688|20333225|20332419|20307585|20301149|20246068|20246013
1995169,20424183|20415723|20406349|20370688|20333225|20332419|20307585|20301149|20246068|20246013
1995206,20424183|20415723|20406349|20370688|20333225|20332419|20307585|20301149|20246068|20246013
1995244,4711686006090|4710998000802|4710731060124|4710363382045|4710032601194|4710015103370|4711128668787|4710960892077|4710247005206|4710467221516
1995312,20424183|20415723|20406349|20370688|20333225|20332419|20307585|20301149|20246068|20246013
1995640,4711686006090|4710998000802|4710731060124|4710363382045|4710032601194|4710015103370|4711128668787|4710960892077|4710247005206|4710467221516
1995732,20424183|20415723|20406349|20370688|20333225|20332419|20307585|20301149|20246068|20246013
1995787,4711686006090|4710998000802|4710731060124|4710363382045|4710032601194|4710015103370|4711128668787|4710960892077|4710247005206|4710467221516
1995923,20424183|20415723|20406349|20370688|20333225|20332419|20307585|20301149|20246068|20246013
1996012,4711686006090|4710998000802|4710731060124|4710363382045|4710032601194|4710015103370|4711128668787|4710960892077|4710247005206|4710467221516
1996173,4711686006090|4710998000802|4710731060124|4710363382045|4710247005206|4710032601194|4710015103370|4710088431295|4710290003082|4710088410382
1996388,20424183|20415723|20406349|20370688|20333225|20332419|20307585|20301149|20246068|20246013
1996487,20424183|20415723|20406349|20370688|20333225|20332419|20307585|20301149|20246068|20246013
1996500,20424183|20415723|20406349|20370688|20333225|20332419|20307585|20301149|20246068|20246013
1996630,20424183|20415723|20406349|20370688|20333225|20332419|20307585|20301149|20246068|20246013
1996869,20424183|20415723|20406349|20370688|20333225|20332419|20307585|20301149|20246068|20246013
1997040,20424183|20415723|20406349|20370688|20333225|20332419|20307585|20301149|20246068|20246013
1997057,4711686006090|4710998000802|4710731060124|4710363382045|4710032601194|4710015103370|4711128668787|4710960892077|4710247005206|4710467221516
1997088,20424183|20415723|20406349|20370688|20333225|20332419|20307585|20301149|20246068|20246013
1997262,20424183|20415723|20406349|20370688|20333225|20332419|20307585|20301149|20246068|20246013
1997392,20424183|20415723|20406349|20370688|20333225|20332419|20307585|20301149|20246068|20246013
1997736,20424183|20415723|20406349|20370688|20333225|20332419|20307585|20301149|20246068|20246013
1998160,4712278884263|4711634000965|47100312|4711686006090|4710998000802|4710731060124|4710363382045|4710247005206|4710032601194|4710015103370
1998207,20451042|20424183|20415723|20406349|20370688|20333225|20332419|20301149|20246068|20246013
1998238,20424183|20415723|20406349|20370688|20333225|20332419|20307585|20301149|20246068|20246013
1998467,20424183|20415723|20406349|20370688|20333225|20332419|20307585|20301149|20246068|20246013
1998511,20424183|20415723|20406349|20370688|20333225|20332419|20307585|20301149|20246068|20246013
1998542,4711686006090|4710998000802|4710731060124|4710363382045|4710032601194|4710015103370|4711128668787|4710960892077|4710247005206|4710467221516
1998795,4710892100028|20424183|20415723|20406349|20370688|20333225|20332419|20307585|20301149|20246068
1998931,4711686006090|4710998000802|4710731060124|4710363382045|4710032601194|4710015103370|4711128668787|4710960892077|4710247005206|4710467221516
1999167,20424183|20415723|20406349|20370688|20333225|20332419|20307585|20301149|20246068|20246013
1999211,20424183|20415723|20406349|20370688|20333225|20332419|20307585|20301149|20246068|20246013
1999259,20424183|20415723|20406349|20370688|20333225|20332419|20307585|20301149|20246068|20246013
1999488,20424183|20415723|20406349|20370688|20333225|20332419|20307585|20301149|20246068|20246013
1999600,4711686006090|4710998000802|4710731060124|4710363382045|4710032601194|4710015103370|4711128668787|4710960892077|4710247005206|4710467221516
1999624,4711686006090|4710998000802|4710731060124|4710363382045|4710032601194|4710015103370|4711128668787|4710960892077|4710247005206|4710467221516
1999716,20424183|20415723|20406349|20370688|20333225|20332419|20307585|20301149|20246068|20246013
1999785,20424183|20415723|20406349|20370688|20333225|20332419|20307585|20301149|20246068|20246013
1999976,20424183|20415723|20406349|20370688|20333225|20332419|20307585|20301149|20246068|20246013
2000329,4711686006090|4710998000802|4710731060124|4710363382045|4710032601194|4710015103370|4711128668787|4710960892077|4710247005206|4710467221516
2000442,20424183|20415723|20406349|20370688|20333225|20332419|20307585|20301149|20246068|20246013
2000558,4711686006090|4710998000802|4710731060124|4710363382045|4710032601194|4710015103370|4711128668787|4710960892077|4710247005206|4710467221516
2000763,20424183|20415723|20406349|20370688|20333225|20332419|20307585|20301149|20246068|20246013
2000961,20424183|20415723|20406349|20370688|20333225|20332419|20307585|20301149|20246068|20246013
2001074,20424183|20415723|20406349|20370688|20333225|20332419|20307585|20301149|20246068|20246013
2001166,20424183|20415723|20406349|20370688|20333225|20332419|20307585|20301149|20246068|20246013
2001241,20424183|20415723|20406349|20370688|20333225|20332419|20307585|20301149|20246068|20246013
2001395,20424183|20415723|20406349|20370688|20333225|20332419|20307585|20301149|20246068|20246013
2001609,20424183|20415723|20406349|20370688|20333225|20332419|20307585|20301149|20246068|20246013
2002002,20424183|20415723|20406349|20370688|20333225|20332419|20307585|20301149|20246068|20246013
2002033,20424183|20415723|20406349|20370688|20333225|20332419|20307585|20301149|20246068|20246013
2002057,4712278884263|4711634000965|4711686006090|4710998000802|4710731060124|4710363382045|4710247005206|4710032601194|4710015103370|4710200000019
2002064,20424183|20415723|20406349|20370688|20333225|20332419|20307585|20301149|20246068|20246013
2002095,4711686006090|4710998000802|4710731060124|4710363382045|4710032601194|4710015103370|4711128668787|4710960892077|4710247005206|4710467221516
2002248,20424183|20415723|20406349|20370688|20333225|20332419|20307585|20301149|20246068|20246013
2002491,20424183|20415723|20406349|20370688|20333225|20332419|20307585|20301149|20246068|20246013
2003092,20424183|20415723|20406349|20370688|20333225|20332419|20307585|20301149|20246068|20246013
2003146,20424183|20415723|20406349|20370688|20333225|20332419|20307585|20301149|20246068|20246013
2003306,20424183|20415723|20406349|20370688|20333225|20332419|20307585|20301149|20246068|20246013
2003405,20424183|20415723|20406349|20370688|20333225|20332419|20307585|20301149|20246068|20246013
2003542,20424183|20415723|20406349|20370688|20333225|20332419|20307585|20301149|20246068|20246013
2003733,20424183|20415723|20406349|20370688|20333225|20332419|20307585|20301149|20246068|20246013
2003887,20424183|20415723|20406349|20370688|20333225|20332419|20307585|20301149|20246068|20246013
2004068,20424183|20415723|20406349|20370688|20333225|20332419|20307585|20301149|20246068|20246013
2004112,20424183|20415723|20406349|20370688|20333225|20332419|20307585|20301149|20246068|20246013
2004259,4711686006090|4710998000802|4710731060124|4710363382045|4710032601194|4710015103370|4711128668787|4710960892077|4710247005206|4710467221516
2004273,20424183|20415723|20406349|20370688|20333225|20332419|20307585|20301149|20246068|20246013
2004402,4711686006090|4710998000802|4710731060124|4710363382045|4710032601194|4710015103370|4711128668787|4710960892077|4710247005206|4710467221516
2004563,20424183|20415723|20406349|20370688|20333225|20332419|20307585|20301149|20246068|20246013
2004891,20424183|20415723|20406349|20370688|20333225|20332419|20307585|20301149|20246068|20246013
2004983,20424183|20415723|20406349|20370688|20333225|20332419|20307585|20301149|20246068|20246013
2005362,20424183|20415723|20406349|20370688|20333225|20332419|20307585|20301149|20246068|20246013
2005393,20424183|20415723|20406349|20370688|20333225|20332419|20307585|20301149|20246068|20246013
2005409,20424183|20415723|20406349|20370688|20333225|20332419|20307585|20301149|20246068|20246013
2005447,20424183|20415723|20406349|20370688|20333225|20332419|20307585|20301149|20246068|20246013
2005515,20424183|20415723|20406349|20370688|20333225|20332419|20307585|20301149|20246068|20246013
2005690,20424183|20415723|20406349|20370688|20333225|20332419|20307585|20301149|20246068|20246013
2005775,20424183|20415723|20406349|20370688|20333225|20332419|20307585|20301149|20246068|20246013
2005843,20424183|20415723|20406349|20370688|20333225|20332419|20307585|20301149|20246068|20246013
2005959,4712278884263|4711634000965|47100312|4711686006090|4710998000802|4710731060124|4710363382045|4710247005206|4710032601194|4710015103370
2006031,20424183|20415723|20406349|20370688|20333225|20332419|20307585|20301149|20246068|20246013
2006079,20424183|20415723|20406349|20370688|20333225|20332419|20307585|20301149|20246068|20246013
2006185,20424183|20415723|20406349|20370688|20333225|20332419|20307585|20301149|20246068|20246013
2006246,4710098162806|4711220111112|4710063333194|4902757160906|4711926724012|4710105045450|4712278884263|4711634000965|47100312|4710998000802
2006277,20424183|20415723|20406349|20370688|20333225|20332419|20307585|20301149|20246068|20246013
2006291,20424183|20415723|20406349|20370688|20333225|20332419|20307585|20301149|20246068|20246013
2006376,4711686006090|4710998000802|4710731060124|4710363382045|4710032601194|4710015103370|4711128668787|4710960892077|4710247005206|4710467221516
2006390,4711686006090|4710998000802|4710731060124|4710363382045|4710032601194|4710015103370|4711128668787|4710960892077|4710247005206|4710467221516
2006543,20424183|20415723|20406349|20370688|20333225|20332419|20307585|20301149|20246068|20246013
2007045,20424183|20415723|20406349|20370688|20333225|20332419|20307585|20301149|20246068|20246013
2007052,4710175565131|4712278884263|4711634000965|47100312|4711686006090|4710998000802|4710731060124|4710363382045|4710247005206|4710032601194
2007199,20424183|20415723|20406349|20370688|20333225|20332419|20307585|20301149|20246068|20246013
2007403,20424183|20415723|20406349|20370688|20333225|20332419|20307585|20301149|20246068|20246013
2007427,20424183|20415723|20406349|20370688|20333225|20332419|20307585|20301149|20246068|20246013
2007526,4711686006090|4710998000802|4710731060124|4710363382045|4710032601194|4710015103370|4711128668787|4710960892077|4710247005206|4710467221516
2007601,20424183|20415723|20406349|20370688|20333225|20332419|20307585|20301149|20246068|20246013
2007724,20424183|20415723|20406349|20370688|20333225|20332419|20307585|20301149|20246068|20246013
2007960,20424183|20415723|20406349|20370688|20333225|20332419|20307585|20301149|20246068|20246013
2008028,20451042|20424183|20415723|20406349|20333225|20332419|20307585|20301149|20246068|20246013
2008134,20424183|20415723|20406349|20370688|20333225|20332419|20307585|20301149|20246068|20246013
2008196,20424183|20415723|20406349|20370688|20333225|20332419|20307585|20301149|20246068|20246013
2008448,20424183|20415723|20406349|20370688|20333225|20332419|20307585|20301149|20246068|20246013
2008615,20424183|20415723|20406349|20370688|20333225|20332419|20307585|20301149|20246068|20246013
2008806,20424183|20415723|20406349|20370688|20333225|20332419|20307585|20301149|20246068|20246013
2008868,4711686006090|4710998000802|4710731060124|4710363382045|4710032601194|4710015103370|4711128668787|4710960892077|4710247005206|4710467221516
2009001,20424183|20415723|20406349|20370688|20333225|20332419|20307585|20301149|20246068|20246013
2009261,20424183|20415723|20406349|20370688|20333225|20332419|20307585|20301149|20246068|20246013
2009339,4710088414311|4710088414328|20424183|20415723|20406349|20370688|20333225|20332419|20307585|20301149
2009643,4712278884263|4711634000965|47100312|4711686006090|4710998000802|4710731060124|4710363382045|4710247005206|4710032601194|4710015103370
2009650,20424183|20415723|20406349|20370688|20333225|20332419|20307585|20301149|20246068|20246013
2009728,20424183|20415723|20406349|20370688|20333225|20332419|20307585|20301149|20246068|20246013
2009735,20424183|20415723|20406349|20370688|20333225|20332419|20307585|20301149|20246068|20246013
2009797,20424183|20415723|20406349|20370688|20333225|20332419|20307585|20301149|20246068|20246013
2010236,20424183|20415723|20406349|20370688|20333225|20332419|20307585|20301149|20246068|20246013
2010328,20424183|20415723|20406349|20370688|20333225|20332419|20307585|20301149|20246068|20246013
2010502,20424183|20415723|20406349|20370688|20333225|20332419|20307585|20301149|20246068|20246013
2011035,20424183|20415723|20406349|20370688|20333225|20332419|20307585|20301149|20246068|20246013
2011127,4711686006090|4710998000802|4710731060124|4710363382045|4710032601194|4710015103370|4711128668787|4710960892077|4710247005206|4710467221516
2011387,20424183|20415723|20406349|20370688|20333225|20332419|20307585|20301149|20246068|20246013
2011493,8999118015100|4710126152007|4710095958006|4718057701769|4710085120697|4710085120680|20424183|20415723|20406349|20370688
2011509,20424183|20415723|20406349|20370688|20333225|20332419|20307585|20301149|20246068|20246013
2011554,20451042|20424183|20415723|20406349|20370688|20333225|20307585|20301149|20246068|20246013
2011646,4711686006090|4710998000802|4710731060124|4710363382045|4710032601194|4710015103370|4711128668787|4710960892077|4710247005206|4710467221516
2011790,20424183|20415723|20406349|20370688|20333225|20332419|20307585|20301149|20246068|20246013
2012032,20424183|20415723|20406349|20370688|20333225|20332419|20307585|20301149|20246068|20246013
2012131,20424183|20415723|20406349|20370688|20333225|20332419|20307585|20301149|20246068|20246013
2012339,20424183|20415723|20406349|20370688|20333225|20332419|20307585|20301149|20246068|20246013
2012407,20424183|20415723|20406349|20370688|20333225|20332419|20307585|20301149|20246068|20246013
2012476,20424183|20415723|20406349|20370688|20333225|20332419|20307585|20301149|20246068|20246013
2012483,20424183|20415723|20406349|20370688|20333225|20332419|20307585|20301149|20246068|20246013
2012544,4711686006090|4710998000802|4710731060124|4710363382045|4710032601194|4710015103370|4711128668787|4710960892077|4710247005206|4710467221516
2012766,4711686006090|4710998000802|4710731060124|4710363382045|4710032601194|4710015103370|4711128668787|4710960892077|4710247005206|4710467221516
2012773,20424183|20415723|20406349|20370688|20333225|20332419|20307585|20301149|20246068|20246013
2012797,20424183|20415723|20406349|20370688|20333225|20332419|20307585|20301149|20246068|20246013
2012834,20451042|20415723|20406349|20370688|20333225|20332419|20307585|20301149|20246068|20246013
2012988,4711686006090|4710998000802|4710731060124|4710363382045|4710032601194|4710015103370|4711128668787|4710960892077|4710247005206|4710467221516
2013114,20424183|20415723|20406349|20370688|20333225|20332419|20307585|20301149|20246068|20246013
2013138,20424183|20415723|20406349|20370688|20333225|20332419|20307585|20301149|20246068|20246013
2013145,20424183|20415723|20406349|20370688|20333225|20332419|20307585|20301149|20246068|20246013
2013268,20424183|20415723|20406349|20370688|20333225|20332419|20307585|20301149|20246068|20246013
2013565,20424183|20415723|20406349|20370688|20333225|20332419|20307585|20301149|20246068|20246013
2013596,20424183|20415723|20406349|20370688|20333225|20332419|20307585|20301149|20246068|20246013
2013930,20424183|20415723|20406349|20370688|20333225|20332419|20307585|20301149|20246068|20246013
2014081,20424183|20415723|20406349|20370688|20333225|20332419|20307585|20301149|20246068|20246013
2014098,20424183|20415723|20406349|20370688|20333225|20332419|20307585|20301149|20246068|20246013
2014173,4711686006090|4710998000802|4710731060124|4710363382045|4710032601194|4710015103370|4711128668787|4710960892077|4710247005206|4710467221516
2014395,20424183|20415723|20406349|20370688|20333225|20332419|20307585|20301149|20246068|20246013
2014418,20424183|20415723|20406349|20370688|20333225|20332419|20307585|20301149|20246068|20246013
2014456,20424183|20415723|20406349|20370688|20333225|20332419|20307585|20301149|20246068|20246013
2014524,20451042|20424183|20415723|20406349|20370688|20333225|20332419|20301149|20246068|20246013
2014654,20424183|20415723|20406349|20370688|20333225|20332419|20307585|20301149|20246068|20246013
2014883,20424183|20415723|20406349|20370688|20333225|20332419|20307585|20301149|20246068|20246013
2014975,20424183|20415723|20406349|20370688|20333225|20332419|20307585|20301149|20246068|20246013
2015026,20424183|20415723|20406349|20370688|20333225|20332419|20307585|20301149|20246068|20246013
2015040,20424183|20415723|20406349|20370688|20333225|20332419|20307585|20301149|20246068|20246013
2015071,20424183|20415723|20406349|20370688|20333225|20332419|20307585|20301149|20246068|20246013
2015088,20424183|20415723|20406349|20370688|20333225|20332419|20307585|20301149|20246068|20246013
2015187,4711686006090|4710998000802|4710731060124|4710363382045|4710032601194|4710015103370|4711128668787|4710960892077|4710247005206|4710467221516
2015224,20424183|20415723|20406349|20370688|20333225|20332419|20307585|20301149|20246068|20246013
2015293,4711686006090|4710998000802|4710731060124|4710363382045|4710032601194|4710015103370|4711128668787|4710960892077|4710247005206|4710467221516
2015354,4711686006090|4710998000802|4710731060124|4710363382045|4710032601194|4710015103370|4711128668787|4710960892077|4710247005206|4710467221516
2015415,4711686006090|4710998000802|4710731060124|4710363382045|4710032601194|4710015103370|4711128668787|4710960892077|4710247005206|4710467221516
2015422,20424183|20415723|20406349|20370688|20333225|20332419|20307585|20301149|20246068|20246013
2015606,20424183|20415723|20406349|20370688|20333225|20332419|20307585|20301149|20246068|20246013
2015613,20424183|20415723|20406349|20370688|20333225|20332419|20307585|20301149|20246068|20246013
2015743,20424183|20415723|20406349|20370688|20333225|20332419|20307585|20301149|20246068|20246013
2015835,20424183|20415723|20406349|20370688|20333225|20332419|20307585|20301149|20246068|20246013
2015897,20424183|20415723|20406349|20370688|20333225|20332419|20307585|20301149|20246068|20246013
2016481,20424183|20415723|20406349|20370688|20333225|20332419|20307585|20301149|20246068|20246013
2016719,20424183|20415723|20406349|20370688|20333225|20332419|20307585|20301149|20246068|20246013
2016764,20424183|20415723|20406349|20370688|20333225|20332419|20307585|20301149|20246068|20246013
2016795,20424183|20415723|20406349|20370688|20333225|20332419|20307585|20301149|20246068|20246013
2016900,4711686006090|4710998000802|4710731060124|4710363382045|4710032601194|4710015103370|4711128668787|4710960892077|4710247005206|4710467221516
2016948,20424183|20415723|20406349|20370688|20333225|20332419|20307585|20301149|20246068|20246013
2017105,20451042|20424183|20415723|20406349|20370688|20333225|20332419|20301149|20246068|20246013
2017181,20424183|20415723|20406349|20370688|20333225|20332419|20307585|20301149|20246068|20246013
2017235,20424183|20415723|20406349|20370688|20333225|20332419|20307585|20301149|20246068|20246013
2017372,20424183|20415723|20406349|20370688|20333225|20332419|20307585|20301149|20246068|20246013
2017631,20424183|20415723|20406349|20370688|20333225|20332419|20307585|20301149|20246068|20246013
2017808,20424183|20415723|20406349|20370688|20333225|20332419|20307585|20301149|20246068|20246013
2017884,20424183|20415723|20406349|20370688|20333225|20332419|20307585|20301149|20246068|20246013
2017990,4711686006090|4710998000802|4710731060124|4710363382045|4710032601194|4710015103370|4711128668787|4710960892077|4710247005206|4710467221516
2018072,4711686006090|4710998000802|4710731060124|4710363382045|4710032601194|4710015103370|4711128668787|4710960892077|4710247005206|4710467221516
2018140,20424183|20415723|20406349|20370688|20333225|20332419|20307585|20301149|20246068|20246013
2018362,20424183|20415723|20406349|20370688|20333225|20332419|20307585|20301149|20246068|20246013
2018393,4711686006090|4710998000802|4710731060124|4710363382045|4710032601194|4710015103370|4711128668787|4710960892077|4710247005206|4710467221516
2018423,20424183|20415723|20406349|20370688|20333225|20332419|20307585|20301149|20246068|20246013
2018430,4711686006090|4710998000802|4710731060124|4710363382045|4710032601194|4710015103370|4711128668787|4710960892077|4710247005206|4710467221516
2018447,20424183|20415723|20406349|20370688|20333225|20332419|20307585|20301149|20246068|20246013
2018539,20424183|20415723|20406349|20370688|20333225|20332419|20307585|20301149|20246068|20246013
2018607,20424183|20415723|20406349|20370688|20333225|20332419|20307585|20301149|20246068|20246013
2018782,4711686006090|4710998000802|4710731060124|4710363382045|4710032601194|4710015103370|4711128668787|4710960892077|4710247005206|4710467221516
2019239,20424183|20415723|20406349|20370688|20333225|20332419|20307585|20301149|20246068|20246013
2019260,4711686006090|4710998000802|4710731060124|4710363382045|4710032601194|4710015103370|4711128668787|4710960892077|4710247005206|4710467221516
2019284,20424183|20415723|20406349|20370688|20333225|20332419|20307585|20301149|20246068|20246013
2019321,20424183|20415723|20406349|20370688|20333225|20332419|20307585|20301149|20246068|20246013
2019505,4711686006090|4710998000802|4710731060124|4710363382045|4710032601194|4710015103370|4711128668787|4710960892077|4710247005206|4710467221516
2019604,20424183|20415723|20406349|20370688|20333225|20332419|20307585|20301149|20246068|20246013
2019758,20424183|20415723|20406349|20370688|20333225|20332419|20307585|20301149|20246068|20246013
2019840,20424183|20415723|20406349|20370688|20333225|20332419|20307585|20301149|20246068|20246013
2019963,4712278884263|4711634000965|47100312|4711686006090|4710998000802|4710731060124|4710363382045|4710247005206|4710032601194|4710015103370
2020006,37000329169|20424183|20415723|20406349|20370688|20333225|20332419|20307585|20301149|20246068
2020020,20424183|20415723|20406349|20370688|20333225|20332419|20307585|20301149|20246068|20246013
2020037,20424183|20415723|20406349|20370688|20333225|20332419|20307585|20301149|20246068|20246013
2020150,20424183|20415723|20406349|20370688|20333225|20332419|20307585|20301149|20246068|20246013
2020228,20424183|20415723|20406349|20370688|20333225|20332419|20307585|20301149|20246068|20246013
2020259,20424183|20415723|20406349|20370688|20333225|20332419|20307585|20301149|20246068|20246013
2020266,4712278884263|4711634000965|47100312|4711686006090|4710998000802|4710731060124|4710363382045|4710247005206|4710032601194|4710015103370
2020471,20424183|20415723|20406349|20370688|20333225|20332419|20307585|20301149|20246068|20246013
2020785,4710126152007|4710095958006|4718057701769|4714276280061|20424183|20415723|20406349|20370688|20333225|20332419
2020839,20424183|20415723|20406349|20370688|20333225|20332419|20307585|20301149|20246068|20246013
2021218,20424183|20415723|20406349|20370688|20333225|20332419|20307585|20301149|20246068|20246013
2021331,4715874000532|4710126010116|4711022100017|4719090790017|4719090790000|20424183|20415723|20406349|20370688|20333225
2021553,20424183|20415723|20406349|20370688|20333225|20332419|20307585|20301149|20246068|20246013
2021584,20424183|20415723|20406349|20370688|20333225|20332419|20307585|20301149|20246068|20246013
2021676,20424183|20415723|20406349|20370688|20333225|20332419|20307585|20301149|20246068|20246013
2021911,4711686006090|4710998000802|4710731060124|4710363382045|4710032601194|4710015103370|4711128668787|4710960892077|4710247005206|4710467221516
2022017,4711686006090|4710998000802|4710731060124|4710363382045|4710032601194|4710015103370|4711128668787|4710960892077|4710247005206|4710467221516
2022130,20424183|20415723|20406349|20370688|20333225|20332419|20307585|20301149|20246068|20246013
2022529,20424183|20415723|20406349|20370688|20333225|20332419|20307585|20301149|20246068|20246013
2022819,4711686006090|4710998000802|4710731060124|4710363382045|4710032601194|4710015103370|4711128668787|4710960892077|4710247005206|4710467221516
2023052,20424183|20415723|20406349|20370688|20333225|20332419|20307585|20301149|20246068|20246013
2023106,4711686006090|4710998000802|4710731060124|4710363382045|4710032601194|4710015103370|4711128668787|4710960892077|4710247005206|4710467221516
2023199,20424183|20415723|20406349|20370688|20333225|20332419|20307585|20301149|20246068|20246013
2023373,20424183|20415723|20406349|20370688|20333225|20332419|20307585|20301149|20246068|20246013
2023595,20424183|20415723|20406349|20370688|20333225|20332419|20307585|20301149|20246068|20246013
2023649,20424183|20415723|20406349|20370688|20333225|20332419|20307585|20301149|20246068|20246013
2023670,4711686006090|4710998000802|4710731060124|4710363382045|4710032601194|4710015103370|4711128668787|4710960892077|4710247005206|4710467221516
2023717,4711686006090|4710998000802|4710731060124|4710363382045|4710032601194|4710015103370|4711128668787|4710960892077|4710247005206|4710467221516
2023793,20424183|20415723|20406349|20370688|20333225|20332419|20307585|20301149|20246068|20246013
2023939,4902430001823|20424183|20415723|20406349|20370688|20333225|20332419|20307585|20301149|20246068
2024172,20451042|20424183|20415723|20406349|20333225|20332419|20307585|20301149|20246068|20246013
2024462,4711686006090|4710998000802|4710731060124|4710363382045|4710032601194|4710015103370|4711128668787|4710960892077|4710247005206|4710467221516
2024714,4711686006090|4710998000802|4710731060124|4710363382045|4710032601194|4710015103370|4711128668787|4710960892077|4710247005206|4710467221516
2024783,20424183|20415723|20406349|20370688|20333225|20332419|20307585|20301149|20246068|20246013
2024974,20424183|20415723|20406349|20370688|20333225|20332419|20307585|20301149|20246068|20246013
2025070,20424183|20415723|20406349|20370688|20333225|20332419|20307585|20301149|20246068|20246013
2025087,4710722000474|4713758146031|4711663700010|20424183|20415723|20406349|20370688|20333225|20332419|20307585
2025193,20424183|20415723|20406349|20370688|20333225|20332419|20307585|20301149|20246068|20246013
2025759,20424183|20415723|20406349|20370688|20333225|20332419|20307585|20301149|20246068|20246013
2025780,20424183|20415723|20406349|20370688|20333225|20332419|20307585|20301149|20246068|20246013
2025810,4711686006090|4710998000802|4710731060124|4710363382045|4710032601194|4710015103370|4711128668787|4710960892077|4710247005206|4710467221516
2026053,20424183|20415723|20406349|20370688|20333225|20332419|20307585|20301149|20246068|20246013
2026121,20424183|20415723|20406349|20370688|20333225|20332419|20307585|20301149|20246068|20246013
2026190,20424183|20415723|20406349|20370688|20333225|20332419|20307585|20301149|20246068|20246013
2026350,20424183|20415723|20406349|20370688|20333225|20332419|20307585|20301149|20246068|20246013
2026404,20424183|20415723|20406349|20370688|20333225|20332419|20307585|20301149|20246068|20246013
2026541,20424183|20415723|20406349|20370688|20333225|20332419|20307585|20301149|20246068|20246013
2026831,20424183|20415723|20406349|20370688|20333225|20332419|20307585|20301149|20246068|20246013
2027050,4711686006090|4710998000802|4710731060124|4710363382045|4710032601194|4710015103370|4711128668787|4710960892077|4710247005206|4710467221516
2027166,20424183|20415723|20406349|20370688|20333225|20332419|20307585|20301149|20246068|20246013
2027234,4711686006090|4710998000802|4710731060124|4710363382045|4710032601194|4710015103370|4711128668787|4710960892077|4710247005206|4710467221516
2027555,20424183|20415723|20406349|20370688|20333225|20332419|20307585|20301149|20246068|20246013
2027562,20424183|20415723|20406349|20370688|20333225|20332419|20307585|20301149|20246068|20246013
2027609,20424183|20415723|20406349|20370688|20333225|20332419|20307585|20301149|20246068|20246013
2027616,4711686006090|4710998000802|4710731060124|4710363382045|4710032601194|4710015103370|4711128668787|4710960892077|4710247005206|4710467221516
2027661,20424183|20415723|20406349|20370688|20333225|20332419|20307585|20301149|20246068|20246013
2028095,20424183|20415723|20406349|20370688|20333225|20332419|20307585|20301149|20246068|20246013
2028248,20424183|20415723|20406349|20370688|20333225|20332419|20307585|20301149|20246068|20246013
2028378,20424183|20415723|20406349|20370688|20333225|20332419|20307585|20301149|20246068|20246013
2028552,20424183|20415723|20406349|20370688|20333225|20332419|20307585|20301149|20246068|20246013
2028569,20424183|20415723|20406349|20370688|20333225|20332419|20307585|20301149|20246068|20246013
2028842,4711686006090|4710998000802|4710731060124|4710363382045|4710032601194|4710015103370|4711128668787|4710960892077|4710247005206|4710467221516
2028927,20424183|20415723|20406349|20370688|20333225|20332419|20307585|20301149|20246068|20246013
2029122,20424183|20415723|20406349|20370688|20333225|20332419|20307585|20301149|20246068|20246013
2029214,20424183|20415723|20406349|20370688|20333225|20332419|20307585|20301149|20246068|20246013
2029238,20424183|20415723|20406349|20370688|20333225|20332419|20307585|20301149|20246068|20246013
2029276,20424183|20415723|20406349|20370688|20333225|20332419|20307585|20301149|20246068|20246013
2029566,20424183|20415723|20406349|20370688|20333225|20332419|20307585|20301149|20246068|20246013
2030081,20424183|20415723|20406349|20370688|20333225|20332419|20307585|20301149|20246068|20246013
2030234,20424183|20415723|20406349|20370688|20333225|20332419|20307585|20301149|20246068|20246013
2030258,20451042|20424183|20406349|20370688|20333225|20332419|20307585|20301149|20246068|20246013
2030395,20424183|20415723|20406349|20370688|20333225|20332419|20307585|20301149|20246068|20246013
2030401,20424183|20415723|20406349|20370688|20333225|20332419|20307585|20301149|20246068|20246013
2030456,20424183|20415723|20406349|20370688|20333225|20332419|20307585|20301149|20246068|20246013
2030562,20424183|20415723|20406349|20370688|20333225|20332419|20307585|20301149|20246068|20246013
2030616,4711686006090|4710998000802|4710731060124|4710363382045|4710032601194|4710015103370|4711128668787|4710960892077|4710247005206|4710467221516
2030654,20424183|20415723|20406349|20370688|20333225|20332419|20307585|20301149|20246068|20246013
2030678,20424183|20415723|20406349|20370688|20333225|20332419|20307585|20301149|20246068|20246013
2030968,20424183|20415723|20406349|20370688|20333225|20332419|20307585|20301149|20246068|20246013
2031149,20424183|20415723|20406349|20370688|20333225|20332419|20307585|20301149|20246068|20246013
2031408,4712278884263|4711634000965|47100312|4711686006090|4710998000802|4710731060124|4710363382045|4710247005206|4710032601194|4710015103370
2031460,20424183|20415723|20406349|20370688|20333225|20332419|20307585|20301149|20246068|20246013
2031699,20424183|20415723|20406349|20370688|20333225|20332419|20307585|20301149|20246068|20246013
2031774,20424183|20415723|20406349|20370688|20333225|20332419|20307585|20301149|20246068|20246013
2031866,20424183|20415723|20406349|20370688|20333225|20332419|20307585|20301149|20246068|20246013
2031958,20424183|20415723|20406349|20370688|20333225|20332419|20307585|20301149|20246068|20246013
2032023,4711686006090|4710998000802|4710731060124|4710363382045|4710032601194|4710015103370|4711128668787|4710960892077|4710247005206|4710467221516
2032085,20424183|20415723|20406349|20370688|20333225|20332419|20307585|20301149|20246068|20246013
2032153,20424183|20415723|20406349|20370688|20333225|20332419|20307585|20301149|20246068|20246013
2032184,20424183|20415723|20406349|20370688|20333225|20332419|20307585|20301149|20246068|20246013
2032207,50000301829|4714050000038|4710110000581|4711437000063|4710209701139|4710114105046|4710105010724|4710094012686|4710515533028|4710247001765
2032320,20424183|20415723|20406349|20370688|20333225|20332419|20307585|20301149|20246068|20246013
2032504,20424183|20415723|20406349|20370688|20333225|20332419|20307585|20301149|20246068|20246013
2032665,4711686006090|4710998000802|4710731060124|4710363382045|4710032601194|4710015103370|4711128668787|4710960892077|4710247005206|4710467221516
2032733,20424183|20415723|20406349|20370688|20333225|20332419|20307585|20301149|20246068|20246013
2032764,20424183|20415723|20406349|20370688|20333225|20332419|20307585|20301149|20246068|20246013
2032849,20424183|20415723|20406349|20370688|20333225|20332419|20307585|20301149|20246068|20246013
2032948,20424183|20415723|20406349|20370688|20333225|20332419|20307585|20301149|20246068|20246013
2032955,20424183|20415723|20406349|20370688|20333225|20332419|20307585|20301149|20246068|20246013
2033082,20451042|20424183|20406349|20370688|20333225|20332419|20307585|20301149|20246068|20246013
2033204,4711686006090|4710998000802|4710731060124|4710363382045|4710032601194|4710015103370|4711128668787|4710960892077|4710247005206|4710467221516
2033488,4711686006090|4710998000802|4710731060124|4710363382045|4710032601194|4710015103370|4711128668787|4710960892077|4710247005206|4710467221516
2033518,4711686006090|4710998000802|4710731060124|4710363382045|4710032601194|4710015103370|4711128668787|4710960892077|4710247005206|4710467221516
2033778,20424183|20415723|20406349|20370688|20333225|20332419|20307585|20301149|20246068|20246013
2033792,20424183|20415723|20406349|20370688|20333225|20332419|20307585|20301149|20246068|20246013
2033808,20424183|20415723|20406349|20370688|20333225|20332419|20307585|20301149|20246068|20246013
2033839,20424183|20415723|20406349|20370688|20333225|20332419|20307585|20301149|20246068|20246013
2033860,4711686006090|4710998000802|4710731060124|4710363382045|4710032601194|4710015103370|4711128668787|4710960892077|4710247005206|4710467221516
2033990,20424183|20415723|20406349|20370688|20333225|20332419|20307585|20301149|20246068|20246013
2034034,20424183|20415723|20406349|20370688|20333225|20332419|20307585|20301149|20246068|20246013
2034041,20424183|20415723|20406349|20370688|20333225|20332419|20307585|20301149|20246068|20246013
2034126,20424183|20415723|20406349|20370688|20333225|20332419|20307585|20301149|20246068|20246013
2034485,20424183|20415723|20406349|20370688|20333225|20332419|20307585|20301149|20246068|20246013
2034515,20424183|20415723|20406349|20370688|20333225|20332419|20307585|20301149|20246068|20246013
2034607,20424183|20415723|20406349|20370688|20333225|20332419|20307585|20301149|20246068|20246013
2034638,20424183|20415723|20406349|20370688|20333225|20332419|20307585|20301149|20246068|20246013
2034690,20424183|20415723|20406349|20370688|20333225|20332419|20307585|20301149|20246068|20246013
2034829,20424183|20415723|20406349|20370688|20333225|20332419|20307585|20301149|20246068|20246013
2035277,20424183|20415723|20406349|20370688|20333225|20332419|20307585|20301149|20246068|20246013
2035406,4711686006090|4710998000802|4710731060124|4710363382045|4710032601194|4710015103370|4711128668787|4710960892077|4710247005206|4710467221516
2035437,20424183|20415723|20406349|20370688|20333225|20332419|20307585|20301149|20246068|20246013
2035567,20424183|20415723|20406349|20370688|20333225|20332419|20307585|20301149|20246068|20246013
2035727,4711686006090|4710998000802|4710731060124|4710363382045|4710032601194|4710015103370|4711128668787|4710960892077|4710247005206|4710467221516
2035994,4711686006090|4710998000802|4710731060124|4710363382045|4710032601194|4710015103370|4711128668787|4710960892077|4710247005206|4710467221516
2036014,20424183|20415723|20406349|20370688|20333225|20332419|20307585|20301149|20246068|20246013
2036069,4714276145315|20424183|20415723|20406349|20370688|20333225|20332419|20307585|20301149|20246068
2036175,20451042|20424183|20415723|20406349|20333225|20332419|20307585|20301149|20246068|20246013
2036328,20424183|20415723|20406349|20370688|20333225|20332419|20307585|20301149|20246068|20246013
2036359,20424183|20415723|20406349|20370688|20333225|20332419|20307585|20301149|20246068|20246013
2036489,20424183|20415723|20406349|20370688|20333225|20332419|20307585|20301149|20246068|20246013
2036588,20424183|20415723|20406349|20370688|20333225|20332419|20307585|20301149|20246068|20246013
2036618,20424183|20415723|20406349|20370688|20333225|20332419|20307585|20301149|20246068|20246013
2036816,20424183|20415723|20406349|20370688|20333225|20332419|20307585|20301149|20246068|20246013
2036922,20424183|20415723|20406349|20370688|20333225|20332419|20307585|20301149|20246068|20246013
2036946,20424183|20415723|20406349|20370688|20333225|20332419|20307585|20301149|20246068|20246013
2037073,20424183|20415723|20406349|20370688|20333225|20332419|20307585|20301149|20246068|20246013
2037431,20424183|20415723|20406349|20370688|20333225|20332419|20307585|20301149|20246068|20246013
2037585,4711686006090|4710998000802|4710731060124|4710363382045|4710032601194|4710015103370|4711128668787|4710960892077|4710247005206|4710467221516
2037592,20424183|20415723|20406349|20370688|20333225|20332419|20307585|20301149|20246068|20246013
2037660,20424183|20415723|20406349|20370688|20333225|20332419|20307585|20301149|20246068|20246013
2037738,20424183|20415723|20406349|20370688|20333225|20332419|20307585|20301149|20246068|20246013
2037820,20424183|20415723|20406349|20370688|20333225|20332419|20307585|20301149|20246068|20246013
2038117,20424183|20415723|20406349|20370688|20333225|20332419|20307585|20301149|20246068|20246013
2038124,20424183|20415723|20406349|20370688|20333225|20332419|20307585|20301149|20246068|20246013
2038186,20424183|20415723|20406349|20370688|20333225|20332419|20307585|20301149|20246068|20246013
2038261,20424183|20415723|20406349|20370688|20333225|20332419|20307585|20301149|20246068|20246013
2038315,20424183|20415723|20406349|20370688|20333225|20332419|20307585|20301149|20246068|20246013
2038445,20424183|20415723|20406349|20370688|20333225|20332419|20307585|20301149|20246068|20246013
2038650,20424183|20415723|20406349|20370688|20333225|20332419|20307585|20301149|20246068|20246013
2038681,4711686006090|4710998000802|4710731060124|4710363382045|4710032601194|4710015103370|4711128668787|4710960892077|4710247005206|4710467221516
2038797,20424183|20415723|20406349|20370688|20333225|20332419|20307585|20301149|20246068|20246013
2038940,20424183|20415723|20406349|20370688|20333225|20332419|20307585|20301149|20246068|20246013
2038988,4711686006090|4710998000802|4710731060124|4710363382045|4710032601194|4710015103370|4711128668787|4710960892077|4710247005206|4710467221516
2039077,20424183|20415723|20406349|20370688|20333225|20332419|20307585|20301149|20246068|20246013
2039190,20424183|20415723|20406349|20370688|20333225|20332419|20307585|20301149|20246068|20246013
2039220,20424183|20415723|20406349|20370688|20333225|20332419|20307585|20301149|20246068|20246013
2039398,4711686006090|4710998000802|4710731060124|4710363382045|4710032601194|4710015103370|4711128668787|4710960892077|4710247005206|4710467221516
2039466,4711686006090|4710998000802|4710731060124|4710363382045|4710032601194|4710015103370|4711128668787|4710960892077|4710247005206|4710467221516
2039640,20424183|20415723|20406349|20370688|20333225|20332419|20307585|20301149|20246068|20246013
2039763,20424183|20415723|20406349|20370688|20333225|20332419|20307585|20301149|20246068|20246013
2040141,20424183|20415723|20406349|20370688|20333225|20332419|20307585|20301149|20246068|20246013
2040189,20424183|20415723|20406349|20370688|20333225|20332419|20307585|20301149|20246068|20246013
2040462,20424183|20415723|20406349|20370688|20333225|20332419|20307585|20301149|20246068|20246013
2040561,20451042|20424183|20415723|20406349|20370688|20333225|20332419|20307585|20301149|20246013
2040646,20424183|20415723|20406349|20370688|20333225|20332419|20307585|20301149|20246068|20246013
2040653,20424183|20415723|20406349|20370688|20333225|20332419|20307585|20301149|20246068|20246013
2040677,20424183|20415723|20406349|20370688|20333225|20332419|20307585|20301149|20246068|20246013
2040691,20424183|20415723|20406349|20370688|20333225|20332419|20307585|20301149|20246068|20246013
2040707,20424183|20415723|20406349|20370688|20333225|20332419|20307585|20301149|20246068|20246013
2040752,20424183|20415723|20406349|20370688|20333225|20332419|20307585|20301149|20246068|20246013
2040783,20424183|20415723|20406349|20370688|20333225|20332419|20307585|20301149|20246068|20246013
2040868,20424183|20415723|20406349|20370688|20333225|20332419|20307585|20301149|20246068|20246013
2041032,20424183|20415723|20406349|20370688|20333225|20332419|20307585|20301149|20246068|20246013
2041056,20424183|20415723|20406349|20370688|20333225|20332419|20307585|20301149|20246068|20246013
2041063,20424183|20415723|20406349|20370688|20333225|20332419|20307585|20301149|20246068|20246013
2041155,20451042|20424183|20415723|20370688|20333225|20332419|20307585|20301149|20246068|20246013
2041285,4710105010113|4710088430922|4711524001041|4710290007011|4710022102892|719859796117|4710088432476|4710105051642|4711524000471|4710857472634
2041360,4711686006090|4710998000802|4710731060124|4710363382045|4710032601194|4710015103370|4711128668787|4710960892077|4710247005206|4710467221516
2041421,20424183|20415723|20406349|20370688|20333225|20332419|20307585|20301149|20246068|20246013
2042145,4712494215773|4717097101027|4710105020358|4014400901573|20451042|20424183|20406349|20370688|20333225|20332419
2042206,4711686006090|4710998000802|4710731060124|4710363382045|4710032601194|4710015103370|4711128668787|4710960892077|4710247005206|4710467221516
2042237,20424183|20415723|20406349|20370688|20333225|20332419|20307585|20301149|20246068|20246013
2042244,20424183|20415723|20406349|20370688|20333225|20332419|20307585|20301149|20246068|20246013
2042282,20424183|20415723|20406349|20370688|20333225|20332419|20307585|20301149|20246068|20246013
2042480,20424183|20415723|20406349|20370688|20333225|20332419|20307585|20301149|20246068|20246013
2042565,4711686006090|4710998000802|4710731060124|4710363382045|4710032601194|4710015103370|4711128668787|4710960892077|4710247005206|4710467221516
2042596,20424183|20415723|20406349|20370688|20333225|20332419|20307585|20301149|20246068|20246013
2043234,20424183|20415723|20406349|20370688|20333225|20332419|20307585|20301149|20246068|20246013
2043326,20424183|20415723|20406349|20370688|20333225|20332419|20307585|20301149|20246068|20246013
2043364,20424183|20415723|20406349|20370688|20333225|20332419|20307585|20301149|20246068|20246013
2043432,20424183|20415723|20406349|20370688|20333225|20332419|20307585|20301149|20246068|20246013
2043531,20424183|20415723|20406349|20370688|20333225|20332419|20307585|20301149|20246068|20246013
2043661,20424183|20415723|20406349|20370688|20333225|20332419|20307585|20301149|20246068|20246013
2043753,4711686006090|4710998000802|4710731060124|4710363382045|4710032601194|4710015103370|4711128668787|4710960892077|4710247005206|4710467221516
2043913,20424183|20415723|20406349|20370688|20333225|20332419|20307585|20301149|20246068|20246013
2043982,20424183|20415723|20406349|20370688|20333225|20332419|20307585|20301149|20246068|20246013
2043999,4711686006090|4710998000802|4710731060124|4710363382045|4710032601194|4710015103370|4711128668787|4710960892077|4710247005206|4710467221516
2044200,20424183|20415723|20406349|20370688|20333225|20332419|20307585|20301149|20246068|20246013
2044286,20424183|20415723|20406349|20370688|20333225|20332419|20307585|20301149|20246068|20246013
2044477,20424183|20415723|20406349|20370688|20333225|20332419|20307585|20301149|20246068|20246013
2044606,20424183|20415723|20406349|20370688|20333225|20332419|20307585|20301149|20246068|20246013
2044736,20424183|20415723|20406349|20370688|20333225|20332419|20307585|20301149|20246068|20246013
2044842,20424183|20415723|20406349|20370688|20333225|20332419|20307585|20301149|20246068|20246013
2044866,4711686006090|4710998000802|4710731060124|4710363382045|4710032601194|4710015103370|4711128668787|4710960892077|4710247005206|4710467221516
2045283,20424183|20415723|20406349|20370688|20333225|20332419|20307585|20301149|20246068|20246013
2045504,4711686006090|4710998000802|4710731060124|4710363382045|4710032601194|4710015103370|4711128668787|4710960892077|4710247005206|4710467221516
2045535,20424183|20415723|20406349|20370688|20333225|20332419|20307585|20301149|20246068|20246013
2045689,20424183|20415723|20406349|20370688|20333225|20332419|20307585|20301149|20246068|20246013
2046044,20424183|20415723|20406349|20370688|20333225|20332419|20307585|20301149|20246068|20246013
2046419,20424183|20415723|20406349|20370688|20333225|20332419|20307585|20301149|20246068|20246013
2046501,20424183|20415723|20406349|20370688|20333225|20332419|20307585|20301149|20246068|20246013
2046525,20424183|20415723|20406349|20370688|20333225|20332419|20307585|20301149|20246068|20246013
2046563,20424183|20415723|20406349|20370688|20333225|20332419|20307585|20301149|20246068|20246013
2046570,20424183|20415723|20406349|20370688|20333225|20332419|20307585|20301149|20246068|20246013
2046686,20424183|20415723|20406349|20370688|20333225|20332419|20307585|20301149|20246068|20246013
2046808,20424183|20415723|20406349|20370688|20333225|20332419|20307585|20301149|20246068|20246013
2046907,20424183|20415723|20406349|20370688|20333225|20332419|20307585|20301149|20246068|20246013
2047355,20424183|20415723|20406349|20370688|20333225|20332419|20307585|20301149|20246068|20246013
2047607,4711686006090|4710998000802|4710731060124|4710363382045|4710032601194|4710015103370|4711128668787|4710960892077|4710247005206|4710467221516
2047935,20424183|20415723|20406349|20370688|20333225|20332419|20307585|20301149|20246068|20246013
2047959,20424183|20415723|20406349|20370688|20333225|20332419|20307585|20301149|20246068|20246013
2048079,20424183|20415723|20406349|20370688|20333225|20332419|20307585|20301149|20246068|20246013
2048130,20424183|20415723|20406349|20370688|20333225|20332419|20307585|20301149|20246068|20246013
2048246,4711686006090|4710998000802|4710731060124|4710363382045|4710032601194|4710015103370|4711128668787|4710960892077|4710247005206|4710467221516
2048284,20424183|20415723|20406349|20370688|20333225|20332419|20307585|20301149|20246068|20246013
2048420,20424183|20415723|20406349|20370688|20333225|20332419|20307585|20301149|20246068|20246013
2048710,20424183|20415723|20406349|20370688|20333225|20332419|20307585|20301149|20246068|20246013
2048727,20424183|20415723|20406349|20370688|20333225|20332419|20307585|20301149|20246068|20246013
2048796,20451042|20424183|20415723|20406349|20370688|20333225|20307585|20301149|20246068|20246013
2048840,20424183|20415723|20406349|20370688|20333225|20332419|20307585|20301149|20246068|20246013
2049038,20424183|20415723|20406349|20370688|20333225|20332419|20307585|20301149|20246068|20246013
2049250,4711686006090|4710998000802|4710731060124|4710363382045|4710032601194|4710015103370|4711128668787|4710960892077|4710247005206|4710467221516
2049304,20424183|20415723|20406349|20370688|20333225|20332419|20307585|20301149|20246068|20246013
2049335,20424183|20415723|20406349|20370688|20333225|20332419|20307585|20301149|20246068|20246013
2049397,20424183|20415723|20406349|20370688|20333225|20332419|20307585|20301149|20246068|20246013
2049472,20424183|20415723|20406349|20370688|20333225|20332419|20307585|20301149|20246068|20246013
2049489,4711686006090|4710998000802|4710731060124|4710363382045|4710032601194|4710015103370|4711128668787|4710960892077|4710247005206|4710467221516
2049496,20451042|20424183|20415723|20406349|20370688|20332419|20307585|20301149|20246068|20246013
2049519,20424183|20415723|20406349|20370688|20333225|20332419|20307585|20301149|20246068|20246013
2049526,20424183|20415723|20406349|20370688|20333225|20332419|20307585|20301149|20246068|20246013
2049625,20424183|20415723|20406349|20370688|20333225|20332419|20307585|20301149|20246068|20246013
2049823,20424183|20415723|20406349|20370688|20333225|20332419|20307585|20301149|20246068|20246013
2049847,20424183|20415723|20406349|20370688|20333225|20332419|20307585|20301149|20246068|20246013
2049861,20424183|20415723|20406349|20370688|20333225|20332419|20307585|20301149|20246068|20246013
2049939,4711686006090|4710998000802|4710731060124|4710363382045|4710032601194|4710015103370|4711128668787|4710960892077|4710247005206|4710467221516
2050041,4711686006090|4710998000802|4710731060124|4710363382045|4710032601194|4710015103370|4711128668787|4710960892077|4710247005206|4710467221516
2050409,4711686006090|4710998000802|4710731060124|4710363382045|4710032601194|4710015103370|4711128668787|4710960892077|4710247005206|4710467221516
2050416,20424183|20415723|20406349|20370688|20333225|20332419|20307585|20301149|20246068|20246013
2050515,20424183|20415723|20406349|20370688|20333225|20332419|20307585|20301149|20246068|20246013
2050539,4711686006090|4710998000802|4710731060124|4710363382045|4710032601194|4710015103370|4711128668787|4710960892077|4710247005206|4710467221516
2050553,20424183|20415723|20406349|20370688|20333225|20332419|20307585|20301149|20246068|20246013
2050638,20424183|20415723|20406349|20370688|20333225|20332419|20307585|20301149|20246068|20246013
2050799,20424183|20415723|20406349|20370688|20333225|20332419|20307585|20301149|20246068|20246013
2051024,20424183|20415723|20406349|20370688|20333225|20332419|20307585|20301149|20246068|20246013
2051154,20451042|20424183|20415723|20406349|20370688|20333225|20307585|20301149|20246068|20246013
2051161,20424183|20415723|20406349|20370688|20333225|20332419|20307585|20301149|20246068|20246013
2051260,4711686006090|4710998000802|4710731060124|4710363382045|4710032601194|4710015103370|4711128668787|4710960892077|4710247005206|4710467221516
2051406,20451042|20424183|20415723|20406349|20370688|20333225|20307585|20301149|20246068|20246013
2051550,4710088433268|20424183|20415723|20406349|20370688|20333225|20332419|20307585|20301149|20246068
2051710,20424183|20415723|20406349|20370688|20333225|20332419|20307585|20301149|20246068|20246013
2051840,20424183|20415723|20406349|20370688|20333225|20332419|20307585|20301149|20246068|20246013
2051857,20451042|20424183|20415723|20406349|20370688|20333225|20307585|20301149|20246068|20246013
2051864,4711686006090|4710998000802|4710731060124|4710363382045|4710032601194|4710015103370|4711128668787|4710960892077|4710247005206|4710467221516
2051932,20424183|20415723|20406349|20370688|20333225|20332419|20307585|20301149|20246068|20246013
2052045,20424183|20415723|20406349|20370688|20333225|20332419|20307585|20301149|20246068|20246013
2052120,20424183|20415723|20406349|20370688|20333225|20332419|20307585|20301149|20246068|20246013
2052137,4710140102804|4903111345717|4716617500036|4710515533028|4710012123012|4712134660086|4711524000471|4711524000419|4711524000457|4711524000396
2052427,4711686006090|4710998000802|4710731060124|4710363382045|4710032601194|4710015103370|4711128668787|4710960892077|4710247005206|4710467221516
2052458,4714981010038|20424183|20415723|20406349|20370688|20333225|20332419|20307585|20301149|20246068
2052472,20424183|20415723|20406349|20370688|20333225|20332419|20307585|20301149|20246068|20246013
2052496,20424183|20415723|20406349|20370688|20333225|20332419|20307585|20301149|20246068|20246013
2052731,9555037202039|9310155412520|4901005202702|4712500125126|4711128668787|4710960892077|4710323168054|4710294610811|4710018031632|20553418
2052823,4711686006090|4710998000802|4710731060124|4710363382045|4710032601194|4710015103370|4711128668787|4710960892077|4710247005206|4710467221516
2053035,20424183|20415723|20406349|20370688|20333225|20332419|20307585|20301149|20246068|20246013
2053196,4711686006090|4710998000802|4710731060124|4710363382045|4710032601194|4710015103370|4711128668787|4710960892077|4710247005206|4710467221516
2053226,20424183|20415723|20406349|20370688|20333225|20332419|20307585|20301149|20246068|20246013
2053288,20424183|20415723|20406349|20370688|20333225|20332419|20307585|20301149|20246068|20246013
2053462,20424183|20415723|20406349|20370688|20333225|20332419|20307585|20301149|20246068|20246013
2053806,20424183|20415723|20406349|20370688|20333225|20332419|20307585|20301149|20246068|20246013
2053820,20424183|20415723|20406349|20370688|20333225|20332419|20307585|20301149|20246068|20246013
2053851,20424183|20415723|20406349|20370688|20333225|20332419|20307585|20301149|20246068|20246013
2054100,4710105015521|4711663700010|4714981010038|20451042|20424183|20415723|20406349|20370688|20333225|20332419
2054124,20424183|20415723|20406349|20370688|20333225|20332419|20307585|20301149|20246068|20246013
2054285,20424183|20415723|20406349|20370688|20333225|20332419|20307585|20301149|20246068|20246013
2054308,20424183|20415723|20406349|20370688|20333225|20332419|20307585|20301149|20246068|20246013
2054513,20424183|20415723|20406349|20370688|20333225|20332419|20307585|20301149|20246068|20246013
2054537,20424183|20415723|20406349|20370688|20333225|20332419|20307585|20301149|20246068|20246013
2054599,20424183|20415723|20406349|20370688|20333225|20332419|20307585|20301149|20246068|20246013
2054780,4710583300089|4710105015118|4714981010038|20424183|20415723|20406349|20370688|20333225|20332419|20307585
2054827,20424183|20415723|20406349|20370688|20333225|20332419|20307585|20301149|20246068|20246013
2054919,20424183|20415723|20406349|20370688|20333225|20332419|20307585|20301149|20246068|20246013
2054988,20424183|20415723|20406349|20370688|20333225|20332419|20307585|20301149|20246068|20246013
2055107,20424183|20415723|20406349|20370688|20333225|20332419|20307585|20301149|20246068|20246013
2055411,20424183|20415723|20406349|20370688|20333225|20332419|20307585|20301149|20246068|20246013
2055466,20424183|20415723|20406349|20370688|20333225|20332419|20307585|20301149|20246068|20246013
2055787,20424183|20415723|20406349|20370688|20333225|20332419|20307585|20301149|20246068|20246013
2055879,20424183|20415723|20406349|20370688|20333225|20332419|20307585|20301149|20246068|20246013
2055909,20424183|20415723|20406349|20370688|20333225|20332419|20307585|20301149|20246068|20246013
2055947,20424183|20415723|20406349|20370688|20333225|20332419|20307585|20301149|20246068|20246013
2056081,4711686006090|4710998000802|4710731060124|4710363382045|4710032601194|4710015103370|4711128668787|4710960892077|4710247005206|4710467221516
2056135,20424183|20415723|20406349|20370688|20333225|20332419|20307585|20301149|20246068|20246013
2056388,20424183|20415723|20406349|20370688|20333225|20332419|20307585|20301149|20246068|20246013
2056777,20424183|20415723|20406349|20370688|20333225|20332419|20307585|20301149|20246068|20246013
2057118,20424183|20415723|20406349|20370688|20333225|20332419|20307585|20301149|20246068|20246013
2057200,20424183|20415723|20406349|20370688|20333225|20332419|20307585|20301149|20246068|20246013
2057583,20424183|20415723|20406349|20370688|20333225|20332419|20307585|20301149|20246068|20246013
2057958,4711686006090|4710998000802|4710731060124|4710363382045|4710032601194|4710015103370|4711128668787|4710960892077|4710247005206|4710467221516
2058030,20424183|20415723|20406349|20370688|20333225|20332419|20307585|20301149|20246068|20246013
2058481,20424183|20415723|20406349|20370688|20333225|20332419|20307585|20301149|20246068|20246013
2058603,4710722000474|4713758146031|4719090900058|4714381003128|4711663700010|20424183|20415723|20406349|20370688|20333225
2058740,20424183|20415723|20406349|20370688|20333225|20332419|20307585|20301149|20246068|20246013
2058764,20424183|20415723|20406349|20370688|20333225|20332419|20307585|20301149|20246068|20246013
2058887,20424183|20415723|20406349|20370688|20333225|20332419|20307585|20301149|20246068|20246013
2059617,20424183|20415723|20406349|20370688|20333225|20332419|20307585|20301149|20246068|20246013
2059754,20424183|20415723|20406349|20370688|20333225|20332419|20307585|20301149|20246068|20246013
2059761,20424183|20415723|20406349|20370688|20333225|20332419|20307585|20301149|20246068|20246013
2059907,20424183|20415723|20406349|20370688|20333225|20332419|20307585|20301149|20246068|20246013
2059921,20424183|20415723|20406349|20370688|20333225|20332419|20307585|20301149|20246068|20246013
2059976,20424183|20415723|20406349|20370688|20333225|20332419|20307585|20301149|20246068|20246013
2059983,20424183|20415723|20406349|20370688|20333225|20332419|20307585|20301149|20246068|20246013
2060033,20451042|20424183|20415723|20370688|20333225|20332419|20307585|20301149|20246068|20246013
2060460,20424183|20415723|20406349|20370688|20333225|20332419|20307585|20301149|20246068|20246013
2060514,20424183|20415723|20406349|20370688|20333225|20332419|20307585|20301149|20246068|20246013
2060590,20424183|20415723|20406349|20370688|20333225|20332419|20307585|20301149|20246068|20246013
2060637,20424183|20415723|20406349|20370688|20333225|20332419|20307585|20301149|20246068|20246013
2060675,4711686006090|4710998000802|4710731060124|4710363382045|4710032601194|4710015103370|4711128668787|4710960892077|4710247005206|4710467221516
2060712,20424183|20415723|20406349|20370688|20333225|20332419|20307585|20301149|20246068|20246013
2060798,20424183|20415723|20406349|20370688|20333225|20332419|20307585|20301149|20246068|20246013
2060828,20424183|20415723|20406349|20370688|20333225|20332419|20307585|20301149|20246068|20246013
2060965,4711686006090|4710998000802|4710731060124|4710363382045|4710032601194|4710015103370|4711128668787|4710960892077|4710247005206|4710467221516
2061078,20424183|20415723|20406349|20370688|20333225|20332419|20307585|20301149|20246068|20246013
2061092,20424183|20415723|20406349|20370688|20333225|20332419|20307585|20301149|20246068|20246013
2061122,20424183|20415723|20406349|20370688|20333225|20332419|20307585|20301149|20246068|20246013
2061306,20424183|20415723|20406349|20370688|20333225|20332419|20307585|20301149|20246068|20246013
2061313,20424183|20415723|20406349|20370688|20333225|20332419|20307585|20301149|20246068|20246013
2061382,4711686006090|4710998000802|4710731060124|4710363382045|4710032601194|4710015103370|4711128668787|4710960892077|4710247005206|4710467221516
2061399,20424183|20415723|20406349|20370688|20333225|20332419|20307585|20301149|20246068|20246013
2061412,4711686006090|4710998000802|4710731060124|4710363382045|4710032601194|4710015103370|4711128668787|4710960892077|4710247005206|4710467221516
2061740,20424183|20415723|20406349|20370688|20333225|20332419|20307585|20301149|20246068|20246013
2062204,4711686006090|4710998000802|4710731060124|4710363382045|4710032601194|4710015103370|4711128668787|4710960892077|4710247005206|4710467221516
2062259,20424183|20415723|20406349|20370688|20333225|20332419|20307585|20301149|20246068|20246013
2062372,20424183|20415723|20406349|20370688|20333225|20332419|20307585|20301149|20246068|20246013
2062723,4711686006090|4710998000802|4710731060124|4710363382045|4710032601194|4710015103370|4711128668787|4710960892077|4710247005206|4710467221516
2062785,20424183|20415723|20406349|20370688|20333225|20332419|20307585|20301149|20246068|20246013
2062891,20424183|20415723|20406349|20370688|20333225|20332419|20307585|20301149|20246068|20246013
2062921,20424183|20415723|20406349|20370688|20333225|20332419|20307585|20301149|20246068|20246013
2063126,20424183|20415723|20406349|20370688|20333225|20332419|20307585|20301149|20246068|20246013
2063188,20424183|20415723|20406349|20370688|20333225|20332419|20307585|20301149|20246068|20246013
2063232,20424183|20415723|20406349|20370688|20333225|20332419|20307585|20301149|20246068|20246013
2063249,20451042|20424183|20415723|20406349|20370688|20333225|20332419|20301149|20246068|20246013
2063553,20424183|20415723|20406349|20370688|20333225|20332419|20307585|20301149|20246068|20246013
2063652,4711686006090|4710998000802|4710731060124|4710363382045|4710032601194|4710015103370|4711128668787|4710960892077|4710247005206|4710467221516
2063737,20424183|20415723|20406349|20370688|20333225|20332419|20307585|20301149|20246068|20246013
2063829,4711686006090|4710998000802|4710731060124|4710363382045|4710032601194|4710015103370|4711128668787|4710960892077|4710247005206|4710467221516
2064192,4710126152007|4710095958006|4718057701769|4710866000507|4710085120697|4710085120680|20424183|20415723|20406349|20370688
2064574,20424183|20415723|20406349|20370688|20333225|20332419|20307585|20301149|20246068|20246013
2064598,20424183|20415723|20406349|20370688|20333225|20332419|20307585|20301149|20246068|20246013
2064628,20424183|20415723|20406349|20370688|20333225|20332419|20307585|20301149|20246068|20246013
2064789,20424183|20415723|20406349|20370688|20333225|20332419|20307585|20301149|20246068|20246013
2064826,4711686006090|4710998000802|4710731060124|4710363382045|4710032601194|4710015103370|4711128668787|4710960892077|4710247005206|4710467221516
2065014,20424183|20415723|20406349|20370688|20333225|20332419|20307585|20301149|20246068|20246013
2065069,20424183|20415723|20406349|20370688|20333225|20332419|20307585|20301149|20246068|20246013
2065205,20424183|20415723|20406349|20370688|20333225|20332419|20307585|20301149|20246068|20246013
2065274,4711686006090|4710998000802|4710731060124|4710363382045|4710032601194|4710015103370|4711128668787|4710960892077|4710247005206|4710467221516
2065458,20424183|20415723|20406349|20370688|20333225|20332419|20307585|20301149|20246068|20246013
2065731,20424183|20415723|20406349|20370688|20333225|20332419|20307585|20301149|20246068|20246013
2065755,20424183|20415723|20406349|20370688|20333225|20332419|20307585|20301149|20246068|20246013
2065779,4711686006090|4710998000802|4710731060124|4710363382045|4710032601194|4710015103370|4711128668787|4710960892077|4710247005206|4710467221516
2065861,20424183|20415723|20406349|20370688|20333225|20332419|20307585|20301149|20246068|20246013
2066028,4711686006090|4710998000802|4710731060124|4710363382045|4710032601194|4710015103370|4711128668787|4710960892077|4710247005206|4710467221516
2066196,20424183|20415723|20406349|20370688|20333225|20332419|20307585|20301149|20246068|20246013
2066202,20424183|20415723|20406349|20370688|20333225|20332419|20307585|20301149|20246068|20246013
2066523,20424183|20415723|20406349|20370688|20333225|20332419|20307585|20301149|20246068|20246013
2066547,20424183|20415723|20406349|20370688|20333225|20332419|20307585|20301149|20246068|20246013
2066592,20424183|20415723|20406349|20370688|20333225|20332419|20307585|20301149|20246068|20246013
2066622,20424183|20415723|20406349|20370688|20333225|20332419|20307585|20301149|20246068|20246013
2066684,20424183|20415723|20406349|20370688|20333225|20332419|20307585|20301149|20246068|20246013
2066691,4710857000042|4710011432825|4710011401142|4710126392199|4710857000059|4710247001765|4710011409025|4710011406123|4710011401135|4710011405133
2066707,20424183|20415723|20406349|20370688|20333225|20332419|20307585|20301149|20246068|20246013
2066752,20424183|20415723|20406349|20370688|20333225|20332419|20307585|20301149|20246068|20246013
2066783,20424183|20415723|20406349|20370688|20333225|20332419|20307585|20301149|20246068|20246013
2066844,20424183|20415723|20406349|20370688|20333225|20332419|20307585|20301149|20246068|20246013
2066882,4711686006090|4710998000802|4710731060124|4710363382045|4710032601194|4710015103370|4711128668787|4710960892077|4710247005206|4710467221516
2066974,4710583996008|4717101101371|4710088436542|4710632001356|4710032501791|20424183|20415723|20406349|20370688|20333225
2067056,20424183|20415723|20406349|20370688|20333225|20332419|20307585|20301149|20246068|20246013
2067179,20424183|20415723|20406349|20370688|20333225|20332419|20307585|20301149|20246068|20246013
2067377,20424183|20415723|20406349|20370688|20333225|20332419|20307585|20301149|20246068|20246013
2067421,20424183|20415723|20406349|20370688|20333225|20332419|20307585|20301149|20246068|20246013
2067438,4711686006090|4710998000802|4710731060124|4710363382045|4710032601194|4710015103370|4711128668787|4710960892077|4710247005206|4710467221516
2067544,20424183|20415723|20406349|20370688|20333225|20332419|20307585|20301149|20246068|20246013
2067568,20424183|20415723|20406349|20370688|20333225|20332419|20307585|20301149|20246068|20246013
2067681,20424183|20415723|20406349|20370688|20333225|20332419|20307585|20301149|20246068|20246013
2067766,4711686006090|4710998000802|4710731060124|4710363382045|4710032601194|4710015103370|4711128668787|4710960892077|4710247005206|4710467221516
2067872,20424183|20415723|20406349|20370688|20333225|20332419|20307585|20301149|20246068|20246013
2067940,20424183|20415723|20406349|20370688|20333225|20332419|20307585|20301149|20246068|20246013
2067995,20424183|20415723|20406349|20370688|20333225|20332419|20307585|20301149|20246068|20246013
2068046,20424183|20415723|20406349|20370688|20333225|20332419|20307585|20301149|20246068|20246013
2068053,20424183|20415723|20406349|20370688|20333225|20332419|20307585|20301149|20246068|20246013
2068084,20424183|20415723|20406349|20370688|20333225|20332419|20307585|20301149|20246068|20246013
2068176,20424183|20415723|20406349|20370688|20333225|20332419|20307585|20301149|20246068|20246013
2068244,20424183|20415723|20406349|20370688|20333225|20332419|20307585|20301149|20246068|20246013
2068275,20424183|20415723|20406349|20370688|20333225|20332419|20307585|20301149|20246068|20246013
2068367,4711686006090|4710998000802|4710731060124|4710363382045|4710032601194|4710015103370|4711128668787|4710960892077|4710247005206|4710467221516
2068534,4711686006090|4710998000802|4710731060124|4710363382045|4710032601194|4710015103370|4711128668787|4710960892077|4710247005206|4710467221516
2068688,20451042|20424183|20415723|20370688|20333225|20332419|20307585|20301149|20246068|20246013
2068718,20424183|20415723|20406349|20370688|20333225|20332419|20307585|20301149|20246068|20246013
2068770,20424183|20415723|20406349|20370688|20333225|20332419|20307585|20301149|20246068|20246013
2068787,4711686006090|4710998000802|4710731060124|4710363382045|4710032601194|4710015103370|4711128668787|4710960892077|4710247005206|4710467221516
2069074,20424183|20415723|20406349|20370688|20333225|20332419|20307585|20301149|20246068|20246013
2069104,4711686006090|4710998000802|4710731060124|4710363382045|4710032601194|4710015103370|4711128668787|4710960892077|4710247005206|4710467221516
2069364,20424183|20415723|20406349|20370688|20333225|20332419|20307585|20301149|20246068|20246013
2069470,4711686006090|4710998000802|4710731060124|4710363382045|4710032601194|4710015103370|4711128668787|4710960892077|4710247005206|4710467221516
2069579,20424183|20415723|20406349|20370688|20333225|20332419|20307585|20301149|20246068|20246013
2069609,20424183|20415723|20406349|20370688|20333225|20332419|20307585|20301149|20246068|20246013
2069685,20424183|20415723|20406349|20370688|20333225|20332419|20307585|20301149|20246068|20246013
2069715,20424183|20415723|20406349|20370688|20333225|20332419|20307585|20301149|20246068|20246013
2069760,4711686006090|4710998000802|4710731060124|4710363382045|4710032601194|4710015103370|4711128668787|4710960892077|4710247005206|4710467221516
2069968,4711686006090|4710998000802|4710731060124|4710363382045|4710032601194|4710015103370|4711128668787|4710960892077|4710247005206|4710467221516
2069975,20424183|20415723|20406349|20370688|20333225|20332419|20307585|20301149|20246068|20246013
2070087,20451042|20424183|20415723|20406349|20370688|20333225|20332419|20307585|20301149|20246068
2070100,20424183|20415723|20406349|20370688|20333225|20332419|20307585|20301149|20246068|20246013
2070223,20424183|20415723|20406349|20370688|20333225|20332419|20307585|20301149|20246068|20246013
2070315,20424183|20415723|20406349|20370688|20333225|20332419|20307585|20301149|20246068|20246013
2070421,4711686006090|4710998000802|4710731060124|4710363382045|4710032601194|4710015103370|4711128668787|4710960892077|4710247005206|4710467221516
2070490,20424183|20415723|20406349|20370688|20333225|20332419|20307585|20301149|20246068|20246013
2070636,20451042|20424183|20415723|20406349|20370688|20333225|20332419|20301149|20246068|20246013
2070698,20424183|20415723|20406349|20370688|20333225|20332419|20307585|20301149|20246068|20246013
2070865,20424183|20415723|20406349|20370688|20333225|20332419|20307585|20301149|20246068|20246013
2070902,20424183|20415723|20406349|20370688|20333225|20332419|20307585|20301149|20246068|20246013
2070964,4710626844013|4710105046013|20424183|20415723|20406349|20370688|20333225|20332419|20307585|20301149
2070988,20424183|20415723|20406349|20370688|20333225|20332419|20307585|20301149|20246068|20246013
2071237,20424183|20415723|20406349|20370688|20333225|20332419|20307585|20301149|20246068|20246013
2071251,20424183|20415723|20406349|20370688|20333225|20332419|20307585|20301149|20246068|20246013
2071275,20424183|20415723|20406349|20370688|20333225|20332419|20307585|20301149|20246068|20246013
2071299,20424183|20415723|20406349|20370688|20333225|20332419|20307585|20301149|20246068|20246013
2071367,20424183|20415723|20406349|20370688|20333225|20332419|20307585|20301149|20246068|20246013
2071480,4712278884263|4711634000965|4711686006090|4710998000802|4710731060124|4710363382045|4710247005206|4710032601194|4710015103370|4710200000019
2071497,20424183|20415723|20406349|20370688|20333225|20332419|20307585|20301149|20246068|20246013
2071725,4711686006090|4710998000802|4710731060124|4710363382045|4710032601194|4710015103370|4711128668787|4710960892077|4710247005206|4710467221516
2071749,20424183|20415723|20406349|20370688|20333225|20332419|20307585|20301149|20246068|20246013
2071855,20424183|20415723|20406349|20370688|20333225|20332419|20307585|20301149|20246068|20246013
2071916,20424183|20415723|20406349|20370688|20333225|20332419|20307585|20301149|20246068|20246013
2072135,4710626844112|4710010060012|4711163000603|8934614019061|4710247005299|4718429100077|20424183|20415723|20406349|20370688
2072319,20424183|20415723|20406349|20370688|20333225|20332419|20307585|20301149|20246068|20246013
2072333,20424183|20415723|20406349|20370688|20333225|20332419|20307585|20301149|20246068|20246013
2072364,4711686006090|4710998000802|4710731060124|4710363382045|4710032601194|4710015103370|4711128668787|4710960892077|4710247005206|4710467221516
2072388,20424183|20415723|20406349|20370688|20333225|20332419|20307585|20301149|20246068|20246013
2072692,20424183|20415723|20406349|20370688|20333225|20332419|20307585|20301149|20246068|20246013
2072869,20424183|20415723|20406349|20370688|20333225|20332419|20307585|20301149|20246068|20246013
2072883,20424183|20415723|20406349|20370688|20333225|20332419|20307585|20301149|20246068|20246013
2072890,20424183|20415723|20406349|20370688|20333225|20332419|20307585|20301149|20246068|20246013
2073095,20424183|20415723|20406349|20370688|20333225|20332419|20307585|20301149|20246068|20246013
2073163,4711686006090|4710998000802|4710731060124|4710363382045|4710032601194|4710015103370|4711128668787|4710960892077|4710247005206|4710467221516
2073446,20424183|20415723|20406349|20370688|20333225|20332419|20307585|20301149|20246068|20246013
2073491,20424183|20415723|20406349|20370688|20333225|20332419|20307585|20301149|20246068|20246013
2073538,20424183|20415723|20406349|20370688|20333225|20332419|20307585|20301149|20246068|20246013
2073637,20424183|20415723|20406349|20370688|20333225|20332419|20307585|20301149|20246068|20246013
2073835,20424183|20415723|20406349|20370688|20333225|20332419|20307585|20301149|20246068|20246013
2073958,20424183|20415723|20406349|20370688|20333225|20332419|20307585|20301149|20246068|20246013
2073965,20424183|20415723|20406349|20370688|20333225|20332419|20307585|20301149|20246068|20246013
2074023,20424183|20415723|20406349|20370688|20333225|20332419|20307585|20301149|20246068|20246013
2074054,20451042|20424183|20406349|20370688|20333225|20332419|20307585|20301149|20246068|20246013
2074078,20424183|20415723|20406349|20370688|20333225|20332419|20307585|20301149|20246068|20246013
2074269,4711634000460|4710722000474|37000440147|20424183|20415723|20406349|20370688|20333225|20332419|20307585
2074276,20424183|20415723|20406349|20370688|20333225|20332419|20307585|20301149|20246068|20246013
2074375,20424183|20415723|20406349|20370688|20333225|20332419|20307585|20301149|20246068|20246013
2074412,20424183|20415723|20406349|20370688|20333225|20332419|20307585|20301149|20246068|20246013
2074443,20424183|20415723|20406349|20370688|20333225|20332419|20307585|20301149|20246068|20246013
2074474,20424183|20415723|20406349|20370688|20333225|20332419|20307585|20301149|20246068|20246013
2074481,20424183|20415723|20406349|20370688|20333225|20332419|20307585|20301149|20246068|20246013
2074498,20424183|20415723|20406349|20370688|20333225|20332419|20307585|20301149|20246068|20246013
2074528,20424183|20415723|20406349|20370688|20333225|20332419|20307585|20301149|20246068|20246013
2074634,20424183|20415723|20406349|20370688|20333225|20332419|20307585|20301149|20246068|20246013
2074665,20424183|20415723|20406349|20370688|20333225|20332419|20307585|20301149|20246068|20246013
2074788,20424183|20415723|20406349|20370688|20333225|20332419|20307585|20301149|20246068|20246013
2074924,4711686006090|4710998000802|4710731060124|4710363382045|4710032601194|4710015103370|4711128668787|4710960892077|4710247005206|4710467221516
2074931,20424183|20415723|20406349|20370688|20333225|20332419|20307585|20301149|20246068|20246013
2074948,20424183|20415723|20406349|20370688|20333225|20332419|20307585|20301149|20246068|20246013
2074962,20424183|20415723|20406349|20370688|20333225|20332419|20307585|20301149|20246068|20246013
2075297,4711686006090|4710998000802|4710731060124|4710363382045|4710032601194|4710015103370|4711128668787|4710960892077|4710247005206|4710467221516
2075396,20424183|20415723|20406349|20370688|20333225|20332419|20307585|20301149|20246068|20246013
2075419,20424183|20415723|20406349|20370688|20333225|20332419|20307585|20301149|20246068|20246013
2075457,20424183|20415723|20406349|20370688|20333225|20332419|20307585|20301149|20246068|20246013
2075617,20424183|20415723|20406349|20370688|20333225|20332419|20307585|20301149|20246068|20246013
2075686,20424183|20415723|20406349|20370688|20333225|20332419|20307585|20301149|20246068|20246013
2075747,4711686006090|4710998000802|4710731060124|4710363382045|4710032601194|4710015103370|4711128668787|4710960892077|4710247005206|4710467221516
2075792,20424183|20415723|20406349|20370688|20333225|20332419|20307585|20301149|20246068|20246013
2075853,20424183|20415723|20406349|20370688|20333225|20332419|20307585|20301149|20246068|20246013
2075921,4711686006090|4710998000802|4710731060124|4710363382045|4710032601194|4710015103370|4711128668787|4710960892077|4710247005206|4710467221516
2076041,20424183|20415723|20406349|20370688|20333225|20332419|20307585|20301149|20246068|20246013
2076232,20424183|20415723|20406349|20370688|20333225|20332419|20307585|20301149|20246068|20246013
2076393,20424183|20415723|20406349|20370688|20333225|20332419|20307585|20301149|20246068|20246013
2076423,20424183|20415723|20406349|20370688|20333225|20332419|20307585|20301149|20246068|20246013
2076508,20424183|20415723|20406349|20370688|20333225|20332419|20307585|20301149|20246068|20246013
2076621,20424183|20415723|20406349|20370688|20333225|20332419|20307585|20301149|20246068|20246013
2076713,20424183|20415723|20406349|20370688|20333225|20332419|20307585|20301149|20246068|20246013
2076768,20424183|20415723|20406349|20370688|20333225|20332419|20307585|20301149|20246068|20246013
2076812,20424183|20415723|20406349|20370688|20333225|20332419|20307585|20301149|20246068|20246013
2076867,20424183|20415723|20406349|20370688|20333225|20332419|20307585|20301149|20246068|20246013
2076959,20424183|20415723|20406349|20370688|20333225|20332419|20307585|20301149|20246068|20246013
2077123,20424183|20415723|20406349|20370688|20333225|20332419|20307585|20301149|20246068|20246013
2077239,20424183|20415723|20406349|20370688|20333225|20332419|20307585|20301149|20246068|20246013
2077246,20424183|20415723|20406349|20370688|20333225|20332419|20307585|20301149|20246068|20246013
2077352,20424183|20415723|20406349|20370688|20333225|20332419|20307585|20301149|20246068|20246013
2077383,20424183|20415723|20406349|20370688|20333225|20332419|20307585|20301149|20246068|20246013
2077512,20424183|20415723|20406349|20370688|20333225|20332419|20307585|20301149|20246068|20246013
2077529,20424183|20415723|20406349|20370688|20333225|20332419|20307585|20301149|20246068|20246013
2077765,20424183|20415723|20406349|20370688|20333225|20332419|20307585|20301149|20246068|20246013
2078007,20424183|20415723|20406349|20370688|20333225|20332419|20307585|20301149|20246068|20246013
2078069,20424183|20415723|20406349|20370688|20333225|20332419|20307585|20301149|20246068|20246013
2078236,4711686006090|4710998000802|4710731060124|4710363382045|4710032601194|4710015103370|4711128668787|4710960892077|4710247005206|4710467221516
2078328,20424183|20415723|20406349|20370688|20333225|20332419|20307585|20301149|20246068|20246013
2078403,20424183|20415723|20406349|20370688|20333225|20332419|20307585|20301149|20246068|20246013
2078687,4711686006090|4710998000802|4710731060124|4710363382045|4710032601194|4710015103370|4711128668787|4710960892077|4710247005206|4710467221516
2078694,20424183|20415723|20406349|20370688|20333225|20332419|20307585|20301149|20246068|20246013
2078700,20424183|20415723|20406349|20370688|20333225|20332419|20307585|20301149|20246068|20246013
2078809,4712278884263|4711634000965|47100312|4711686006090|4710998000802|4710731060124|4710363382045|4710247005206|4710032601194|4710015103370
2078830,20424183|20415723|20406349|20370688|20333225|20332419|20307585|20301149|20246068|20246013
2079066,20424183|20415723|20406349|20370688|20333225|20332419|20307585|20301149|20246068|20246013
2079127,20424183|20415723|20406349|20370688|20333225|20332419|20307585|20301149|20246068|20246013
2079172,20424183|20415723|20406349|20370688|20333225|20332419|20307585|20301149|20246068|20246013
2079196,4711686006090|4710998000802|4710731060124|4710363382045|4710032601194|4710015103370|4711128668787|4710960892077|4710247005206|4710467221516
2079332,20424183|20415723|20406349|20370688|20333225|20332419|20307585|20301149|20246068|20246013
2079356,4711686006090|4710998000802|4710731060124|4710363382045|4710032601194|4710015103370|4711128668787|4710960892077|4710247005206|4710467221516
2079462,20424183|20415723|20406349|20370688|20333225|20332419|20307585|20301149|20246068|20246013
2079486,20424183|20415723|20406349|20370688|20333225|20332419|20307585|20301149|20246068|20246013
2079615,20424183|20415723|20406349|20370688|20333225|20332419|20307585|20301149|20246068|20246013
2079677,20424183|20415723|20406349|20370688|20333225|20332419|20307585|20301149|20246068|20246013
2079707,20424183|20415723|20406349|20370688|20333225|20332419|20307585|20301149|20246068|20246013
2079783,20424183|20415723|20406349|20370688|20333225|20332419|20307585|20301149|20246068|20246013
2079790,20424183|20415723|20406349|20370688|20333225|20332419|20307585|20301149|20246068|20246013
2079837,20424183|20415723|20406349|20370688|20333225|20332419|20307585|20301149|20246068|20246013
2080185,20424183|20415723|20406349|20370688|20333225|20332419|20307585|20301149|20246068|20246013
2080246,9556121008032|9556121008025|4717101101265|4714276113888|4712397000261|4710871000356|4710583920003|20246013|4711039232190|4710043131703
2080345,20424183|20415723|20406349|20370688|20333225|20332419|20307585|20301149|20246068|20246013
2080529,4711686006090|4710998000802|4710731060124|4710363382045|4710032601194|4710015103370|4711128668787|4710960892077|4710247005206|4710467221516
2080925,20424183|20415723|20406349|20370688|20333225|20332419|20307585|20301149|20246068|20246013
2081205,20424183|20415723|20406349|20370688|20333225|20332419|20307585|20301149|20246068|20246013
2081267,20451042|20424183|20415723|20406349|20370688|20333225|20332419|20307585|20301149|20246013
2081434,20451042|20424183|20406349|20370688|20333225|20332419|20307585|20301149|20246068|20246013
2081670,20424183|20415723|20406349|20370688|20333225|20332419|20307585|20301149|20246068|20246013
2082073,20424183|20415723|20406349|20370688|20333225|20332419|20307585|20301149|20246068|20246013
2082257,20424183|20415723|20406349|20370688|20333225|20332419|20307585|20301149|20246068|20246013
2082349,20424183|20415723|20406349|20370688|20333225|20332419|20307585|20301149|20246068|20246013
2082622,20451042|20424183|20415723|20370688|20333225|20332419|20307585|20301149|20246068|20246013
2082653,4711686006090|4710998000802|4710731060124|4710363382045|4710032601194|4710015103370|4711128668787|4710960892077|4710247005206|4710467221516
2082745,20424183|20415723|20406349|20370688|20333225|20332419|20307585|20301149|20246068|20246013
2082837,20424183|20415723|20406349|20370688|20333225|20332419|20307585|20301149|20246068|20246013
2082844,4711686006090|4710998000802|4710731060124|4710363382045|4710032601194|4710015103370|4711128668787|4710960892077|4710247005206|4710467221516
2082967,20451042|20424183|20415723|20370688|20333225|20332419|20307585|20301149|20246068|20246013
2082974,20424183|20415723|20406349|20370688|20333225|20332419|20307585|20301149|20246068|20246013
2083124,4711686006090|4710998000802|4710731060124|4710363382045|4710032601194|4710015103370|4711128668787|4710960892077|4710247005206|4710467221516
2083209,4711686006090|4710998000802|4710731060124|4710363382045|4710032601194|4710015103370|4711128668787|4710960892077|4710247005206|4710467221516
2083230,20424183|20415723|20406349|20370688|20333225|20332419|20307585|20301149|20246068|20246013
2083407,20424183|20415723|20406349|20370688|20333225|20332419|20307585|20301149|20246068|20246013
2083445,20424183|20415723|20406349|20370688|20333225|20332419|20307585|20301149|20246068|20246013
2083674,20424183|20415723|20406349|20370688|20333225|20332419|20307585|20301149|20246068|20246013
2083865,20424183|20415723|20406349|20370688|20333225|20332419|20307585|20301149|20246068|20246013
2084008,20424183|20415723|20406349|20370688|20333225|20332419|20307585|20301149|20246068|20246013
2084053,20424183|20415723|20406349|20370688|20333225|20332419|20307585|20301149|20246068|20246013
2084077,4711686006090|4710998000802|4710731060124|4710363382045|4710032601194|4710015103370|4711128668787|4710960892077|4710247005206|4710467221516
2084206,20424183|20415723|20406349|20370688|20333225|20332419|20307585|20301149|20246068|20246013
2084220,20424183|20415723|20406349|20370688|20333225|20332419|20307585|20301149|20246068|20246013
2084251,4711686006090|4710998000802|4710731060124|4710363382045|4710032601194|4710015103370|4711128668787|4710960892077|4710247005206|4710467221516
2084527,20424183|20415723|20406349|20370688|20333225|20332419|20307585|20301149|20246068|20246013
2084725,20424183|20415723|20406349|20370688|20333225|20332419|20307585|20301149|20246068|20246013
2084824,4711686006090|4710998000802|4710731060124|4710363382045|4710032601194|4710015103370|4711128668787|4710960892077|4710247005206|4710467221516
2084831,20451042|20424183|20415723|20406349|20370688|20333225|20332419|20301149|20246068|20246013
2084916,20424183|20415723|20406349|20370688|20333225|20332419|20307585|20301149|20246068|20246013
2084954,20424183|20415723|20406349|20370688|20333225|20332419|20307585|20301149|20246068|20246013
2085043,4711686006090|4710998000802|4710731060124|4710363382045|4710032601194|4710015103370|4711128668787|4710960892077|4710247005206|4710467221516
2085067,4711686006090|4710998000802|4710731060124|4710363382045|4710032601194|4710015103370|4711128668787|4710960892077|4710247005206|4710467221516
2085241,4711686006090|4710998000802|4710731060124|4710363382045|4710032601194|4710015103370|4711128668787|4710960892077|4710247005206|4710467221516
2085296,4711686006090|4710998000802|4710731060124|4710363382045|4710032601194|4710015103370|4711128668787|4710960892077|4710247005206|4710467221516
2085579,9300644131735|4710583350701|4712278884263|4711634000965|47100312|4711686006090|4710998000802|4710731060124|4710363382045|4710247005206
2085661,20424183|20415723|20406349|20370688|20333225|20332419|20307585|20301149|20246068|20246013
2085753,20424183|20415723|20406349|20370688|20333225|20332419|20307585|20301149|20246068|20246013
2085760,4711686006090|4710998000802|4710731060124|4710363382045|4710032601194|4710015103370|4711128668787|4710960892077|4710247005206|4710467221516
2085777,20424183|20415723|20406349|20370688|20333225|20332419|20307585|20301149|20246068|20246013
2085791,4711686006090|4710998000802|4710731060124|4710363382045|4710032601194|4710015103370|4711128668787|4710960892077|4710247005206|4710467221516
2085913,20424183|20415723|20406349|20370688|20333225|20332419|20307585|20301149|20246068|20246013
2086163,4711686006090|4710998000802|4710731060124|4710363382045|4710032601194|4710015103370|4711128668787|4710960892077|4710247005206|4710467221516
2086187,20424183|20415723|20406349|20370688|20333225|20332419|20307585|20301149|20246068|20246013
2086323,20424183|20415723|20406349|20370688|20333225|20332419|20307585|20301149|20246068|20246013
2086521,20424183|20415723|20406349|20370688|20333225|20332419|20307585|20301149|20246068|20246013
2086620,20424183|20415723|20406349|20370688|20333225|20332419|20307585|20301149|20246068|20246013
2086637,4711686006090|4710998000802|4710731060124|4710363382045|4710032601194|4710015103370|4711128668787|4710960892077|4710247005206|4710467221516
2086903,20424183|20415723|20406349|20370688|20333225|20332419|20307585|20301149|20246068|20246013
2087009,20424183|20415723|20406349|20370688|20333225|20332419|20307585|20301149|20246068|20246013
2087276,20424183|20415723|20406349|20370688|20333225|20332419|20307585|20301149|20246068|20246013
2087351,20424183|20415723|20406349|20370688|20333225|20332419|20307585|20301149|20246068|20246013
2087375,20424183|20415723|20406349|20370688|20333225|20332419|20307585|20301149|20246068|20246013
2087467,4711686006090|4710998000802|4710731060124|4710363382045|4710032601194|4710015103370|4711128668787|4710960892077|4710247005206|4710467221516
2087481,20424183|20415723|20406349|20370688|20333225|20332419|20307585|20301149|20246068|20246013
2087498,20424183|20415723|20406349|20370688|20333225|20332419|20307585|20301149|20246068|20246013
2087504,20424183|20415723|20406349|20370688|20333225|20332419|20307585|20301149|20246068|20246013
2087900,20424183|20415723|20406349|20370688|20333225|20332419|20307585|20301149|20246068|20246013
2088044,20424183|20415723|20406349|20370688|20333225|20332419|20307585|20301149|20246068|20246013
2088136,20424183|20415723|20406349|20370688|20333225|20332419|20307585|20301149|20246068|20246013
2088167,20424183|20415723|20406349|20370688|20333225|20332419|20307585|20301149|20246068|20246013
2088235,4711686006090|4710998000802|4710731060124|4710363382045|4710032601194|4710015103370|4711128668787|4710960892077|4710247005206|4710467221516
2088280,20424183|20415723|20406349|20370688|20333225|20332419|20307585|20301149|20246068|20246013
2088303,4711686006090|4710998000802|4710731060124|4710363382045|4710032601194|4710015103370|4711128668787|4710960892077|4710247005206|4710467221516
2088372,20424183|20415723|20406349|20370688|20333225|20332419|20307585|20301149|20246068|20246013
2088419,20424183|20415723|20406349|20370688|20333225|20332419|20307585|20301149|20246068|20246013
2088457,20424183|20415723|20406349|20370688|20333225|20332419|20307585|20301149|20246068|20246013
2088631,20424183|20415723|20406349|20370688|20333225|20332419|20307585|20301149|20246068|20246013
2088976,4711686006090|4710998000802|4710731060124|4710363382045|4710032601194|4710015103370|4711128668787|4710960892077|4710247005206|4710467221516
2089010,4711686006090|4710998000802|4710731060124|4710363382045|4710032601194|4710015103370|4711128668787|4710960892077|4710247005206|4710467221516
2089058,20424183|20415723|20406349|20370688|20333225|20332419|20307585|20301149|20246068|20246013
2089249,4711686006090|4710998000802|4710731060124|4710363382045|4710032601194|4710015103370|4711128668787|4710960892077|4710247005206|4710467221516
2089379,20424183|20415723|20406349|20370688|20333225|20332419|20307585|20301149|20246068|20246013
2089416,20451042|20424183|20406349|20370688|20333225|20332419|20307585|20301149|20246068|20246013
2089508,20424183|20415723|20406349|20370688|20333225|20332419|20307585|20301149|20246068|20246013
2089935,20424183|20415723|20406349|20370688|20333225|20332419|20307585|20301149|20246068|20246013
2089942,20424183|20415723|20406349|20370688|20333225|20332419|20307585|20301149|20246068|20246013
2089966,20424183|20415723|20406349|20370688|20333225|20332419|20307585|20301149|20246068|20246013
2090252,20424183|20415723|20406349|20370688|20333225|20332419|20307585|20301149|20246068|20246013
2090269,4711686006090|4710998000802|4710731060124|4710363382045|4710032601194|4710015103370|4711128668787|4710960892077|4710247005206|4710467221516
2090375,4710105045221|4710105031613|4710105045313|4719854750158|4710140101005|4710094020193|4710088430922|4711524001041|4710290007011|4710022102892
2090405,20424183|20415723|20406349|20370688|20333225|20332419|20307585|20301149|20246068|20246013
2090436,4711686006090|4710998000802|4710731060124|4710363382045|4710032601194|4710015103370|4711128668787|4710960892077|4710247005206|4710467221516
2090528,20424183|20415723|20406349|20370688|20333225|20332419|20307585|20301149|20246068|20246013
2090542,20424183|20415723|20406349|20370688|20333225|20332419|20307585|20301149|20246068|20246013
2090580,20424183|20415723|20406349|20370688|20333225|20332419|20307585|20301149|20246068|20246013
2090818,20424183|20415723|20406349|20370688|20333225|20332419|20307585|20301149|20246068|20246013
2091198,4711686006090|4710998000802|4710731060124|4710363382045|4710032601194|4710015103370|4711128668787|4710960892077|4710247005206|4710467221516
2091211,20424183|20415723|20406349|20370688|20333225|20332419|20307585|20301149|20246068|20246013
2091235,20424183|20415723|20406349|20370688|20333225|20332419|20307585|20301149|20246068|20246013
2091334,20424183|20415723|20406349|20370688|20333225|20332419|20307585|20301149|20246068|20246013
2091341,20424183|20415723|20406349|20370688|20333225|20332419|20307585|20301149|20246068|20246013
2091440,20424183|20415723|20406349|20370688|20333225|20332419|20307585|20301149|20246068|20246013
2091488,20424183|20415723|20406349|20370688|20333225|20332419|20307585|20301149|20246068|20246013
2091808,20424183|20415723|20406349|20370688|20333225|20332419|20307585|20301149|20246068|20246013
2091815,20424183|20415723|20406349|20370688|20333225|20332419|20307585|20301149|20246068|20246013
2091846,20424183|20415723|20406349|20370688|20333225|20332419|20307585|20301149|20246068|20246013
2091921,20424183|20415723|20406349|20370688|20333225|20332419|20307585|20301149|20246068|20246013
2091990,4711634002570|4710140601512|4710998000802|4710731060124|4710363382045|4710247005206|4710032601194|4710015103370|74603003287|20406349
2092003,20424183|20415723|20406349|20370688|20333225|20332419|20307585|20301149|20246068|20246013
2092010,20451042|20424183|20415723|20406349|20370688|20333225|20332419|20301149|20246068|20246013
2092065,20424183|20415723|20406349|20370688|20333225|20332419|20307585|20301149|20246068|20246013
2092256,20424183|20415723|20406349|20370688|20333225|20332419|20307585|20301149|20246068|20246013
2092393,20424183|20415723|20406349|20370688|20333225|20332419|20307585|20301149|20246068|20246013
2092515,20424183|20415723|20406349|20370688|20333225|20332419|20307585|20301149|20246068|20246013
2092690,20424183|20415723|20406349|20370688|20333225|20332419|20307585|20301149|20246068|20246013
2092706,20424183|20415723|20406349|20370688|20333225|20332419|20307585|20301149|20246068|20246013
2092775,20424183|20415723|20406349|20370688|20333225|20332419|20307585|20301149|20246068|20246013
2092843,20424183|20415723|20406349|20370688|20333225|20332419|20307585|20301149|20246068|20246013
2092928,4711686006090|4710998000802|4710731060124|4710363382045|4710032601194|4710015103370|4711128668787|4710960892077|4710247005206|4710467221516
2093161,4711686006090|4710998000802|4710731060124|4710363382045|4710032601194|4710015103370|4711128668787|4710960892077|4710247005206|4710467221516
2093215,20424183|20415723|20406349|20370688|20333225|20332419|20307585|20301149|20246068|20246013
2093239,4711686006090|4710998000802|4710731060124|4710363382045|4710032601194|4710015103370|4711128668787|4710960892077|4710247005206|4710467221516
2093437,20451042|20424183|20415723|20370688|20333225|20332419|20307585|20301149|20246068|20246013
2093567,4711686006090|4710998000802|4710731060124|4710363382045|4710032601194|4710015103370|4711128668787|4710960892077|4710247005206|4710467221516
2093710,20424183|20415723|20406349|20370688|20333225|20332419|20307585|20301149|20246068|20246013
2093734,4711686006090|4710998000802|4710731060124|4710363382045|4710032601194|4710015103370|4711128668787|4710960892077|4710247005206|4710467221516
2093772,20451042|20424183|20415723|20406349|20370688|20333225|20332419|20301149|20246068|20246013
2093918,20424183|20415723|20406349|20370688|20333225|20332419|20307585|20301149|20246068|20246013
2094014,4711686006090|4710998000802|4710731060124|4710363382045|4710032601194|4710015103370|4711128668787|4710960892077|4710247005206|4710467221516
2094045,4711686006090|4710998000802|4710731060124|4710363382045|4710032601194|4710015103370|4711128668787|4710960892077|4710247005206|4710467221516
2094069,20424183|20415723|20406349|20370688|20333225|20332419|20307585|20301149|20246068|20246013
2094229,20424183|20415723|20406349|20370688|20333225|20332419|20307585|20301149|20246068|20246013
2094298,20424183|20415723|20406349|20370688|20333225|20332419|20307585|20301149|20246068|20246013
2094335,20451042|20415723|20406349|20370688|20333225|20332419|20307585|20301149|20246068|20246013
2094397,20424183|20415723|20406349|20370688|20333225|20332419|20307585|20301149|20246068|20246013
2094663,20424183|20415723|20406349|20370688|20333225|20332419|20307585|20301149|20246068|20246013
2094717,4710088436542|4710063312168|20424183|20415723|20406349|20370688|20333225|20332419|20307585|20301149
2094724,20424183|20415723|20406349|20370688|20333225|20332419|20307585|20301149|20246068|20246013
2094748,20424183|20415723|20406349|20370688|20333225|20332419|20307585|20301149|20246068|20246013
2094823,4712278884263|4711634000965|47100312|4711686006090|4710998000802|4710731060124|4710363382045|4710247005206|4710032601194|4710015103370
2094878,20451042|20424183|20415723|20406349|20370688|20333225|20332419|20301149|20246068|20246013
2094885,20424183|20415723|20406349|20370688|20333225|20332419|20307585|20301149|20246068|20246013
2094991,4711686006090|4710998000802|4710731060124|4710363382045|4710032601194|4710015103370|4711128668787|4710960892077|4710247005206|4710467221516
2095196,4711686006090|4710998000802|4710731060124|4710363382045|4710032601194|4710015103370|4711128668787|4710960892077|4710247005206|4710467221516
2095226,20451042|20424183|20415723|20406349|20370688|20333225|20307585|20301149|20246068|20246013
2095370,20424183|20415723|20406349|20370688|20333225|20332419|20307585|20301149|20246068|20246013
2095813,20424183|20415723|20406349|20370688|20333225|20332419|20307585|20301149|20246068|20246013
2095875,20424183|20415723|20406349|20370688|20333225|20332419|20307585|20301149|20246068|20246013
2095882,20424183|20415723|20406349|20370688|20333225|20332419|20307585|20301149|20246068|20246013
2095929,20424183|20415723|20406349|20370688|20333225|20332419|20307585|20301149|20246068|20246013
2095936,4711686006090|4710998000802|4710731060124|4710363382045|4710032601194|4710015103370|4711128668787|4710960892077|4710247005206|4710467221516
2095943,20424183|20415723|20406349|20370688|20333225|20332419|20307585|20301149|20246068|20246013
2096049,20424183|20415723|20406349|20370688|20333225|20332419|20307585|20301149|20246068|20246013
2096087,20424183|20415723|20406349|20370688|20333225|20332419|20307585|20301149|20246068|20246013
2096148,4711686006090|4710998000802|4710731060124|4710363382045|4710032601194|4710015103370|4711128668787|4710960892077|4710247005206|4710467221516
2096322,4711686006090|4710998000802|4710731060124|4710363382045|4710032601194|4710015103370|4711128668787|4710960892077|4710247005206|4710467221516
2096452,20424183|20415723|20406349|20370688|20333225|20332419|20307585|20301149|20246068|20246013
2096520,20424183|20415723|20406349|20370688|20333225|20332419|20307585|20301149|20246068|20246013
2096766,20424183|20415723|20406349|20370688|20333225|20332419|20307585|20301149|20246068|20246013
2097084,4711686006090|4710998000802|4710731060124|4710363382045|4710032601194|4710015103370|4711128668787|4710960892077|4710247005206|4710467221516
2097091,4711686006090|4710998000802|4710731060124|4710363382045|4710032601194|4710015103370|4711128668787|4710960892077|4710247005206|4710467221516
2097114,20424183|20415723|20406349|20370688|20333225|20332419|20307585|20301149|20246068|20246013
2097169,20424183|20415723|20406349|20370688|20333225|20332419|20307585|20301149|20246068|20246013
2097251,20424183|20415723|20406349|20370688|20333225|20332419|20307585|20301149|20246068|20246013
2097497,20424183|20415723|20406349|20370688|20333225|20332419|20307585|20301149|20246068|20246013
2097596,4711686006090|4710998000802|4710731060124|4710363382045|4710032601194|4710015103370|4711128668787|4710960892077|4710247005206|4710467221516
2097657,4710063421624|4710209701139|4710128030037|4710626055310|20424183|20415723|20406349|20370688|20333225|20332419
2097671,7610053910800|4713608210035|4711634002754|4710114105046|4710094012686|4710063312168|4711080010112|4714981010038|20424183|20415723
2097749,20424183|20415723|20406349|20370688|20333225|20332419|20307585|20301149|20246068|20246013
2097848,20424183|20415723|20406349|20370688|20333225|20332419|20307585|20301149|20246068|20246013
2097916,20424183|20415723|20406349|20370688|20333225|20332419|20307585|20301149|20246068|20246013
2098029,20424183|20415723|20406349|20370688|20333225|20332419|20307585|20301149|20246068|20246013
2098128,20424183|20415723|20406349|20370688|20333225|20332419|20307585|20301149|20246068|20246013
2098142,20424183|20415723|20406349|20370688|20333225|20332419|20307585|20301149|20246068|20246013
2098487,4711686006090|4710998000802|4710731060124|4710363382045|4710032601194|4710015103370|4711128668787|4710960892077|4710247005206|4710467221516
2098562,20424183|20415723|20406349|20370688|20333225|20332419|20307585|20301149|20246068|20246013
2098883,20424183|20415723|20406349|20370688|20333225|20332419|20307585|20301149|20246068|20246013
2099002,20424183|20415723|20406349|20370688|20333225|20332419|20307585|20301149|20246068|20246013
2099040,20424183|20415723|20406349|20370688|20333225|20332419|20307585|20301149|20246068|20246013
2099057,20424183|20415723|20406349|20370688|20333225|20332419|20307585|20301149|20246068|20246013
2099088,4711686006090|4710998000802|4710731060124|4710363382045|4710032601194|4710015103370|4711128668787|4710960892077|4710247005206|4710467221516
2099194,4711686006090|4710998000802|4710731060124|4710363382045|4710032601194|4710015103370|4711128668787|4710960892077|4710247005206|4710467221516
2099224,4711686006090|4710998000802|4710731060124|4710363382045|4710032601194|4710015103370|4711128668787|4710960892077|4710247005206|4710467221516
2099255,20424183|20415723|20406349|20370688|20333225|20332419|20307585|20301149|20246068|20246013
2099392,20424183|20415723|20406349|20370688|20333225|20332419|20307585|20301149|20246068|20246013
2099620,4711686006090|4710998000802|4710731060124|4710363382045|4710032601194|4710015103370|4711128668787|4710960892077|4710247005206|4710467221516
2099736,20424183|20415723|20406349|20370688|20333225|20332419|20307585|20301149|20246068|20246013
2100029,20424183|20415723|20406349|20370688|20333225|20332419|20307585|20301149|20246068|20246013
2100043,20424183|20415723|20406349|20370688|20333225|20332419|20307585|20301149|20246068|20246013
2100074,20424183|20415723|20406349|20370688|20333225|20332419|20307585|20301149|20246068|20246013
2100098,20424183|20415723|20406349|20370688|20333225|20332419|20307585|20301149|20246068|20246013
2100111,20424183|20415723|20406349|20370688|20333225|20332419|20307585|20301149|20246068|20246013
2100128,4711686006090|4710998000802|4710731060124|4710363382045|4710032601194|4710015103370|4711128668787|4710960892077|4710247005206|4710467221516
2100289,20424183|20415723|20406349|20370688|20333225|20332419|20307585|20301149|20246068|20246013
2100395,20424183|20415723|20406349|20370688|20333225|20332419|20307585|20301149|20246068|20246013
2100623,20424183|20415723|20406349|20370688|20333225|20332419|20307585|20301149|20246068|20246013
2100746,20424183|20415723|20406349|20370688|20333225|20332419|20307585|20301149|20246068|20246013
2100852,20424183|20415723|20406349|20370688|20333225|20332419|20307585|20301149|20246068|20246013
2100906,20424183|20415723|20406349|20370688|20333225|20332419|20307585|20301149|20246068|20246013
2100944,20424183|20415723|20406349|20370688|20333225|20332419|20307585|20301149|20246068|20246013
2101088,20424183|20415723|20406349|20370688|20333225|20332419|20307585|20301149|20246068|20246013
2101118,20424183|20415723|20406349|20370688|20333225|20332419|20307585|20301149|20246068|20246013
2101170,20424183|20415723|20406349|20370688|20333225|20332419|20307585|20301149|20246068|20246013
2101217,20424183|20415723|20406349|20370688|20333225|20332419|20307585|20301149|20246068|20246013
2101231,20424183|20415723|20406349|20370688|20333225|20332419|20307585|20301149|20246068|20246013
2101293,20424183|20415723|20406349|20370688|20333225|20332419|20307585|20301149|20246068|20246013
2101385,20424183|20415723|20406349|20370688|20333225|20332419|20307585|20301149|20246068|20246013
2101392,20424183|20415723|20406349|20370688|20333225|20332419|20307585|20301149|20246068|20246013
2101491,20424183|20415723|20406349|20370688|20333225|20332419|20307585|20301149|20246068|20246013
2101538,20424183|20415723|20406349|20370688|20333225|20332419|20307585|20301149|20246068|20246013
2101637,20424183|20415723|20406349|20370688|20333225|20332419|20307585|20301149|20246068|20246013
2101712,4711686006090|4710998000802|4710731060124|4710363382045|4710032601194|4710015103370|4711128668787|4710960892077|4710247005206|4710467221516
2101750,20424183|20415723|20406349|20370688|20333225|20332419|20307585|20301149|20246068|20246013
2101927,20424183|20415723|20406349|20370688|20333225|20332419|20307585|20301149|20246068|20246013
2101989,20424183|20415723|20406349|20370688|20333225|20332419|20307585|20301149|20246068|20246013
2101996,4711686006090|4710998000802|4710731060124|4710363382045|4710032601194|4710015103370|4711128668787|4710960892077|4710247005206|4710467221516
2102009,20424183|20415723|20406349|20370688|20333225|20332419|20307585|20301149|20246068|20246013
2102160,20424183|20415723|20406349|20370688|20333225|20332419|20307585|20301149|20246068|20246013
2102375,20424183|20415723|20406349|20370688|20333225|20332419|20307585|20301149|20246068|20246013
2102542,4711686006090|4710998000802|4710731060124|4710363382045|4710032601194|4710015103370|4711128668787|4710960892077|4710247005206|4710467221516
2102580,20424183|20415723|20406349|20370688|20333225|20332419|20307585|20301149|20246068|20246013
2102634,20451042|20424183|20415723|20406349|20370688|20333225|20332419|20307585|20301149|20246068
2102818,20424183|20415723|20406349|20370688|20333225|20332419|20307585|20301149|20246068|20246013
2102825,20424183|20415723|20406349|20370688|20333225|20332419|20307585|20301149|20246068|20246013
2102962,20424183|20415723|20406349|20370688|20333225|20332419|20307585|20301149|20246068|20246013
2102993,4711686006090|4710998000802|4710731060124|4710363382045|4710032601194|4710015103370|4711128668787|4710960892077|4710247005206|4710467221516
2103235,4711686006090|4710998000802|4710731060124|4710363382045|4710032601194|4710015103370|4711128668787|4710960892077|4710247005206|4710467221516
2103310,20424183|20415723|20406349|20370688|20333225|20332419|20307585|20301149|20246068|20246013
2103327,20424183|20415723|20406349|20370688|20333225|20332419|20307585|20301149|20246068|20246013
2103358,20424183|20415723|20406349|20370688|20333225|20332419|20307585|20301149|20246068|20246013
2103419,20424183|20415723|20406349|20370688|20333225|20332419|20307585|20301149|20246068|20246013
2103501,4711686006090|4710998000802|4710731060124|4710363382045|4710032601194|4710015103370|4711128668787|4710960892077|4710247005206|4710467221516
2103617,20424183|20415723|20406349|20370688|20333225|20332419|20307585|20301149|20246068|20246013
2103631,4711686006090|4710998000802|4710731060124|4710363382045|4710032601194|4710015103370|4711128668787|4710960892077|4710247005206|4710467221516
2103716,20424183|20415723|20406349|20370688|20333225|20332419|20307585|20301149|20246068|20246013
2103884,20424183|20415723|20406349|20370688|20333225|20332419|20307585|20301149|20246068|20246013
2103976,20424183|20415723|20406349|20370688|20333225|20332419|20307585|20301149|20246068|20246013
2104003,20424183|20415723|20406349|20370688|20333225|20332419|20307585|20301149|20246068|20246013
2104041,20424183|20415723|20406349|20370688|20333225|20332419|20307585|20301149|20246068|20246013
2104102,20424183|20415723|20406349|20370688|20333225|20332419|20307585|20301149|20246068|20246013
2104188,4711686006090|4710998000802|4710731060124|4710363382045|4710032601194|4710015103370|4711128668787|4710960892077|4710247005206|4710467221516
2104201,20424183|20415723|20406349|20370688|20333225|20332419|20307585|20301149|20246068|20246013
2104300,4711686006090|4710998000802|4710731060124|4710363382045|4710032601194|4710015103370|4711128668787|4710960892077|4710247005206|4710467221516
2104584,20424183|20415723|20406349|20370688|20333225|20332419|20307585|20301149|20246068|20246013
2104966,4711686006090|4710998000802|4710731060124|4710363382045|4710032601194|4710015103370|4711128668787|4710960892077|4710247005206|4710467221516
2105062,20424183|20415723|20406349|20370688|20333225|20332419|20307585|20301149|20246068|20246013
2105086,20424183|20415723|20406349|20370688|20333225|20332419|20307585|20301149|20246068|20246013
2105116,20424183|20415723|20406349|20370688|20333225|20332419|20307585|20301149|20246068|20246013
2105246,20424183|20415723|20406349|20370688|20333225|20332419|20307585|20301149|20246068|20246013
2105253,4711686006090|4710998000802|4710731060124|4710363382045|4710032601194|4710015103370|4711128668787|4710960892077|4710247005206|4710467221516
2105291,20424183|20415723|20406349|20370688|20333225|20332419|20307585|20301149|20246068|20246013
2105338,20424183|20415723|20406349|20370688|20333225|20332419|20307585|20301149|20246068|20246013
2105475,20451042|20424183|20415723|20406349|20333225|20332419|20307585|20301149|20246068|20246013
2105529,20424183|20415723|20406349|20370688|20333225|20332419|20307585|20301149|20246068|20246013
2105871,20451042|20424183|20415723|20406349|20370688|20333225|20332419|20307585|20301149|20246013
2106069,20424183|20415723|20406349|20370688|20333225|20332419|20307585|20301149|20246068|20246013
2106090,20424183|20415723|20406349|20370688|20333225|20332419|20307585|20301149|20246068|20246013
2106120,20424183|20415723|20406349|20370688|20333225|20332419|20307585|20301149|20246068|20246013
2106168,20424183|20415723|20406349|20370688|20333225|20332419|20307585|20301149|20246068|20246013
2106243,20424183|20415723|20406349|20370688|20333225|20332419|20307585|20301149|20246068|20246013
2106366,20424183|20415723|20406349|20370688|20333225|20332419|20307585|20301149|20246068|20246013
2106502,20451042|20424183|20406349|20370688|20333225|20332419|20307585|20301149|20246068|20246013
2106519,4711686006090|4710998000802|4710731060124|4710363382045|4710032601194|4710015103370|4711128668787|4710960892077|4710247005206|4710467221516
2106755,4711686006090|4710998000802|4710731060124|4710363382045|4710032601194|4710015103370|4711128668787|4710960892077|4710247005206|4710467221516
2106847,20424183|20415723|20406349|20370688|20333225|20332419|20307585|20301149|20246068|20246013
2106977,20424183|20415723|20406349|20370688|20333225|20332419|20307585|20301149|20246068|20246013
2107110,20424183|20415723|20406349|20370688|20333225|20332419|20307585|20301149|20246068|20246013
2107165,20424183|20415723|20406349|20370688|20333225|20332419|20307585|20301149|20246068|20246013
2107202,20424183|20415723|20406349|20370688|20333225|20332419|20307585|20301149|20246068|20246013
2107318,20424183|20415723|20406349|20370688|20333225|20332419|20307585|20301149|20246068|20246013
2107370,20424183|20415723|20406349|20370688|20333225|20332419|20307585|20301149|20246068|20246013
2107394,4711686006090|4710998000802|4710731060124|4710363382045|4710032601194|4710015103370|4711128668787|4710960892077|4710247005206|4710467221516
2107431,20424183|20415723|20406349|20370688|20333225|20332419|20307585|20301149|20246068|20246013
2107455,4710105045221|4710088434043|4710105045313|4710088430922|4711524001041|4710290007011|4710022102892|4710088432476|4711634000965|47100312
2107462,20424183|20415723|20406349|20370688|20333225|20332419|20307585|20301149|20246068|20246013
2107493,20424183|20415723|20406349|20370688|20333225|20332419|20307585|20301149|20246068|20246013
2107523,20424183|20415723|20406349|20370688|20333225|20332419|20307585|20301149|20246068|20246013
2107585,4711686006090|4710998000802|4710731060124|4710363382045|4710032601194|4710015103370|4711128668787|4710960892077|4710247005206|4710467221516
2107615,4711686006090|4710998000802|4710731060124|4710363382045|4710032601194|4710015103370|4711128668787|4710960892077|4710247005206|4710467221516
2107653,20424183|20415723|20406349|20370688|20333225|20332419|20307585|20301149|20246068|20246013
2107660,4712278884263|4711634000965|47100312|4711686006090|4710998000802|4710731060124|4710363382045|4710247005206|4710032601194|4710015103370
2107752,20424183|20415723|20406349|20370688|20333225|20332419|20307585|20301149|20246068|20246013
2107875,20424183|20415723|20406349|20370688|20333225|20332419|20307585|20301149|20246068|20246013
2107882,20424183|20415723|20406349|20370688|20333225|20332419|20307585|20301149|20246068|20246013
2107905,20424183|20415723|20406349|20370688|20333225|20332419|20307585|20301149|20246068|20246013
2107912,20424183|20415723|20406349|20370688|20333225|20332419|20307585|20301149|20246068|20246013
2107929,20424183|20415723|20406349|20370688|20333225|20332419|20307585|20301149|20246068|20246013
2107950,20424183|20415723|20406349|20370688|20333225|20332419|20307585|20301149|20246068|20246013
2107974,20424183|20415723|20406349|20370688|20333225|20332419|20307585|20301149|20246068|20246013
2108049,4711686006090|4710998000802|4710731060124|4710363382045|4710032601194|4710015103370|4711128668787|4710960892077|4710247005206|4710467221516
2108087,20424183|20415723|20406349|20370688|20333225|20332419|20307585|20301149|20246068|20246013
2108100,20424183|20415723|20406349|20370688|20333225|20332419|20307585|20301149|20246068|20246013
2108223,4711686006090|4710998000802|4710731060124|4710363382045|4710032601194|4710015103370|4711128668787|4710960892077|4710247005206|4710467221516
2108247,20424183|20415723|20406349|20370688|20333225|20332419|20307585|20301149|20246068|20246013
2108278,20424183|20415723|20406349|20370688|20333225|20332419|20307585|20301149|20246068|20246013
2108285,20424183|20415723|20406349|20370688|20333225|20332419|20307585|20301149|20246068|20246013
2108339,20424183|20415723|20406349|20370688|20333225|20332419|20307585|20301149|20246068|20246013
2108537,20424183|20415723|20406349|20370688|20333225|20332419|20307585|20301149|20246068|20246013
2108599,20424183|20415723|20406349|20370688|20333225|20332419|20307585|20301149|20246068|20246013
2108605,20451042|20424183|20415723|20406349|20370688|20333225|20332419|20307585|20301149|20246068
2108698,4711686006090|4710998000802|4710731060124|4710363382045|4710032601194|4710015103370|4711128668787|4710960892077|4710247005206|4710467221516
2108711,20424183|20415723|20406349|20370688|20333225|20332419|20307585|20301149|20246068|20246013
2108766,20424183|20415723|20406349|20370688|20333225|20332419|20307585|20301149|20246068|20246013
2108773,4715874000228|4710722000474|4711634002587|4719090701051|20424183|20415723|20406349|20370688|20333225|20332419
2108803,20424183|20415723|20406349|20370688|20333225|20332419|20307585|20301149|20246068|20246013
2108827,4711686006090|4710998000802|4710731060124|4710363382045|4710032601194|4710015103370|4711128668787|4710960892077|4710247005206|4710467221516
2108865,20424183|20415723|20406349|20370688|20333225|20332419|20307585|20301149|20246068|20246013
2108889,20424183|20415723|20406349|20370688|20333225|20332419|20307585|20301149|20246068|20246013
2108919,20424183|20415723|20406349|20370688|20333225|20332419|20307585|20301149|20246068|20246013
2109190,7610053910800|4713608210035|4711634002754|4710114105046|4710094012686|4710063312168|4711080010112|20424183|20415723|20406349
2109282,20424183|20415723|20406349|20370688|20333225|20332419|20307585|20301149|20246068|20246013
2109336,20424183|20415723|20406349|20370688|20333225|20332419|20307585|20301149|20246068|20246013
2109466,20424183|20415723|20406349|20370688|20333225|20332419|20307585|20301149|20246068|20246013
2109480,20424183|20415723|20406349|20370688|20333225|20332419|20307585|20301149|20246068|20246013
2109787,4711686006090|4710998000802|4710731060124|4710363382045|4710032601194|4710015103370|4711128668787|4710960892077|4710247005206|4710467221516
2109855,20424183|20415723|20406349|20370688|20333225|20332419|20307585|20301149|20246068|20246013
2109879,20424183|20415723|20406349|20370688|20333225|20332419|20307585|20301149|20246068|20246013
2109954,4711686006090|4710998000802|4710731060124|4710363382045|4710032601194|4710015103370|4711128668787|4710960892077|4710247005206|4710467221516
2109985,20424183|20415723|20406349|20370688|20333225|20332419|20307585|20301149|20246068|20246013
2109992,20424183|20415723|20406349|20370688|20333225|20332419|20307585|20301149|20246068|20246013
2110080,20424183|20415723|20406349|20370688|20333225|20332419|20307585|20301149|20246068|20246013
2110219,20424183|20415723|20406349|20370688|20333225|20332419|20307585|20301149|20246068|20246013
2110684,4711686006090|4710998000802|4710731060124|4710363382045|4710032601194|4710015103370|4711128668787|4710960892077|4710247005206|4710467221516
2110721,4711686006090|4710998000802|4710731060124|4710363382045|4710032601194|4710015103370|4711128668787|4710960892077|4710247005206|4710467221516
2110738,20424183|20415723|20406349|20370688|20333225|20332419|20307585|20301149|20246068|20246013
2110745,20424183|20415723|20406349|20370688|20333225|20332419|20307585|20301149|20246068|20246013
2110875,20424183|20415723|20406349|20370688|20333225|20332419|20307585|20301149|20246068|20246013
2110912,4711686006090|4710998000802|4710731060124|4710363382045|4710032601194|4710015103370|4711128668787|4710960892077|4710247005206|4710467221516
2111124,20424183|20415723|20406349|20370688|20333225|20332419|20307585|20301149|20246068|20246013
2111209,20424183|20415723|20406349|20370688|20333225|20332419|20307585|20301149|20246068|20246013
2111278,20424183|20415723|20406349|20370688|20333225|20332419|20307585|20301149|20246068|20246013
2111308,20424183|20415723|20406349|20370688|20333225|20332419|20307585|20301149|20246068|20246013
2111315,20424183|20415723|20406349|20370688|20333225|20332419|20307585|20301149|20246068|20246013
2111384,20424183|20415723|20406349|20370688|20333225|20332419|20307585|20301149|20246068|20246013
2111483,20424183|20415723|20406349|20370688|20333225|20332419|20307585|20301149|20246068|20246013
2111490,20424183|20415723|20406349|20370688|20333225|20332419|20307585|20301149|20246068|20246013
2111599,20424183|20415723|20406349|20370688|20333225|20332419|20307585|20301149|20246068|20246013
2111612,20424183|20415723|20406349|20370688|20333225|20332419|20307585|20301149|20246068|20246013
2111629,20424183|20415723|20406349|20370688|20333225|20332419|20307585|20301149|20246068|20246013
2111636,20424183|20415723|20406349|20370688|20333225|20332419|20307585|20301149|20246068|20246013
2111698,20424183|20415723|20406349|20370688|20333225|20332419|20307585|20301149|20246068|20246013
2111759,20424183|20415723|20406349|20370688|20333225|20332419|20307585|20301149|20246068|20246013
2111766,4711686006090|4710998000802|4710731060124|4710363382045|4710032601194|4710015103370|4711128668787|4710960892077|4710247005206|4710467221516
2111810,20424183|20415723|20406349|20370688|20333225|20332419|20307585|20301149|20246068|20246013
2111889,4711686006090|4710998000802|4710731060124|4710363382045|4710032601194|4710015103370|4711128668787|4710960892077|4710247005206|4710467221516
2111919,20424183|20415723|20406349|20370688|20333225|20332419|20307585|20301149|20246068|20246013
2111957,20424183|20415723|20406349|20370688|20333225|20332419|20307585|20301149|20246068|20246013
2111971,4711686006090|4710998000802|4710731060124|4710363382045|4710032601194|4710015103370|4711128668787|4710960892077|4710247005206|4710467221516
2112008,4711686006090|4710998000802|4710731060124|4710363382045|4710032601194|4710015103370|4711128668787|4710960892077|4710247005206|4710467221516
2112015,20424183|20415723|20406349|20370688|20333225|20332419|20307585|20301149|20246068|20246013
2112022,20424183|20415723|20406349|20370688|20333225|20332419|20307585|20301149|20246068|20246013
2112039,20424183|20415723|20406349|20370688|20333225|20332419|20307585|20301149|20246068|20246013
2112138,4711686006090|4710998000802|4710731060124|4710363382045|4710032601194|4710015103370|4711128668787|4710960892077|4710247005206|4710467221516
2112145,20424183|20415723|20406349|20370688|20333225|20332419|20307585|20301149|20246068|20246013
2112169,20424183|20415723|20406349|20370688|20333225|20332419|20307585|20301149|20246068|20246013
2112176,20424183|20415723|20406349|20370688|20333225|20332419|20307585|20301149|20246068|20246013
2112244,20424183|20415723|20406349|20370688|20333225|20332419|20307585|20301149|20246068|20246013
2112527,4711767670103|4711108208637|4714981010038|20451042|20424183|20415723|20406349|20370688|20333225|20332419
2112565,20424183|20415723|20406349|20370688|20333225|20332419|20307585|20301149|20246068|20246013
2112572,20424183|20415723|20406349|20370688|20333225|20332419|20307585|20301149|20246068|20246013
2112589,4711128668787|4710960892077|4710467221516|4710088414311|4710094097768|4710632001660|4710105015125|20424183|20415723|20406349
2112596,4712278884263|4711634000965|47100312|4711686006090|4710998000802|4710731060124|4710363382045|4710247005206|4710032601194|4710015103370
2112657,4711686006090|4710998000802|4710731060124|4710363382045|4710032601194|4710015103370|4711128668787|4710960892077|4710247005206|4710467221516
2112756,4710105045443|20424183|20415723|20406349|20370688|20333225|20332419|20307585|20301149|20246068
2112794,20424183|20415723|20406349|20370688|20333225|20332419|20307585|20301149|20246068|20246013
2112879,4711686006090|4710998000802|4710731060124|4710363382045|4710032601194|4710015103370|4711128668787|4710960892077|4710247005206|4710467221516
2112916,20424183|20415723|20406349|20370688|20333225|20332419|20307585|20301149|20246068|20246013
2113142,20424183|20415723|20406349|20370688|20333225|20332419|20307585|20301149|20246068|20246013
2113173,4711686006090|4710998000802|4710731060124|4710363382045|4710032601194|4710015103370|4711128668787|4710960892077|4710247005206|4710467221516
2113180,20424183|20415723|20406349|20370688|20333225|20332419|20307585|20301149|20246068|20246013
2113197,20424183|20415723|20406349|20370688|20333225|20332419|20307585|20301149|20246068|20246013
2113234,4711686006090|4710998000802|4710731060124|4710363382045|4710032601194|4710015103370|4711128668787|4710960892077|4710247005206|4710467221516
2113241,4711686006090|4710998000802|4710731060124|4710363382045|4710032601194|4710015103370|4711128668787|4710960892077|4710247005206|4710467221516
2113333,20424183|20415723|20406349|20370688|20333225|20332419|20307585|20301149|20246068|20246013
2113432,20424183|20415723|20406349|20370688|20333225|20332419|20307585|20301149|20246068|20246013
2113500,4711686006090|4710998000802|4710731060124|4710363382045|4710032601194|4710015103370|4711128668787|4710960892077|4710247005206|4710467221516
2113579,20424183|20415723|20406349|20370688|20333225|20332419|20307585|20301149|20246068|20246013
2113586,4711686006090|4710998000802|4710731060124|4710363382045|4710032601194|4710015103370|4711128668787|4710960892077|4710247005206|4710467221516
2113609,20424183|20415723|20406349|20370688|20333225|20332419|20307585|20301149|20246068|20246013
2113647,4711686006090|4710998000802|4710731060124|4710363382045|4710032601194|4710015103370|4711128668787|4710960892077|4710247005206|4710467221516
2113722,20424183|20415723|20406349|20370688|20333225|20332419|20307585|20301149|20246068|20246013
2113791,20424183|20415723|20406349|20370688|20333225|20332419|20307585|20301149|20246068|20246013
2113821,20424183|20415723|20406349|20370688|20333225|20332419|20307585|20301149|20246068|20246013
2113876,20424183|20415723|20406349|20370688|20333225|20332419|20307585|20301149|20246068|20246013
2113906,20424183|20415723|20406349|20370688|20333225|20332419|20307585|20301149|20246068|20246013
2113982,20424183|20415723|20406349|20370688|20333225|20332419|20307585|20301149|20246068|20246013
2114026,20424183|20415723|20406349|20370688|20333225|20332419|20307585|20301149|20246068|20246013
2114033,20424183|20415723|20406349|20370688|20333225|20332419|20307585|20301149|20246068|20246013
2114071,4711686006090|4710998000802|4710731060124|4710363382045|4710032601194|4710015103370|4711128668787|4710960892077|4710247005206|4710467221516
2114484,20424183|20415723|20406349|20370688|20333225|20332419|20307585|20301149|20246068|20246013
2114552,4711686006090|4710998000802|4710731060124|4710363382045|4710032601194|4710015103370|4711128668787|4710960892077|4710247005206|4710467221516
2114569,20424183|20415723|20406349|20370688|20333225|20332419|20307585|20301149|20246068|20246013
2114668,20424183|20415723|20406349|20370688|20333225|20332419|20307585|20301149|20246068|20246013
2114910,4711686006090|4710998000802|4710731060124|4710363382045|4710032601194|4710015103370|4711128668787|4710960892077|4710247005206|4710467221516
2115061,4711686006090|4710998000802|4710731060124|4710363382045|4710032601194|4710015103370|4711128668787|4710960892077|4710247005206|4710467221516
2115207,4719859015078|4719859015061|4719090701051|20307585|4714981010038|20424183|20415723|20406349|20370688|20333225
2115269,20424183|20415723|20406349|20370688|20333225|20332419|20307585|20301149|20246068|20246013
2115306,20424183|20415723|20406349|20370688|20333225|20332419|20307585|20301149|20246068|20246013
2115382,20424183|20415723|20406349|20370688|20333225|20332419|20307585|20301149|20246068|20246013
2115399,20424183|20415723|20406349|20370688|20333225|20332419|20307585|20301149|20246068|20246013
2115412,20424183|20415723|20406349|20370688|20333225|20332419|20307585|20301149|20246068|20246013
2115566,20424183|20415723|20406349|20370688|20333225|20332419|20307585|20301149|20246068|20246013
2115634,20424183|20415723|20406349|20370688|20333225|20332419|20307585|20301149|20246068|20246013
2115658,4711686006090|4710998000802|4710731060124|4710363382045|4710032601194|4710015103370|4711128668787|4710960892077|4710247005206|4710467221516
2115771,20424183|20415723|20406349|20370688|20333225|20332419|20307585|20301149|20246068|20246013
2115795,4711686006090|4710998000802|4710731060124|4710363382045|4710032601194|4710015103370|4711128668787|4710960892077|4710247005206|4710467221516
2115849,20424183|20415723|20406349|20370688|20333225|20332419|20307585|20301149|20246068|20246013
2115924,4712278884263|4711634000965|47100312|4711686006090|4710998000802|4710363382045|4710247005206|4710032601194|4710015103370|4710200000019
2116099,20424183|20415723|20406349|20370688|20333225|20332419|20307585|20301149|20246068|20246013
2116129,20424183|20415723|20406349|20370688|20333225|20332419|20307585|20301149|20246068|20246013
2116181,20424183|20415723|20406349|20370688|20333225|20332419|20307585|20301149|20246068|20246013
2116198,20424183|20415723|20406349|20370688|20333225|20332419|20307585|20301149|20246068|20246013
2116334,20424183|20415723|20406349|20370688|20333225|20332419|20307585|20301149|20246068|20246013
2116402,4711686006090|4710998000802|4710731060124|4710363382045|4710032601194|4710015103370|4711128668787|4710960892077|4710247005206|4710467221516
2116501,20424183|20415723|20406349|20370688|20333225|20332419|20307585|20301149|20246068|20246013
2116532,20424183|20415723|20406349|20370688|20333225|20332419|20307585|20301149|20246068|20246013
2116631,20424183|20415723|20406349|20370688|20333225|20332419|20307585|20301149|20246068|20246013
2117102,4711686006090|4710998000802|4710731060124|4710363382045|4710032601194|4710015103370|4711128668787|4710960892077|4710247005206|4710467221516
2117164,4711686006090|4710998000802|4710731060124|4710363382045|4710032601194|4710015103370|4711128668787|4710960892077|4710247005206|4710467221516
2117171,20424183|20415723|20406349|20370688|20333225|20332419|20307585|20301149|20246068|20246013
2117218,20424183|20415723|20406349|20370688|20333225|20332419|20307585|20301149|20246068|20246013
2117256,20451042|20424183|20415723|20406349|20370688|20333225|20332419|20307585|20301149|20246068
2117348,4711686006090|4710998000802|4710731060124|4710363382045|4710032601194|4710015103370|4711128668787|4710960892077|4710247005206|4710467221516
2117379,20424183|20415723|20406349|20370688|20333225|20332419|20307585|20301149|20246068|20246013
2117416,20424183|20415723|20406349|20370688|20333225|20332419|20307585|20301149|20246068|20246013
2117508,20424183|20415723|20406349|20370688|20333225|20332419|20307585|20301149|20246068|20246013
2117737,4711686006090|4710998000802|4710731060124|4710363382045|4710032601194|4710015103370|4711128668787|4710960892077|4710247005206|4710467221516
2117812,20424183|20415723|20406349|20370688|20333225|20332419|20307585|20301149|20246068|20246013
2117904,20424183|20415723|20406349|20370688|20333225|20332419|20307585|20301149|20246068|20246013
2117928,20424183|20415723|20406349|20370688|20333225|20332419|20307585|20301149|20246068|20246013
2117935,20424183|20415723|20406349|20370688|20333225|20332419|20307585|20301149|20246068|20246013
2117966,20424183|20415723|20406349|20370688|20333225|20332419|20307585|20301149|20246068|20246013
2118116,20424183|20415723|20406349|20370688|20333225|20332419|20307585|20301149|20246068|20246013
2118147,20424183|20415723|20406349|20370688|20333225|20332419|20307585|20301149|20246068|20246013
2118154,4710063421624|4710209701139|4710128030037|4710626055310|20424183|20415723|20406349|20370688|20333225|20332419
2118246,7610053910800|4713608210035|4711634002754|4710114105046|4710094012686|4710063312168|4711080010112|4714981010038|20424183|20415723
2118260,20424183|20415723|20406349|20370688|20333225|20332419|20307585|20301149|20246068|20246013
2118284,20424183|20415723|20406349|20370688|20333225|20332419|20307585|20301149|20246068|20246013
2118338,20424183|20415723|20406349|20370688|20333225|20332419|20307585|20301149|20246068|20246013
2118369,20424183|20415723|20406349|20370688|20333225|20332419|20307585|20301149|20246068|20246013
2118628,20424183|20415723|20406349|20370688|20333225|20332419|20307585|20301149|20246068|20246013
2118697,20424183|20415723|20406349|20370688|20333225|20332419|20307585|20301149|20246068|20246013
2119076,20424183|20415723|20406349|20370688|20333225|20332419|20307585|20301149|20246068|20246013
2119083,4711686006090|4710998000802|4710731060124|4710363382045|4710032601194|4710015103370|4711128668787|4710960892077|4710247005206|4710467221516
2119120,20424183|20415723|20406349|20370688|20333225|20332419|20307585|20301149|20246068|20246013
2119137,20424183|20415723|20406349|20370688|20333225|20332419|20307585|20301149|20246068|20246013
2119182,20424183|20415723|20406349|20370688|20333225|20332419|20307585|20301149|20246068|20246013
2119366,20424183|20415723|20406349|20370688|20333225|20332419|20307585|20301149|20246068|20246013
2119472,20424183|20415723|20406349|20370688|20333225|20332419|20307585|20301149|20246068|20246013
2119564,20424183|20415723|20406349|20370688|20333225|20332419|20307585|20301149|20246068|20246013
2119656,20424183|20415723|20406349|20370688|20333225|20332419|20307585|20301149|20246068|20246013
2119960,20424183|20415723|20406349|20370688|20333225|20332419|20307585|20301149|20246068|20246013
2120003,20424183|20415723|20406349|20370688|20333225|20332419|20307585|20301149|20246068|20246013
2120010,20424183|20415723|20406349|20370688|20333225|20332419|20307585|20301149|20246068|20246013
2120041,4711686006090|4710998000802|4710731060124|4710363382045|4710032601194|4710015103370|4711128668787|4710960892077|4710247005206|4710467221516
2120065,20424183|20415723|20406349|20370688|20333225|20332419|20307585|20301149|20246068|20246013
2120096,20424183|20415723|20406349|20370688|20333225|20332419|20307585|20301149|20246068|20246013
2120430,20424183|20415723|20406349|20370688|20333225|20332419|20307585|20301149|20246068|20246013
2120690,4711686006090|4710998000802|4710731060124|4710363382045|4710032601194|4710015103370|4711128668787|4710960892077|4710247005206|4710467221516
2120706,20424183|20415723|20406349|20370688|20333225|20332419|20307585|20301149|20246068|20246013
2120850,20424183|20415723|20406349|20370688|20333225|20332419|20307585|20301149|20246068|20246013
2120904,20424183|20415723|20406349|20370688|20333225|20332419|20307585|20301149|20246068|20246013
2120973,20424183|20415723|20406349|20370688|20333225|20332419|20307585|20301149|20246068|20246013
2121048,4711686006090|4710998000802|4710731060124|4710363382045|4710032601194|4710015103370|4711128668787|4710960892077|4710247005206|4710467221516
2121055,20424183|20415723|20406349|20370688|20333225|20332419|20307585|20301149|20246068|20246013
2121123,4711686006090|4710998000802|4710731060124|4710363382045|4710032601194|4710015103370|4711128668787|4710960892077|4710247005206|4710467221516
2121239,20424183|20415723|20406349|20370688|20333225|20332419|20307585|20301149|20246068|20246013
2121291,20424183|20415723|20406349|20370688|20333225|20332419|20307585|20301149|20246068|20246013
2121420,20424183|20415723|20406349|20370688|20333225|20332419|20307585|20301149|20246068|20246013
2121444,4711686006090|4710998000802|4710731060124|4710363382045|4710032601194|4710015103370|4711128668787|4710960892077|4710247005206|4710467221516
2121635,4711686006090|4710998000802|4710731060124|4710363382045|4710032601194|4710015103370|4711128668787|4710960892077|4710247005206|4710467221516
2121642,4711686006090|4710998000802|4710731060124|4710363382045|4710032601194|4710015103370|4711128668787|4710960892077|4710247005206|4710467221516
2121703,4711686006090|4710998000802|4710731060124|4710363382045|4710032601194|4710015103370|4711128668787|4710960892077|4710247005206|4710467221516
2121734,20424183|20415723|20406349|20370688|20333225|20332419|20307585|20301149|20246068|20246013
2121901,20424183|20415723|20406349|20370688|20333225|20332419|20307585|20301149|20246068|20246013
2121918,20424183|20415723|20406349|20370688|20333225|20332419|20307585|20301149|20246068|20246013
2121949,20424183|20415723|20406349|20370688|20333225|20332419|20307585|20301149|20246068|20246013
2122021,4711686006090|4710998000802|4710731060124|4710363382045|4710032601194|4710015103370|4711128668787|4710960892077|4710247005206|4710467221516
2122045,4710670200100|4710504000128|4710247001765|4710011409056|4710857000042|4710011432825|4710011405133|4710011401142|4710357343700|4710105045313
2122120,20424183|20415723|20406349|20370688|20333225|20332419|20307585|20301149|20246068|20246013
2122144,20424183|20415723|20406349|20370688|20333225|20332419|20307585|20301149|20246068|20246013
2122175,20424183|20415723|20406349|20370688|20333225|20332419|20307585|20301149|20246068|20246013
2122267,4711686006090|4710998000802|4710731060124|4710363382045|4710032601194|4710015103370|4711128668787|4710960892077|4710247005206|4710467221516
2122328,20424183|20415723|20406349|20370688|20333225|20332419|20307585|20301149|20246068|20246013
2122397,20424183|20415723|20406349|20370688|20333225|20332419|20307585|20301149|20246068|20246013
2122441,4711686006090|4710998000802|4710731060124|4710363382045|4710032601194|4710015103370|4711128668787|4710960892077|4710247005206|4710467221516
2122496,20424183|20415723|20406349|20370688|20333225|20332419|20307585|20301149|20246068|20246013
2122625,20424183|20415723|20406349|20370688|20333225|20332419|20307585|20301149|20246068|20246013
2123158,20424183|20415723|20406349|20370688|20333225|20332419|20307585|20301149|20246068|20246013
2123370,20424183|20415723|20406349|20370688|20333225|20332419|20307585|20301149|20246068|20246013
2123387,4711686006090|4710998000802|4710731060124|4710363382045|4710032601194|4710015103370|4711128668787|4710960892077|4710247005206|4710467221516
2123394,20424183|20415723|20406349|20370688|20333225|20332419|20307585|20301149|20246068|20246013
2123431,4711686006090|4710998000802|4710731060124|4710363382045|4710032601194|4710015103370|4711128668787|4710960892077|4710247005206|4710467221516
2123486,20424183|20415723|20406349|20370688|20333225|20332419|20307585|20301149|20246068|20246013
2123608,20424183|20415723|20406349|20370688|20333225|20332419|20307585|20301149|20246068|20246013
2123646,20424183|20415723|20406349|20370688|20333225|20332419|20307585|20301149|20246068|20246013
2123752,4711686006090|4710998000802|4710731060124|4710363382045|4710032601194|4710015103370|4711128668787|4710960892077|4710247005206|4710467221516
2123776,20424183|20415723|20406349|20370688|20333225|20332419|20307585|20301149|20246068|20246013
2123783,20424183|20415723|20406349|20370688|20333225|20332419|20307585|20301149|20246068|20246013
2123790,4711686006090|4710998000802|4710731060124|4710363382045|4710032601194|4710015103370|4711128668787|4710960892077|4710247005206|4710467221516
2123851,4711686006090|4710998000802|4710731060124|4710363382045|4710032601194|4710015103370|4711128668787|4710960892077|4710247005206|4710467221516
2123899,4711686006090|4710998000802|4710731060124|4710363382045|4710032601194|4710015103370|4711128668787|4710960892077|4710247005206|4710467221516
2123929,20424183|20415723|20406349|20370688|20333225|20332419|20307585|20301149|20246068|20246013
2123936,20424183|20415723|20406349|20370688|20333225|20332419|20307585|20301149|20246068|20246013
2123943,4710364144307|4710290004065|4710084119562|4710022237501|20424183|20415723|20406349|20370688|20333225|20332419
2123981,20424183|20415723|20406349|20370688|20333225|20332419|20307585|20301149|20246068|20246013
2124032,20424183|20415723|20406349|20370688|20333225|20332419|20307585|20301149|20246068|20246013
2124049,4711686006090|4710998000802|4710731060124|4710363382045|4710032601194|4710015103370|4711128668787|4710960892077|4710247005206|4710467221516
2124117,20451042|20424183|20415723|20406349|20370688|20333225|20307585|20301149|20246068|20246013
2124124,20424183|20415723|20406349|20370688|20333225|20332419|20307585|20301149|20246068|20246013
2124155,20424183|20415723|20406349|20370688|20333225|20332419|20307585|20301149|20246068|20246013
2124209,20424183|20415723|20406349|20370688|20333225|20332419|20307585|20301149|20246068|20246013
2124674,20424183|20415723|20406349|20370688|20333225|20332419|20307585|20301149|20246068|20246013
2124711,20424183|20415723|20406349|20370688|20333225|20332419|20307585|20301149|20246068|20246013
2124803,20424183|20415723|20406349|20370688|20333225|20332419|20307585|20301149|20246068|20246013
2124810,20424183|20415723|20406349|20370688|20333225|20332419|20307585|20301149|20246068|20246013
2124971,20424183|20415723|20406349|20370688|20333225|20332419|20307585|20301149|20246068|20246013
2124995,20424183|20415723|20406349|20370688|20333225|20332419|20307585|20301149|20246068|20246013
2125046,20424183|20415723|20406349|20370688|20333225|20332419|20307585|20301149|20246068|20246013
2125121,20424183|20415723|20406349|20370688|20333225|20332419|20307585|20301149|20246068|20246013
2125138,20424183|20415723|20406349|20370688|20333225|20332419|20307585|20301149|20246068|20246013
2125268,20424183|20415723|20406349|20370688|20333225|20332419|20307585|20301149|20246068|20246013
2125299,20424183|20415723|20406349|20370688|20333225|20332419|20307585|20301149|20246068|20246013
2125329,20424183|20415723|20406349|20370688|20333225|20332419|20307585|20301149|20246068|20246013
2125336,20424183|20415723|20406349|20370688|20333225|20332419|20307585|20301149|20246068|20246013
2125374,4711686006090|4710998000802|4710731060124|4710363382045|4710032601194|4710015103370|4711128668787|4710960892077|4710247005206|4710467221516
2125596,4710722000474|4713758146031|4714381003128|4711663700010|20424183|20415723|20406349|20370688|20333225|20332419
2125855,20424183|20415723|20406349|20370688|20333225|20332419|20307585|20301149|20246068|20246013
2126098,20424183|20415723|20406349|20370688|20333225|20332419|20307585|20301149|20246068|20246013
2126135,20424183|20415723|20406349|20370688|20333225|20332419|20307585|20301149|20246068|20246013
2126449,4711686006090|4710998000802|4710731060124|4710363382045|4710032601194|4710015103370|4711128668787|4710960892077|4710247005206|4710467221516
2126456,4711686006090|4710998000802|4710731060124|4710363382045|4710032601194|4710015103370|4711128668787|4710960892077|4710247005206|4710467221516
2126517,20424183|20415723|20406349|20370688|20333225|20332419|20307585|20301149|20246068|20246013
2126609,20424183|20415723|20406349|20370688|20333225|20332419|20307585|20301149|20246068|20246013
2126630,4711686006090|4710998000802|4710731060124|4710363382045|4710032601194|4710015103370|4711128668787|4710960892077|4710247005206|4710467221516
2126692,4711686006090|4710998000802|4710731060124|4710363382045|4710032601194|4710015103370|4711128668787|4710960892077|4710247005206|4710467221516
2126753,20424183|20415723|20406349|20370688|20333225|20332419|20307585|20301149|20246068|20246013
2126777,20424183|20415723|20406349|20370688|20333225|20332419|20307585|20301149|20246068|20246013
2126791,20424183|20415723|20406349|20370688|20333225|20332419|20307585|20301149|20246068|20246013
2126807,20424183|20415723|20406349|20370688|20333225|20332419|20307585|20301149|20246068|20246013
2126883,20451042|20424183|20415723|20406349|20370688|20333225|20332419|20301149|20246068|20246013
2127125,20424183|20415723|20406349|20370688|20333225|20332419|20307585|20301149|20246068|20246013
2127132,4711686006090|4710998000802|4710731060124|4710363382045|4710032601194|4710015103370|4711128668787|4710960892077|4710247005206|4710467221516
2127330,20424183|20415723|20406349|20370688|20333225|20332419|20307585|20301149|20246068|20246013
2127422,4711686006090|4710998000802|4710731060124|4710363382045|4710032601194|4710015103370|4711128668787|4710960892077|4710247005206|4710467221516
2127453,4710934900685|20424183|20415723|20406349|20370688|20333225|20332419|20307585|20301149|20246068
2127538,20424183|20415723|20406349|20370688|20333225|20332419|20307585|20301149|20246068|20246013
2127569,20424183|20415723|20406349|20370688|20333225|20332419|20307585|20301149|20246068|20246013
2127637,20424183|20415723|20406349|20370688|20333225|20332419|20307585|20301149|20246068|20246013
2127972,4711686006090|4710998000802|4710731060124|4710363382045|4710032601194|4710015103370|4711128668787|4710960892077|4710247005206|4710467221516
2127996,20424183|20415723|20406349|20370688|20333225|20332419|20307585|20301149|20246068|20246013
2128009,4712278884263|4711634000965|47100312|4711686006090|4710998000802|4710731060124|4710363382045|4710247005206|4710032601194|4710015103370
2128030,20424183|20415723|20406349|20370688|20333225|20332419|20307585|20301149|20246068|20246013
2128061,4711686006090|4710998000802|4710731060124|4710363382045|4710032601194|4710015103370|4711128668787|4710960892077|4710247005206|4710467221516
2128139,20424183|20415723|20406349|20370688|20333225|20332419|20307585|20301149|20246068|20246013
2128184,4711686006090|4710998000802|4710731060124|4710363382045|4710032601194|4710015103370|4711128668787|4710960892077|4710247005206|4710467221516
2128238,20424183|20415723|20406349|20370688|20333225|20332419|20307585|20301149|20246068|20246013
2128245,20424183|20415723|20406349|20370688|20333225|20332419|20307585|20301149|20246068|20246013
2128269,20424183|20415723|20406349|20370688|20333225|20332419|20307585|20301149|20246068|20246013
2128290,20424183|20415723|20406349|20370688|20333225|20332419|20307585|20301149|20246068|20246013
2128481,20424183|20415723|20406349|20370688|20333225|20332419|20307585|20301149|20246068|20246013
2128610,20424183|20415723|20406349|20370688|20333225|20332419|20307585|20301149|20246068|20246013
2128696,20424183|20415723|20406349|20370688|20333225|20332419|20307585|20301149|20246068|20246013
2128719,20424183|20415723|20406349|20370688|20333225|20332419|20307585|20301149|20246068|20246013
2128740,20424183|20415723|20406349|20370688|20333225|20332419|20307585|20301149|20246068|20246013
2128870,20424183|20415723|20406349|20370688|20333225|20332419|20307585|20301149|20246068|20246013
2128955,20424183|20415723|20406349|20370688|20333225|20332419|20307585|20301149|20246068|20246013
2129037,20424183|20415723|20406349|20370688|20333225|20332419|20307585|20301149|20246068|20246013
2129068,20424183|20415723|20406349|20370688|20333225|20332419|20307585|20301149|20246068|20246013
2129099,20424183|20415723|20406349|20370688|20333225|20332419|20307585|20301149|20246068|20246013
2129181,4711686006090|4710998000802|4710731060124|4710363382045|4710032601194|4710015103370|4711128668787|4710960892077|4710247005206|4710467221516
2129327,20424183|20415723|20406349|20370688|20333225|20332419|20307585|20301149|20246068|20246013
2129518,4711686006090|4710998000802|4710731060124|4710363382045|4710032601194|4710015103370|4711128668787|4710960892077|4710247005206|4710467221516
2129648,20424183|20415723|20406349|20370688|20333225|20332419|20307585|20301149|20246068|20246013
2129709,20424183|20415723|20406349|20370688|20333225|20332419|20307585|20301149|20246068|20246013
2129723,4711686006090|4710998000802|4710731060124|4710363382045|4710032601194|4710015103370|4711128668787|4710960892077|4710247005206|4710467221516
2129846,4711686006090|4710998000802|4710731060124|4710363382045|4710032601194|4710015103370|4711128668787|4710960892077|4710247005206|4710467221516
2129921,20424183|20415723|20406349|20370688|20333225|20332419|20307585|20301149|20246068|20246013
2130149,4711686006090|4710998000802|4710731060124|4710363382045|4710032601194|4710015103370|4711128668787|4710960892077|4710247005206|4710467221516
2130323,4711686006090|4710998000802|4710731060124|4710363382045|4710032601194|4710015103370|4711128668787|4710960892077|4710247005206|4710467221516
2130330,4711686006090|4710998000802|4710731060124|4710363382045|4710032601194|4710015103370|4711128668787|4710960892077|4710247005206|4710467221516
2130378,4711686006090|4710998000802|4710731060124|4710363382045|4710032601194|4710015103370|4711128668787|4710960892077|4710247005206|4710467221516
2130385,4711686006090|4710998000802|4710731060124|4710363382045|4710032601194|4710015103370|4711128668787|4710960892077|4710247005206|4710467221516
2130552,20424183|20415723|20406349|20370688|20333225|20332419|20307585|20301149|20246068|20246013
2130569,4711686006090|4710998000802|4710731060124|4710363382045|4710032601194|4710015103370|4711128668787|4710960892077|4710247005206|4710467221516
2130583,4712278884263|4711634000965|47100312|4711686006090|4710998000802|4710731060124|4710363382045|4710247005206|4710032601194|4710015103370
2130620,20424183|20415723|20406349|20370688|20333225|20332419|20307585|20301149|20246068|20246013
2130767,20424183|20415723|20406349|20370688|20333225|20332419|20307585|20301149|20246068|20246013
2130774,20451042|20424183|20415723|20406349|20370688|20333225|20332419|20307585|20301149|20246068
2130804,20424183|20415723|20406349|20370688|20333225|20332419|20307585|20301149|20246068|20246013
2130811,20424183|20415723|20406349|20370688|20333225|20332419|20307585|20301149|20246068|20246013
2130866,20424183|20415723|20406349|20370688|20333225|20332419|20307585|20301149|20246068|20246013
2130941,20424183|20415723|20406349|20370688|20333225|20332419|20307585|20301149|20246068|20246013
2130958,20424183|20415723|20406349|20370688|20333225|20332419|20307585|20301149|20246068|20246013
2131030,20424183|20415723|20406349|20370688|20333225|20332419|20307585|20301149|20246068|20246013
2131054,20424183|20415723|20406349|20370688|20333225|20332419|20307585|20301149|20246068|20246013
2131115,20424183|20415723|20406349|20370688|20333225|20332419|20307585|20301149|20246068|20246013
2131153,20424183|20415723|20406349|20370688|20333225|20332419|20307585|20301149|20246068|20246013
2131245,4711686006090|4710998000802|4710731060124|4710363382045|4710032601194|4710015103370|4711128668787|4710960892077|4710247005206|4710467221516
2131276,20424183|20415723|20406349|20370688|20333225|20332419|20307585|20301149|20246068|20246013
2131382,4711686006090|4710998000802|4710731060124|4710363382045|4710032601194|4710015103370|4711128668787|4710960892077|4710247005206|4710467221516
2131399,20424183|20415723|20406349|20370688|20333225|20332419|20307585|20301149|20246068|20246013
2131412,20424183|20415723|20406349|20370688|20333225|20332419|20307585|20301149|20246068|20246013
2131580,20424183|20415723|20406349|20370688|20333225|20332419|20307585|20301149|20246068|20246013
2131597,4711686006090|4710998000802|4710731060124|4710363382045|4710032601194|4710015103370|4711128668787|4710960892077|4710247005206|4710467221516
2131795,20424183|20415723|20406349|20370688|20333225|20332419|20307585|20301149|20246068|20246013
2131856,20424183|20415723|20406349|20370688|20333225|20332419|20307585|20301149|20246068|20246013
2132174,20424183|20415723|20406349|20370688|20333225|20332419|20307585|20301149|20246068|20246013
2132310,4711686006090|4710998000802|4710731060124|4710363382045|4710032601194|4710015103370|4711128668787|4710960892077|4710247005206|4710467221516
2132396,20424183|20415723|20406349|20370688|20333225|20332419|20307585|20301149|20246068|20246013
2132457,20424183|20415723|20406349|20370688|20333225|20332419|20307585|20301149|20246068|20246013
2132532,9556121008032|9556121008025|4717101101265|4714276113888|4712397000261|4710105051628|4710871000356|4710583920003|20246013|4711039232190
2132563,20424183|20415723|20406349|20370688|20333225|20332419|20307585|20301149|20246068|20246013
2132716,20424183|20415723|20406349|20370688|20333225|20332419|20307585|20301149|20246068|20246013
2132754,20424183|20415723|20406349|20370688|20333225|20332419|20307585|20301149|20246068|20246013
2132778,4711686006090|4710998000802|4710731060124|4710363382045|4710032601194|4710015103370|4711128668787|4710960892077|4710247005206|4710467221516
2132839,20424183|20415723|20406349|20370688|20333225|20332419|20307585|20301149|20246068|20246013
2132938,4711686006090|4710998000802|4710731060124|4710363382045|4710032601194|4710015103370|4711128668787|4710960892077|4710247005206|4710467221516
2133126,20424183|20415723|20406349|20370688|20333225|20332419|20307585|20301149|20246068|20246013
2133171,20424183|20415723|20406349|20370688|20333225|20332419|20307585|20301149|20246068|20246013
2133270,20424183|20415723|20406349|20370688|20333225|20332419|20307585|20301149|20246068|20246013
2133560,20451042|20424183|20415723|20406349|20333225|20332419|20307585|20301149|20246068|20246013
2133607,20424183|20415723|20406349|20370688|20333225|20332419|20307585|20301149|20246068|20246013
2133621,20424183|20415723|20406349|20370688|20333225|20332419|20307585|20301149|20246068|20246013
2133638,4712278884263|4711634000965|47100312|4711686006090|4710998000802|4710731060124|4710363382045|4710247005206|4710032601194|4710015103370
2133805,4712019100607|4710719000333|4710047502011|20424183|20415723|20406349|20370688|20333225|20332419|20307585
2133867,20424183|20415723|20406349|20370688|20333225|20332419|20307585|20301149|20246068|20246013
2133874,4711108860934|4710283170111|4710283170104|4711686006090|4710998000802|4710731060124|4710363382045|4710247005206|4710032601194|4710015103370
2133881,20424183|20415723|20406349|20370688|20333225|20332419|20307585|20301149|20246068|20246013
2133935,20424183|20415723|20406349|20370688|20333225|20332419|20307585|20301149|20246068|20246013
2133966,20424183|20415723|20406349|20370688|20333225|20332419|20307585|20301149|20246068|20246013
2134031,20424183|20415723|20406349|20370688|20333225|20332419|20307585|20301149|20246068|20246013
2134055,20424183|20415723|20406349|20370688|20333225|20332419|20307585|20301149|20246068|20246013
2134246,4711686006090|4710998000802|4710731060124|4710363382045|4710032601194|4710015103370|4711128668787|4710960892077|4710247005206|4710467221516
2134284,20424183|20415723|20406349|20370688|20333225|20332419|20307585|20301149|20246068|20246013
2134314,20424183|20415723|20406349|20370688|20333225|20332419|20307585|20301149|20246068|20246013
2134437,20424183|20415723|20406349|20370688|20333225|20332419|20307585|20301149|20246068|20246013
2134574,20424183|20415723|20406349|20370688|20333225|20332419|20307585|20301149|20246068|20246013
2134581,20424183|20415723|20406349|20370688|20333225|20332419|20307585|20301149|20246068|20246013
2134635,20424183|20415723|20406349|20370688|20333225|20332419|20307585|20301149|20246068|20246013
2134680,20424183|20415723|20406349|20370688|20333225|20332419|20307585|20301149|20246068|20246013
2134796,20424183|20415723|20406349|20370688|20333225|20332419|20307585|20301149|20246068|20246013
2134833,20424183|20415723|20406349|20370688|20333225|20332419|20307585|20301149|20246068|20246013
2134840,20424183|20415723|20406349|20370688|20333225|20332419|20307585|20301149|20246068|20246013
2134871,20424183|20415723|20406349|20370688|20333225|20332419|20307585|20301149|20246068|20246013
2134895,20424183|20415723|20406349|20370688|20333225|20332419|20307585|20301149|20246068|20246013
2134901,20424183|20415723|20406349|20370688|20333225|20332419|20307585|20301149|20246068|20246013
2134956,20424183|20415723|20406349|20370688|20333225|20332419|20307585|20301149|20246068|20246013
2135007,4711686006090|4710998000802|4710731060124|4710363382045|4710032601194|4710015103370|4711128668787|4710960892077|4710247005206|4710467221516
2135038,20424183|20415723|20406349|20370688|20333225|20332419|20307585|20301149|20246068|20246013
2135083,20424183|20415723|20406349|20370688|20333225|20332419|20307585|20301149|20246068|20246013
2135113,4711686006090|4710998000802|4710731060124|4710363382045|4710032601194|4710015103370|4711128668787|4710960892077|4710247005206|4710467221516
2135311,20424183|20415723|20406349|20370688|20333225|20332419|20307585|20301149|20246068|20246013
2135489,20424183|20415723|20406349|20370688|20333225|20332419|20307585|20301149|20246068|20246013
2135526,20424183|20415723|20406349|20370688|20333225|20332419|20307585|20301149|20246068|20246013
2135625,20424183|20415723|20406349|20370688|20333225|20332419|20307585|20301149|20246068|20246013
2135663,20424183|20415723|20406349|20370688|20333225|20332419|20307585|20301149|20246068|20246013
2135694,20424183|20415723|20406349|20370688|20333225|20332419|20307585|20301149|20246068|20246013
2135755,20424183|20415723|20406349|20370688|20333225|20332419|20307585|20301149|20246068|20246013
2136028,20424183|20415723|20406349|20370688|20333225|20332419|20307585|20301149|20246068|20246013
2136059,20424183|20415723|20406349|20370688|20333225|20332419|20307585|20301149|20246068|20246013
2136134,20424183|20415723|20406349|20370688|20333225|20332419|20307585|20301149|20246068|20246013
2136172,20424183|20415723|20406349|20370688|20333225|20332419|20307585|20301149|20246068|20246013
2136325,4711686006090|4710998000802|4710731060124|4710363382045|4710032601194|4710015103370|4711128668787|4710960892077|4710247005206|4710467221516
2136455,20424183|20415723|20406349|20370688|20333225|20332419|20307585|20301149|20246068|20246013
2136462,4711686006090|4710998000802|4710731060124|4710363382045|4710032601194|4710015103370|4711128668787|4710960892077|4710247005206|4710467221516
2136479,20424183|20415723|20406349|20370688|20333225|20332419|20307585|20301149|20246068|20246013
2136493,4711686006090|4710998000802|4710731060124|4710363382045|4710032601194|4710015103370|4711128668787|4710960892077|4710247005206|4710467221516
2136547,20424183|20415723|20406349|20370688|20333225|20332419|20307585|20301149|20246068|20246013
2136578,20424183|20415723|20406349|20370688|20333225|20332419|20307585|20301149|20246068|20246013
2136608,20451042|20424183|20415723|20406349|20370688|20333225|20332419|20301149|20246068|20246013
2136677,20424183|20415723|20406349|20370688|20333225|20332419|20307585|20301149|20246068|20246013
2136776,20424183|20415723|20406349|20370688|20333225|20332419|20307585|20301149|20246068|20246013
2136783,20424183|20415723|20406349|20370688|20333225|20332419|20307585|20301149|20246068|20246013
2136844,20424183|20415723|20406349|20370688|20333225|20332419|20307585|20301149|20246068|20246013
2136981,4711686006090|4710998000802|4710731060124|4710363382045|4710032601194|4710015103370|4711128668787|4710960892077|4710247005206|4710467221516
2137056,4711686006090|4710998000802|4710731060124|4710363382045|4710032601194|4710015103370|4711128668787|4710960892077|4710247005206|4710467221516
2137414,20424183|20415723|20406349|20370688|20333225|20332419|20307585|20301149|20246068|20246013
2137506,4711686006090|4710998000802|4710731060124|4710363382045|4710032601194|4710015103370|4711128668787|4710960892077|4710247005206|4710467221516
2137537,20424183|20415723|20406349|20370688|20333225|20332419|20307585|20301149|20246068|20246013
2137575,4711686006090|4710998000802|4710731060124|4710363382045|4710032601194|4710015103370|4711128668787|4710960892077|4710247005206|4710467221516
2137728,4711686006090|4710998000802|4710731060124|4710363382045|4710032601194|4710015103370|4711128668787|4710960892077|4710247005206|4710467221516
2137735,20424183|20415723|20406349|20370688|20333225|20332419|20307585|20301149|20246068|20246013
2137834,20424183|20415723|20406349|20370688|20333225|20332419|20307585|20301149|20246068|20246013
2138015,20424183|20415723|20406349|20370688|20333225|20332419|20307585|20301149|20246068|20246013
2138176,4711686006090|4710998000802|4710731060124|4710363382045|4710032601194|4710015103370|4711128668787|4710960892077|4710247005206|4710467221516
2138183,4712278884263|4711634000965|47100312|4711686006090|4710998000802|4710731060124|4710363382045|4710247005206|4710032601194|4710015103370
2138282,20424183|20415723|20406349|20370688|20333225|20332419|20307585|20301149|20246068|20246013
2138312,20424183|20415723|20406349|20370688|20333225|20332419|20307585|20301149|20246068|20246013
2138329,20424183|20415723|20406349|20370688|20333225|20332419|20307585|20301149|20246068|20246013
2138374,4711686006090|4710998000802|4710731060124|4710363382045|4710032601194|4710015103370|4711128668787|4710960892077|4710247005206|4710467221516
2138480,4711686006090|4710998000802|4710731060124|4710363382045|4710032601194|4710015103370|4711128668787|4710960892077|4710247005206|4710467221516
2138558,20424183|20415723|20406349|20370688|20333225|20332419|20307585|20301149|20246068|20246013
2138688,20424183|20415723|20406349|20370688|20333225|20332419|20307585|20301149|20246068|20246013
2138695,20424183|20415723|20406349|20370688|20333225|20332419|20307585|20301149|20246068|20246013
2138749,4711686006090|4710998000802|4710731060124|4710363382045|4710032601194|4710015103370|4711128668787|4710960892077|4710247005206|4710467221516
2138992,4711686006090|4710998000802|4710731060124|4710363382045|4710032601194|4710015103370|4711128668787|4710960892077|4710247005206|4710467221516
2139012,20424183|20415723|20406349|20370688|20333225|20332419|20307585|20301149|20246068|20246013
2139043,20451042|20415723|20406349|20370688|20333225|20332419|20307585|20301149|20246068|20246013
2139289,20424183|20415723|20406349|20370688|20333225|20332419|20307585|20301149|20246068|20246013
2139340,20424183|20415723|20406349|20370688|20333225|20332419|20307585|20301149|20246068|20246013
2139357,20424183|20415723|20406349|20370688|20333225|20332419|20307585|20301149|20246068|20246013
2139524,20424183|20415723|20406349|20370688|20333225|20332419|20307585|20301149|20246068|20246013
2139593,20424183|20415723|20406349|20370688|20333225|20332419|20307585|20301149|20246068|20246013
2139722,4711686006090|4710998000802|4710731060124|4710363382045|4710032601194|4710015103370|4711128668787|4710960892077|4710247005206|4710467221516
2139937,20424183|20415723|20406349|20370688|20333225|20332419|20307585|20301149|20246068|20246013
2139968,20424183|20415723|20406349|20370688|20333225|20332419|20307585|20301149|20246068|20246013
2140087,20424183|20415723|20406349|20370688|20333225|20332419|20307585|20301149|20246068|20246013
2140100,20424183|20415723|20406349|20370688|20333225|20332419|20307585|20301149|20246068|20246013
2140155,20424183|20415723|20406349|20370688|20333225|20332419|20307585|20301149|20246068|20246013
2140193,20424183|20415723|20406349|20370688|20333225|20332419|20307585|20301149|20246068|20246013
2140339,20424183|20415723|20406349|20370688|20333225|20332419|20307585|20301149|20246068|20246013
2140353,20424183|20415723|20406349|20370688|20333225|20332419|20307585|20301149|20246068|20246013
2140360,20424183|20415723|20406349|20370688|20333225|20332419|20307585|20301149|20246068|20246013
2140599,4711686006090|4710998000802|4710731060124|4710363382045|4710032601194|4710015103370|4711128668787|4710960892077|4710247005206|4710467221516
2140674,20424183|20415723|20406349|20370688|20333225|20332419|20307585|20301149|20246068|20246013
2140681,20424183|20415723|20406349|20370688|20333225|20332419|20307585|20301149|20246068|20246013
2140858,4711686006090|4710998000802|4710731060124|4710363382045|4710032601194|4710015103370|4711128668787|4710960892077|4710247005206|4710467221516
2140865,20424183|20415723|20406349|20370688|20333225|20332419|20307585|20301149|20246068|20246013
2140964,20424183|20415723|20406349|20370688|20333225|20332419|20307585|20301149|20246068|20246013
2140995,20424183|20415723|20406349|20370688|20333225|20332419|20307585|20301149|20246068|20246013
2141091,20424183|20415723|20406349|20370688|20333225|20332419|20307585|20301149|20246068|20246013
2141107,4711686006090|4710998000802|4710731060124|4710363382045|4710032601194|4710015103370|4711128668787|4710960892077|4710247005206|4710467221516
2141121,4710583300089|4710105015118|4714981010038|20424183|20415723|20406349|20370688|20333225|20332419|20307585
2141183,20424183|20415723|20406349|20370688|20333225|20332419|20307585|20301149|20246068|20246013
2141190,4711686006090|4710998000802|4710731060124|4710363382045|4710032601194|4710015103370|4711128668787|4710960892077|4710247005206|4710467221516
2141220,4711686006090|4710998000802|4710731060124|4710363382045|4710032601194|4710015103370|4711128668787|4710960892077|4710247005206|4710467221516
2141244,20424183|20415723|20406349|20370688|20333225|20332419|20307585|20301149|20246068|20246013
2141398,20424183|20415723|20406349|20370688|20333225|20332419|20307585|20301149|20246068|20246013
2141459,20424183|20415723|20406349|20370688|20333225|20332419|20307585|20301149|20246068|20246013
2141541,20451042|20424183|20415723|20370688|20333225|20332419|20307585|20301149|20246068|20246013
2141565,20424183|20415723|20406349|20370688|20333225|20332419|20307585|20301149|20246068|20246013
2141572,20424183|20415723|20406349|20370688|20333225|20332419|20307585|20301149|20246068|20246013
2141596,4711686006090|4710998000802|4710731060124|4710363382045|4710032601194|4710015103370|4711128668787|4710960892077|4710247005206|4710467221516
2141626,20424183|20415723|20406349|20370688|20333225|20332419|20307585|20301149|20246068|20246013
2141633,20424183|20415723|20406349|20370688|20333225|20332419|20307585|20301149|20246068|20246013
2141794,20424183|20415723|20406349|20370688|20333225|20332419|20307585|20301149|20246068|20246013
2141800,20424183|20415723|20406349|20370688|20333225|20332419|20307585|20301149|20246068|20246013
2141848,4711686006090|4710998000802|4710731060124|4710363382045|4710032601194|4710015103370|4711128668787|4710960892077|4710247005206|4710467221516
2141855,20424183|20415723|20406349|20370688|20333225|20332419|20307585|20301149|20246068|20246013
2141879,20424183|20415723|20406349|20370688|20333225|20332419|20307585|20301149|20246068|20246013
2141886,20424183|20415723|20406349|20370688|20333225|20332419|20307585|20301149|20246068|20246013
2142043,20424183|20415723|20406349|20370688|20333225|20332419|20307585|20301149|20246068|20246013
2142074,20424183|20415723|20406349|20370688|20333225|20332419|20307585|20301149|20246068|20246013
2142159,4711686006090|4710998000802|4710731060124|4710363382045|4710032601194|4710015103370|4711128668787|4710960892077|4710247005206|4710467221516
2142166,4711686006090|4710998000802|4710731060124|4710363382045|4710032601194|4710015103370|4711128668787|4710960892077|4710247005206|4710467221516
2142357,4711686006090|4710998000802|4710731060124|4710363382045|4710032601194|4710015103370|4711128668787|4710960892077|4710247005206|4710467221516
2142517,20424183|20415723|20406349|20370688|20333225|20332419|20307585|20301149|20246068|20246013
2142630,20424183|20415723|20406349|20370688|20333225|20332419|20307585|20301149|20246068|20246013
2142654,20424183|20415723|20406349|20370688|20333225|20332419|20307585|20301149|20246068|20246013
2142838,20424183|20415723|20406349|20370688|20333225|20332419|20307585|20301149|20246068|20246013
2142999,4711686006090|4710998000802|4710731060124|4710363382045|4710032601194|4710015103370|4711128668787|4710960892077|4710247005206|4710467221516
2143385,20424183|20415723|20406349|20370688|20333225|20332419|20307585|20301149|20246068|20246013
2143439,20424183|20415723|20406349|20370688|20333225|20332419|20307585|20301149|20246068|20246013
2143521,20451042|20424183|20406349|20370688|20333225|20332419|20307585|20301149|20246068|20246013
2143590,20424183|20415723|20406349|20370688|20333225|20332419|20307585|20301149|20246068|20246013
2143934,4711686006090|4710998000802|4710731060124|4710363382045|4710032601194|4710015103370|4711128668787|4710960892077|4710247005206|4710467221516
2144078,20424183|20415723|20406349|20370688|20333225|20332419|20307585|20301149|20246068|20246013
2144115,20424183|20415723|20406349|20370688|20333225|20332419|20307585|20301149|20246068|20246013
2144122,20424183|20415723|20406349|20370688|20333225|20332419|20307585|20301149|20246068|20246013
2144139,20424183|20415723|20406349|20370688|20333225|20332419|20307585|20301149|20246068|20246013
2144276,4711686006090|4710998000802|4710731060124|4710363382045|4710032601194|4710015103370|4711128668787|4710960892077|4710247005206|4710467221516
2144290,20424183|20415723|20406349|20370688|20333225|20332419|20307585|20301149|20246068|20246013
2144368,20424183|20415723|20406349|20370688|20333225|20332419|20307585|20301149|20246068|20246013
2144450,4711686006090|4710998000802|4710731060124|4710363382045|4710032601194|4710015103370|4711128668787|4710960892077|4710247005206|4710467221516
2144504,20424183|20415723|20406349|20370688|20333225|20332419|20307585|20301149|20246068|20246013
2144511,20424183|20415723|20406349|20370688|20333225|20332419|20307585|20301149|20246068|20246013
2144542,4711686006090|4710998000802|4710731060124|4710363382045|4710032601194|4710015103370|4711128668787|4710960892077|4710247005206|4710467221516
2144610,20424183|20415723|20406349|20370688|20333225|20332419|20307585|20301149|20246068|20246013
2144702,20424183|20415723|20406349|20370688|20333225|20332419|20307585|20301149|20246068|20246013
2144900,20424183|20415723|20406349|20370688|20333225|20332419|20307585|20301149|20246068|20246013
2144917,4711686006090|4710998000802|4710731060124|4710363382045|4710032601194|4710015103370|4711128668787|4710960892077|4710247005206|4710467221516
2144955,4711686006090|4710998000802|4710731060124|4710363382045|4710032601194|4710015103370|4711128668787|4710960892077|4710247005206|4710467221516
2144979,20424183|20415723|20406349|20370688|20333225|20332419|20307585|20301149|20246068|20246013
2145006,4711686006090|4710998000802|4710731060124|4710363382045|4710032601194|4710015103370|4711128668787|4710960892077|4710247005206|4710467221516
2145068,4711686006090|4710998000802|4710731060124|4710363382045|4710032601194|4710015103370|4711128668787|4710960892077|4710247005206|4710467221516
2145136,20424183|20415723|20406349|20370688|20333225|20332419|20307585|20301149|20246068|20246013
2145310,20424183|20415723|20406349|20370688|20333225|20332419|20307585|20301149|20246068|20246013
2145365,20424183|20415723|20406349|20370688|20333225|20332419|20307585|20301149|20246068|20246013
2145396,20424183|20415723|20406349|20370688|20333225|20332419|20307585|20301149|20246068|20246013
2145594,20424183|20415723|20406349|20370688|20333225|20332419|20307585|20301149|20246068|20246013
2145600,4711686006090|4710998000802|4710731060124|4710363382045|4710032601194|4710015103370|4711128668787|4710960892077|4710247005206|4710467221516
2145631,20424183|20415723|20406349|20370688|20333225|20332419|20307585|20301149|20246068|20246013
2145648,4710871000165|20424183|20415723|20406349|20370688|20333225|20332419|20307585|20301149|20246068
2145730,20424183|20415723|20406349|20370688|20333225|20332419|20307585|20301149|20246068|20246013
2145914,20424183|20415723|20406349|20370688|20333225|20332419|20307585|20301149|20246068|20246013
2145969,4711686006090|4710998000802|4710731060124|4710363382045|4710032601194|4710015103370|4711128668787|4710960892077|4710247005206|4710467221516
2145976,20424183|20415723|20406349|20370688|20333225|20332419|20307585|20301149|20246068|20246013
2145990,4711686006090|4710998000802|4710731060124|4710363382045|4710032601194|4710015103370|4711128668787|4710960892077|4710247005206|4710467221516
2146065,20424183|20415723|20406349|20370688|20333225|20332419|20307585|20301149|20246068|20246013
2146126,4710583300089|4711022100031|4710057830012|51000024237|4712278884263|4711634000965|47100312|20557003|8801047271024|4710176023098
2146201,20424183|20415723|20406349|20370688|20333225|20332419|20307585|20301149|20246068|20246013
2146249,20424183|20415723|20406349|20370688|20333225|20332419|20307585|20301149|20246068|20246013
2146256,20424183|20415723|20406349|20370688|20333225|20332419|20307585|20301149|20246068|20246013
2146263,20424183|20415723|20406349|20370688|20333225|20332419|20307585|20301149|20246068|20246013
2146294,20424183|20415723|20406349|20370688|20333225|20332419|20307585|20301149|20246068|20246013
2146553,20424183|20415723|20406349|20370688|20333225|20332419|20307585|20301149|20246068|20246013
2146669,20424183|20415723|20406349|20370688|20333225|20332419|20307585|20301149|20246068|20246013
2146676,4710022275503|4710176011194|4710543310066|4710015103288|20406349|4710015202912|4714981010038|20424183|20415723|20370688
2146768,20424183|20415723|20406349|20370688|20333225|20332419|20307585|20301149|20246068|20246013
2146850,20424183|20415723|20406349|20370688|20333225|20332419|20307585|20301149|20246068|20246013
2146980,4711686006090|4710998000802|4710731060124|4710363382045|4710032601194|4710015103370|4711128668787|4710960892077|4710247005206|4710467221516
2146997,20424183|20415723|20406349|20370688|20333225|20332419|20307585|20301149|20246068|20246013
2147055,20424183|20415723|20406349|20370688|20333225|20332419|20307585|20301149|20246068|20246013
2147086,20424183|20415723|20406349|20370688|20333225|20332419|20307585|20301149|20246068|20246013
2147109,20424183|20415723|20406349|20370688|20333225|20332419|20307585|20301149|20246068|20246013
2147130,20424183|20415723|20406349|20370688|20333225|20332419|20307585|20301149|20246068|20246013
2147147,4711686006090|4710998000802|4710731060124|4710363382045|4710032601194|4710015103370|4711128668787|4710960892077|4710247005206|4710467221516
2147239,20424183|20415723|20406349|20370688|20333225|20332419|20307585|20301149|20246068|20246013
2147321,20424183|20415723|20406349|20370688|20333225|20332419|20307585|20301149|20246068|20246013
2147406,20424183|20415723|20406349|20370688|20333225|20332419|20307585|20301149|20246068|20246013
2147413,20424183|20415723|20406349|20370688|20333225|20332419|20307585|20301149|20246068|20246013
2147437,20424183|20415723|20406349|20370688|20333225|20332419|20307585|20301149|20246068|20246013
2147468,20424183|20415723|20406349|20370688|20333225|20332419|20307585|20301149|20246068|20246013
2147482,20424183|20415723|20406349|20370688|20333225|20332419|20307585|20301149|20246068|20246013
2147512,4711686006090|4710998000802|4710731060124|4710363382045|4710032601194|4710015103370|4711128668787|4710960892077|4710247005206|4710467221516
2147604,20424183|20415723|20406349|20370688|20333225|20332419|20307585|20301149|20246068|20246013
2147741,20424183|20415723|20406349|20370688|20333225|20332419|20307585|20301149|20246068|20246013
2147833,20424183|20415723|20406349|20370688|20333225|20332419|20307585|20301149|20246068|20246013
2147925,20424183|20415723|20406349|20370688|20333225|20332419|20307585|20301149|20246068|20246013
2147932,20424183|20415723|20406349|20370688|20333225|20332419|20307585|20301149|20246068|20246013
2148427,4711686006090|4710998000802|4710731060124|4710363382045|4710032601194|4710015103370|4711128668787|4710960892077|4710247005206|4710467221516
2148526,4711686006090|4710998000802|4710731060124|4710363382045|4710032601194|4710015103370|4711128668787|4710960892077|4710247005206|4710467221516
2148571,20424183|20415723|20406349|20370688|20333225|20332419|20307585|20301149|20246068|20246013
2148649,4711686006090|4710998000802|4710731060124|4710363382045|4710032601194|4710015103370|4711128668787|4710960892077|4710247005206|4710467221516
2148670,9555037202039|9310155412520|4901005202702|4712500125126|4711128668787|4710960892077|4710323168054|4710294610811|4710018031632|20553418
2148748,20424183|20415723|20406349|20370688|20333225|20332419|20307585|20301149|20246068|20246013
2149073,4711686006090|4710998000802|4710731060124|4710363382045|4710032601194|4710015103370|4711128668787|4710960892077|4710247005206|4710467221516
2149097,20424183|20415723|20406349|20370688|20333225|20332419|20307585|20301149|20246068|20246013
2149127,20451042|20424183|20415723|20406349|20370688|20333225|20332419|20307585|20301149|20246068
2149141,20424183|20415723|20406349|20370688|20333225|20332419|20307585|20301149|20246068|20246013
2149172,4711686006090|4710998000802|4710731060124|4710363382045|4710032601194|4710015103370|4711128668787|4710960892077|4710247005206|4710467221516
2149301,20424183|20415723|20406349|20370688|20333225|20332419|20307585|20301149|20246068|20246013
2149318,20424183|20415723|20406349|20370688|20333225|20332419|20307585|20301149|20246068|20246013
2149325,4711686006090|4710998000802|4710731060124|4710363382045|4710032601194|4710015103370|4711128668787|4710960892077|4710247005206|4710467221516
2149394,20424183|20415723|20406349|20370688|20333225|20332419|20307585|20301149|20246068|20246013
2149479,20424183|20415723|20406349|20370688|20333225|20332419|20307585|20301149|20246068|20246013
2149905,20424183|20415723|20406349|20370688|20333225|20332419|20307585|20301149|20246068|20246013
2149950,20424183|20415723|20406349|20370688|20333225|20332419|20307585|20301149|20246068|20246013
2150024,20424183|20415723|20406349|20370688|20333225|20332419|20307585|20301149|20246068|20246013
2150130,20424183|20415723|20406349|20370688|20333225|20332419|20307585|20301149|20246068|20246013
2150161,20424183|20415723|20406349|20370688|20333225|20332419|20307585|20301149|20246068|20246013
2150260,20424183|20415723|20406349|20370688|20333225|20332419|20307585|20301149|20246068|20246013
2150284,20424183|20415723|20406349|20370688|20333225|20332419|20307585|20301149|20246068|20246013
2150437,20424183|20415723|20406349|20370688|20333225|20332419|20307585|20301149|20246068|20246013
2150482,20424183|20415723|20406349|20370688|20333225|20332419|20307585|20301149|20246068|20246013
2150499,20424183|20415723|20406349|20370688|20333225|20332419|20307585|20301149|20246068|20246013
2150550,4711686006090|4710998000802|4710731060124|4710363382045|4710032601194|4710015103370|4711128668787|4710960892077|4710247005206|4710467221516
2150703,4711686006090|4710998000802|4710731060124|4710363382045|4710032601194|4710015103370|4711128668787|4710960892077|4710247005206|4710467221516
2150758,20424183|20415723|20406349|20370688|20333225|20332419|20307585|20301149|20246068|20246013
2150925,20424183|20415723|20406349|20370688|20333225|20332419|20307585|20301149|20246068|20246013
2150987,20424183|20415723|20406349|20370688|20333225|20332419|20307585|20301149|20246068|20246013
2150994,20424183|20415723|20406349|20370688|20333225|20332419|20307585|20301149|20246068|20246013
2151045,4711686006090|4710998000802|4710731060124|4710363382045|4710032601194|4710015103370|4711128668787|4710960892077|4710247005206|4710467221516
2151069,20424183|20415723|20406349|20370688|20333225|20332419|20307585|20301149|20246068|20246013
2151137,20424183|20415723|20406349|20370688|20333225|20332419|20307585|20301149|20246068|20246013
2151144,4710583110015|20424183|20415723|20406349|20370688|20333225|20332419|20307585|20301149|20246068
2151205,20424183|20415723|20406349|20370688|20333225|20332419|20307585|20301149|20246068|20246013
2151335,20424183|20415723|20406349|20370688|20333225|20332419|20307585|20301149|20246068|20246013
2151489,4711686006090|4710998000802|4710731060124|4710363382045|4710032601194|4710015103370|4711128668787|4710960892077|4710247005206|4710467221516
2151533,20424183|20415723|20406349|20370688|20333225|20332419|20307585|20301149|20246068|20246013
2151595,20424183|20415723|20406349|20370688|20333225|20332419|20307585|20301149|20246068|20246013
2151618,20424183|20415723|20406349|20370688|20333225|20332419|20307585|20301149|20246068|20246013
2151700,20424183|20415723|20406349|20370688|20333225|20332419|20307585|20301149|20246068|20246013
2151847,20424183|20415723|20406349|20370688|20333225|20332419|20307585|20301149|20246068|20246013
2151861,20424183|20415723|20406349|20370688|20333225|20332419|20307585|20301149|20246068|20246013
2151878,4711686006090|4710998000802|4710731060124|4710363382045|4710032601194|4710015103370|4711128668787|4710960892077|4710247005206|4710467221516
2151960,20424183|20415723|20406349|20370688|20333225|20332419|20307585|20301149|20246068|20246013
2152042,20424183|20415723|20406349|20370688|20333225|20332419|20307585|20301149|20246068|20246013
2152080,4710172030083|4710088434043|4719854750158|4710140101005|4710094020193|4710088430922|4711524001041|4710290007011|4710022102892|4710088432476
2152097,20424183|20415723|20406349|20370688|20333225|20332419|20307585|20301149|20246068|20246013
2152363,20424183|20415723|20406349|20370688|20333225|20332419|20307585|20301149|20246068|20246013
2152394,20451042|20424183|20415723|20406349|20370688|20333225|20332419|20301149|20246068|20246013
2152462,20424183|20415723|20406349|20370688|20333225|20332419|20307585|20301149|20246068|20246013
2152479,4711686006090|4710998000802|4710731060124|4710363382045|4710032601194|4710015103370|4711128668787|4710960892077|4710247005206|4710467221516
2152554,20424183|20415723|20406349|20370688|20333225|20332419|20307585|20301149|20246068|20246013
2152592,20424183|20415723|20406349|20370688|20333225|20332419|20307585|20301149|20246068|20246013
2152615,20424183|20415723|20406349|20370688|20333225|20332419|20307585|20301149|20246068|20246013
2152691,20424183|20415723|20406349|20370688|20333225|20332419|20307585|20301149|20246068|20246013
2152776,20424183|20415723|20406349|20370688|20333225|20332419|20307585|20301149|20246068|20246013
2152851,20424183|20415723|20406349|20370688|20333225|20332419|20307585|20301149|20246068|20246013
2152882,4711686006090|4710998000802|4710731060124|4710363382045|4710032601194|4710015103370|4711128668787|4710960892077|4710247005206|4710467221516
2152905,20424183|20415723|20406349|20370688|20333225|20332419|20307585|20301149|20246068|20246013
2153186,20424183|20415723|20406349|20370688|20333225|20332419|20307585|20301149|20246068|20246013
2153223,4711686006090|4710998000802|4710731060124|4710363382045|4710032601194|4710015103370|4711128668787|4710960892077|4710247005206|4710467221516
2153261,20424183|20415723|20406349|20370688|20333225|20332419|20307585|20301149|20246068|20246013
2153292,20424183|20415723|20406349|20370688|20333225|20332419|20307585|20301149|20246068|20246013
2153322,20424183|20415723|20406349|20370688|20333225|20332419|20307585|20301149|20246068|20246013
2153360,20424183|20415723|20406349|20370688|20333225|20332419|20307585|20301149|20246068|20246013
2153384,20424183|20415723|20406349|20370688|20333225|20332419|20307585|20301149|20246068|20246013
2153438,4711686006090|4710998000802|4710731060124|4710363382045|4710032601194|4710015103370|4711128668787|4710960892077|4710247005206|4710467221516
2153445,20424183|20415723|20406349|20370688|20333225|20332419|20307585|20301149|20246068|20246013
2153469,20424183|20415723|20406349|20370688|20333225|20332419|20307585|20301149|20246068|20246013
2153476,4711686006090|4710998000802|4710731060124|4710363382045|4710032601194|4710015103370|4711128668787|4710960892077|4710247005206|4710467221516
2153513,20424183|20415723|20406349|20370688|20333225|20332419|20307585|20301149|20246068|20246013
2153728,4711686006090|4710998000802|4710731060124|4710363382045|4710032601194|4710015103370|4711128668787|4710960892077|4710247005206|4710467221516
2153896,20424183|20415723|20406349|20370688|20333225|20332419|20307585|20301149|20246068|20246013
2153902,20424183|20415723|20406349|20370688|20333225|20332419|20307585|20301149|20246068|20246013
2153919,20424183|20415723|20406349|20370688|20333225|20332419|20307585|20301149|20246068|20246013
2153933,4711686006090|4710998000802|4710731060124|4710363382045|4710032601194|4710015103370|4711128668787|4710960892077|4710247005206|4710467221516
2153971,4710159010107|4710088430922|4711524001041|4710290007011|4710022102892|4710088432476|4710105051642|4710088433305|4711524000471|4710857472634
2154039,87108026|4716462008022|4710247006562|4710105011011|4710105020358|4714050000038|4710110000581|4711437000063|4710105015118|4710209701139
2154053,4711686006090|4710998000802|4710731060124|4710363382045|4710032601194|4710015103370|4711128668787|4710960892077|4710247005206|4710467221516
2154152,4711686006090|4710998000802|4710731060124|4710363382045|4710032601194|4710015103370|4711128668787|4710960892077|4710247005206|4710467221516
2154282,20424183|20415723|20406349|20370688|20333225|20332419|20307585|20301149|20246068|20246013
2154329,4714050000038|4710110000581|4711437000063|4710036038033|4710209701139|4719090900058|4710114105046|4710105010724|4710094012686|4710515533028
2154398,20424183|20415723|20406349|20370688|20333225|20332419|20307585|20301149|20246068|20246013
2154404,20424183|20415723|20406349|20370688|20333225|20332419|20307585|20301149|20246068|20246013
2154442,4711686006090|4710998000802|4710731060124|4710363382045|4710032601194|4710015103370|4711128668787|4710960892077|4710247005206|4710467221516
2154503,20424183|20415723|20406349|20370688|20333225|20332419|20307585|20301149|20246068|20246013
2154756,20424183|20415723|20406349|20370688|20333225|20332419|20307585|20301149|20246068|20246013
2154794,4711686006090|4710998000802|4710731060124|4710363382045|4710032601194|4710015103370|4711128668787|4710960892077|4710247005206|4710467221516
2154862,4711686006090|4710998000802|4710731060124|4710363382045|4710032601194|4710015103370|4711128668787|4710960892077|4710247005206|4710467221516
2154978,4710362010093|37000441809|4710105015125|20424183|20415723|20406349|20370688|20333225|20332419|20307585
2155029,20424183|20415723|20406349|20370688|20333225|20332419|20307585|20301149|20246068|20246013
2155081,4712425010255|20424183|20415723|20406349|20370688|20333225|20332419|20307585|20301149|20246068
2155166,20424183|20415723|20406349|20370688|20333225|20332419|20307585|20301149|20246068|20246013
2155173,20424183|20415723|20406349|20370688|20333225|20332419|20307585|20301149|20246068|20246013
2155180,20424183|20415723|20406349|20370688|20333225|20332419|20307585|20301149|20246068|20246013
2155197,20424183|20415723|20406349|20370688|20333225|20332419|20307585|20301149|20246068|20246013
2155210,20424183|20415723|20406349|20370688|20333225|20332419|20307585|20301149|20246068|20246013
2155258,20424183|20415723|20406349|20370688|20333225|20332419|20307585|20301149|20246068|20246013
2155265,4711686006090|4710998000802|4710731060124|4710363382045|4710032601194|4710015103370|4711128668787|4710960892077|4710247005206|4710467221516
2155289,20424183|20415723|20406349|20370688|20333225|20332419|20307585|20301149|20246068|20246013
2155319,4712278884263|4711634000965|47100312|4711686006090|4710998000802|4710731060124|4710363382045|4710247005206|4710032601194|4710015103370
2155340,20424183|20415723|20406349|20370688|20333225|20332419|20307585|20301149|20246068|20246013
2155357,4711686006090|4710998000802|4710731060124|4710363382045|4710032601194|4710015103370|4711128668787|4710960892077|4710247005206|4710467221516
2155364,20424183|20415723|20406349|20370688|20333225|20332419|20307585|20301149|20246068|20246013
2155371,20424183|20415723|20406349|20370688|20333225|20332419|20307585|20301149|20246068|20246013
2155395,20424183|20415723|20406349|20370688|20333225|20332419|20307585|20301149|20246068|20246013
2155401,20424183|20415723|20406349|20370688|20333225|20332419|20307585|20301149|20246068|20246013
2155425,20424183|20415723|20406349|20370688|20333225|20332419|20307585|20301149|20246068|20246013
2155449,20424183|20415723|20406349|20370688|20333225|20332419|20307585|20301149|20246068|20246013
2155456,20424183|20415723|20406349|20370688|20333225|20332419|20307585|20301149|20246068|20246013
2155463,20424183|20415723|20406349|20370688|20333225|20332419|20307585|20301149|20246068|20246013
2155470,4711686006090|4710998000802|4710731060124|4710363382045|4710032601194|4710015103370|4711128668787|4710960892077|4710247005206|4710467221516
2155487,4711686006090|4710998000802|4710731060124|4710363382045|4710032601194|4710015103370|4711128668787|4710960892077|4710247005206|4710467221516
2155494,20424183|20415723|20406349|20370688|20333225|20332419|20307585|20301149|20246068|20246013
2155517,20424183|20415723|20406349|20370688|20333225|20332419|20307585|20301149|20246068|20246013
2155531,20424183|20415723|20406349|20370688|20333225|20332419|20307585|20301149|20246068|20246013
2155548,4711686006090|4710998000802|4710731060124|4710363382045|4710032601194|4710015103370|4711128668787|4710960892077|4710247005206|4710467221516
2155555,20424183|20415723|20406349|20370688|20333225|20332419|20307585|20301149|20246068|20246013
2155562,20424183|20415723|20406349|20370688|20333225|20332419|20307585|20301149|20246068|20246013
2155579,20424183|20415723|20406349|20370688|20333225|20332419|20307585|20301149|20246068|20246013
2155593,20424183|20415723|20406349|20370688|20333225|20332419|20307585|20301149|20246068|20246013
2155609,20424183|20415723|20406349|20370688|20333225|20332419|20307585|20301149|20246068|20246013
2155616,20424183|20415723|20406349|20370688|20333225|20332419|20307585|20301149|20246068|20246013
2155623,4711686006090|4710998000802|4710731060124|4710363382045|4710032601194|4710015103370|4711128668787|4710960892077|4710247005206|4710467221516
2155630,4711686006090|4710998000802|4710731060124|4710363382045|4710032601194|4710015103370|4711128668787|4710960892077|4710247005206|4710467221516
2155647,20424183|20415723|20406349|20370688|20333225|20332419|20307585|20301149|20246068|20246013
2155678,20424183|20415723|20406349|20370688|20333225|20332419|20307585|20301149|20246068|20246013
2155692,20424183|20415723|20406349|20370688|20333225|20332419|20307585|20301149|20246068|20246013
2155708,20424183|20415723|20406349|20370688|20333225|20332419|20307585|20301149|20246068|20246013
2155739,4711686006090|4710998000802|4710731060124|4710363382045|4710032601194|4710015103370|4711128668787|4710960892077|4710247005206|4710467221516
2155753,20424183|20415723|20406349|20370688|20333225|20332419|20307585|20301149|20246068|20246013
2155777,4712494215773|4710105020310|4710105020358|4014400901573|20424183|20415723|20406349|20370688|20333225|20332419
2155784,9556121008032|9556121008025|4717101101265|4714276113888|4712397000261|4710105051628|4710871000356|4710583920003|20246013|4711039232190
2155807,20424183|20415723|20406349|20370688|20333225|20332419|20307585|20301149|20246068|20246013
2155814,4711686006090|4710998000802|4710731060124|4710363382045|4710032601194|4710015103370|4711128668787|4710960892077|4710247005206|4710467221516
2155845,20424183|20415723|20406349|20370688|20333225|20332419|20307585|20301149|20246068|20246013
2155883,20424183|20415723|20406349|20370688|20333225|20332419|20307585|20301149|20246068|20246013
2155906,20424183|20415723|20406349|20370688|20333225|20332419|20307585|20301149|20246068|20246013
2155913,20424183|20415723|20406349|20370688|20333225|20332419|20307585|20301149|20246068|20246013
2155920,4711686006090|4710998000802|4710731060124|4710363382045|4710032601194|4710015103370|4711128668787|4710960892077|4710247005206|4710467221516
2155937,20424183|20415723|20406349|20370688|20333225|20332419|20307585|20301149|20246068|20246013
2155944,20424183|20415723|20406349|20370688|20333225|20332419|20307585|20301149|20246068|20246013
2155951,20424183|20415723|20406349|20370688|20333225|20332419|20307585|20301149|20246068|20246013
2155975,20424183|20415723|20406349|20370688|20333225|20332419|20307585|20301149|20246068|20246013
2156002,4711686006090|4710998000802|4710731060124|4710363382045|4710032601194|4710015103370|4711128668787|4710960892077|4710247005206|4710467221516
2156019,20424183|20415723|20406349|20370688|20333225|20332419|20307585|20301149|20246068|20246013
2156033,20424183|20415723|20406349|20370688|20333225|20332419|20307585|20301149|20246068|20246013
2156040,20424183|20415723|20406349|20370688|20333225|20332419|20307585|20301149|20246068|20246013
2156057,20424183|20415723|20406349|20370688|20333225|20332419|20307585|20301149|20246068|20246013
2156064,20424183|20415723|20406349|20370688|20333225|20332419|20307585|20301149|20246068|20246013
2156071,20424183|20415723|20406349|20370688|20333225|20332419|20307585|20301149|20246068|20246013
2156088,20451042|20424183|20415723|20406349|20370688|20333225|20332419|20301149|20246068|20246013
2156095,4711686006090|4710998000802|4710731060124|4710363382045|4710032601194|4710015103370|4711128668787|4710960892077|4710247005206|4710467221516
2156101,20424183|20415723|20406349|20370688|20333225|20332419|20307585|20301149|20246068|20246013
2156118,4711686006090|4710998000802|4710731060124|4710363382045|4710032601194|4710015103370|4711128668787|4710960892077|4710247005206|4710467221516
2156125,20424183|20415723|20406349|20370688|20333225|20332419|20307585|20301149|20246068|20246013
2156156,20424183|20415723|20406349|20370688|20333225|20332419|20307585|20301149|20246068|20246013
2156170,20424183|20415723|20406349|20370688|20333225|20332419|20307585|20301149|20246068|20246013
2156217,20424183|20415723|20406349|20370688|20333225|20332419|20307585|20301149|20246068|20246013
2156224,4711686006090|4710998000802|4710731060124|4710363382045|4710032601194|4710015103370|4711128668787|4710960892077|4710247005206|4710467221516
2156231,20424183|20415723|20406349|20370688|20333225|20332419|20307585|20301149|20246068|20246013
2156262,20424183|20415723|20406349|20370688|20333225|20332419|20307585|20301149|20246068|20246013
2156279,4711686006090|4710998000802|4710731060124|4710363382045|4710032601194|4710015103370|4711128668787|4710960892077|4710247005206|4710467221516
2156286,20424183|20415723|20406349|20370688|20333225|20332419|20307585|20301149|20246068|20246013
2156316,20424183|20415723|20406349|20370688|20333225|20332419|20307585|20301149|20246068|20246013
2156330,4716758007036|4710054380619|20424183|20415723|20406349|20370688|20333225|20332419|20307585|20301149
2156347,20424183|20415723|20406349|20370688|20333225|20332419|20307585|20301149|20246068|20246013
2156378,20424183|20415723|20406349|20370688|20333225|20332419|20307585|20301149|20246068|20246013
2156392,20424183|20415723|20406349|20370688|20333225|20332419|20307585|20301149|20246068|20246013
2156415,20424183|20415723|20406349|20370688|20333225|20332419|20307585|20301149|20246068|20246013
2156422,20424183|20415723|20406349|20370688|20333225|20332419|20307585|20301149|20246068|20246013
2156446,4711686006090|4710998000802|4710731060124|4710363382045|4710032601194|4710015103370|4711128668787|4710960892077|4710247005206|4710467221516
2156453,20424183|20415723|20406349|20370688|20333225|20332419|20307585|20301149|20246068|20246013
2156477,20424183|20415723|20406349|20370688|20333225|20332419|20307585|20301149|20246068|20246013
2156491,4711686006090|4710998000802|4710731060124|4710363382045|4710032601194|4710015103370|4711128668787|4710960892077|4710247005206|4710467221516
2156507,20424183|20415723|20406349|20370688|20333225|20332419|20307585|20301149|20246068|20246013
2156514,20424183|20415723|20406349|20370688|20333225|20332419|20307585|20301149|20246068|20246013
2156538,4711686006090|4710998000802|4710731060124|4710363382045|4710032601194|4710015103370|4711128668787|4710960892077|4710247005206|4710467221516
2156545,20424183|20415723|20406349|20370688|20333225|20332419|20307585|20301149|20246068|20246013
2156552,4711686006090|4710998000802|4710731060124|4710363382045|4710032601194|4710015103370|4711128668787|4710960892077|4710247005206|4710467221516
2156569,20451042|20424183|20406349|20370688|20333225|20332419|20307585|20301149|20246068|20246013
2156590,4711686006090|4710998000802|4710731060124|4710363382045|4710032601194|4710015103370|4711128668787|4710960892077|4710247005206|4710467221516
2156606,4711686006090|4710998000802|4710731060124|4710363382045|4710032601194|4710015103370|4711128668787|4710960892077|4710247005206|4710467221516
2156613,4711686006090|4710998000802|4710731060124|4710363382045|4710032601194|4710015103370|4711128668787|4710960892077|4710247005206|4710467221516
2156620,20424183|20415723|20406349|20370688|20333225|20332419|20307585|20301149|20246068|20246013
2156637,20451042|20424183|20406349|20370688|20333225|20332419|20307585|20301149|20246068|20246013
2156644,4711686006090|4710998000802|4710731060124|4710363382045|4710032601194|4710015103370|4711128668787|4710960892077|4710247005206|4710467221516
2156651,4711686006090|4710998000802|4710731060124|4710363382045|4710032601194|4710015103370|4711128668787|4710960892077|4710247005206|4710467221516
2156682,20424183|20415723|20406349|20370688|20333225|20332419|20307585|20301149|20246068|20246013
2156705,20424183|20415723|20406349|20370688|20333225|20332419|20307585|20301149|20246068|20246013
2156712,4711686006090|4710998000802|4710731060124|4710363382045|4710032601194|4710015103370|4711128668787|4710960892077|4710247005206|4710467221516
2156729,20424183|20415723|20406349|20370688|20333225|20332419|20307585|20301149|20246068|20246013
2156736,4711686006090|4710998000802|4710731060124|4710363382045|4710032601194|4710015103370|4711128668787|4710960892077|4710247005206|4710467221516
2156743,4711686006090|4710998000802|4710731060124|4710363382045|4710032601194|4710015103370|4711128668787|4710960892077|4710247005206|4710467221516
2156750,20424183|20415723|20406349|20370688|20333225|20332419|20307585|20301149|20246068|20246013
2156767,20424183|20415723|20406349|20370688|20333225|20332419|20307585|20301149|20246068|20246013
2156774,20424183|20415723|20406349|20370688|20333225|20332419|20307585|20301149|20246068|20246013
2156859,20424183|20415723|20406349|20370688|20333225|20332419|20307585|20301149|20246068|20246013
2156873,20424183|20415723|20406349|20370688|20333225|20332419|20307585|20301149|20246068|20246013
2156880,20424183|20415723|20406349|20370688|20333225|20332419|20307585|20301149|20246068|20246013
2156910,20424183|20415723|20406349|20370688|20333225|20332419|20307585|20301149|20246068|20246013
2156996,4711686006090|4710998000802|4710731060124|4710363382045|4710032601194|4710015103370|4711128668787|4710960892077|4710247005206|4710467221516
2157047,20424183|20415723|20406349|20370688|20333225|20332419|20307585|20301149|20246068|20246013
2157092,4711686006090|4710998000802|4710731060124|4710363382045|4710032601194|4710015103370|4711128668787|4710960892077|4710247005206|4710467221516
2157115,4715874000532|4710126010116|4711022100017|4719090790017|4719090790000|20424183|20415723|20406349|20370688|20333225
2157122,20424183|20415723|20406349|20370688|20333225|20332419|20307585|20301149|20246068|20246013
2157146,4711686006090|4710998000802|4710731060124|4710363382045|4710032601194|4710015103370|4711128668787|4710960892077|4710247005206|4710467221516
2157177,4711686006090|4710998000802|4710731060124|4710363382045|4710032601194|4710015103370|4711128668787|4710960892077|4710247005206|4710467221516
2157184,20424183|20415723|20406349|20370688|20333225|20332419|20307585|20301149|20246068|20246013
2157191,20424183|20415723|20406349|20370688|20333225|20332419|20307585|20301149|20246068|20246013
2157207,4711686006090|4710998000802|4710731060124|4710363382045|4710032601194|4710015103370|4711128668787|4710960892077|4710247005206|4710467221516
2157214,4711686006090|4710998000802|4710731060124|4710363382045|4710032601194|4710015103370|4711128668787|4710960892077|4710247005206|4710467221516
2157238,20424183|20415723|20406349|20370688|20333225|20332419|20307585|20301149|20246068|20246013
2157269,4711686006090|4710998000802|4710731060124|4710363382045|4710032601194|4710015103370|4711128668787|4710960892077|4710247005206|4710467221516
2157276,20424183|20415723|20406349|20370688|20333225|20332419|20307585|20301149|20246068|20246013
2157283,4711686006090|4710998000802|4710731060124|4710363382045|4710032601194|4710015103370|4711128668787|4710960892077|4710247005206|4710467221516
2157290,20424183|20415723|20406349|20370688|20333225|20332419|20307585|20301149|20246068|20246013
2157313,4711686006090|4710998000802|4710731060124|4710363382045|4710032601194|4710015103370|4711128668787|4710960892077|4710247005206|4710467221516
2157337,20451042|20424183|20415723|20406349|20370688|20333225|20332419|20307585|20301149|20246068
2157344,20424183|20415723|20406349|20370688|20333225|20332419|20307585|20301149|20246068|20246013
2157351,20424183|20415723|20406349|20370688|20333225|20332419|20307585|20301149|20246068|20246013
2157368,20424183|20415723|20406349|20370688|20333225|20332419|20307585|20301149|20246068|20246013
2157375,20424183|20415723|20406349|20370688|20333225|20332419|20307585|20301149|20246068|20246013
2157399,20424183|20415723|20406349|20370688|20333225|20332419|20307585|20301149|20246068|20246013
2157412,20424183|20415723|20406349|20370688|20333225|20332419|20307585|20301149|20246068|20246013
2157436,20424183|20415723|20406349|20370688|20333225|20332419|20307585|20301149|20246068|20246013
2157443,20424183|20415723|20406349|20370688|20333225|20332419|20307585|20301149|20246068|20246013
2157450,20424183|20415723|20406349|20370688|20333225|20332419|20307585|20301149|20246068|20246013
2157467,20424183|20415723|20406349|20370688|20333225|20332419|20307585|20301149|20246068|20246013
2157474,20424183|20415723|20406349|20370688|20333225|20332419|20307585|20301149|20246068|20246013
2157504,20424183|20415723|20406349|20370688|20333225|20332419|20307585|20301149|20246068|20246013
2157528,20424183|20415723|20406349|20370688|20333225|20332419|20307585|20301149|20246068|20246013
2157542,20424183|20415723|20406349|20370688|20333225|20332419|20307585|20301149|20246068|20246013
2157559,20424183|20415723|20406349|20370688|20333225|20332419|20307585|20301149|20246068|20246013
2157641,20424183|20415723|20406349|20370688|20333225|20332419|20307585|20301149|20246068|20246013
2157665,20424183|20415723|20406349|20370688|20333225|20332419|20307585|20301149|20246068|20246013
2157672,20424183|20415723|20406349|20370688|20333225|20332419|20307585|20301149|20246068|20246013
2157689,20424183|20415723|20406349|20370688|20333225|20332419|20307585|20301149|20246068|20246013
2157696,20424183|20415723|20406349|20370688|20333225|20332419|20307585|20301149|20246068|20246013
2157702,4711686006090|4710998000802|4710731060124|4710363382045|4710032601194|4710015103370|4711128668787|4710960892077|4710247005206|4710467221516
2157726,20451042|20424183|20415723|20406349|20370688|20333225|20332419|20301149|20246068|20246013
2157764,20424183|20415723|20406349|20370688|20333225|20332419|20307585|20301149|20246068|20246013
2157788,20424183|20415723|20406349|20370688|20333225|20332419|20307585|20301149|20246068|20246013
2157825,20424183|20415723|20406349|20370688|20333225|20332419|20307585|20301149|20246068|20246013
2157832,20424183|20415723|20406349|20370688|20333225|20332419|20307585|20301149|20246068|20246013
2157849,20424183|20415723|20406349|20370688|20333225|20332419|20307585|20301149|20246068|20246013
2157856,4711686006090|4710998000802|4710731060124|4710363382045|4710032601194|4710015103370|4711128668787|4710960892077|4710247005206|4710467221516
2157863,20424183|20415723|20406349|20370688|20333225|20332419|20307585|20301149|20246068|20246013
2157870,20424183|20415723|20406349|20370688|20333225|20332419|20307585|20301149|20246068|20246013
2157887,20451042|20424183|20415723|20370688|20333225|20332419|20307585|20301149|20246068|20246013
2157894,20424183|20415723|20406349|20370688|20333225|20332419|20307585|20301149|20246068|20246013
2157900,4711686006090|4710998000802|4710731060124|4710363382045|4710032601194|4710015103370|4711128668787|4710960892077|4710247005206|4710467221516
2157924,20424183|20415723|20406349|20370688|20333225|20332419|20307585|20301149|20246068|20246013
2157931,20451042|20424183|20415723|20370688|20333225|20332419|20307585|20301149|20246068|20246013
2157948,20424183|20415723|20406349|20370688|20333225|20332419|20307585|20301149|20246068|20246013
2157962,4711686006090|4710998000802|4710731060124|4710363382045|4710032601194|4710015103370|4711128668787|4710960892077|4710247005206|4710467221516
2157979,20451042|20424183|20415723|20406349|20333225|20332419|20307585|20301149|20246068|20246013
2157993,20424183|20415723|20406349|20370688|20333225|20332419|20307585|20301149|20246068|20246013
2158006,20424183|20415723|20406349|20370688|20333225|20332419|20307585|20301149|20246068|20246013
2158013,4711686006090|4710998000802|4710731060124|4710363382045|4710032601194|4710015103370|4711128668787|4710960892077|4710247005206|4710467221516
2158020,20424183|20415723|20406349|20370688|20333225|20332419|20307585|20301149|20246068|20246013
2158051,20424183|20415723|20406349|20370688|20333225|20332419|20307585|20301149|20246068|20246013
2158068,20424183|20415723|20406349|20370688|20333225|20332419|20307585|20301149|20246068|20246013
2158075,20424183|20415723|20406349|20370688|20333225|20332419|20307585|20301149|20246068|20246013
2158082,20424183|20415723|20406349|20370688|20333225|20332419|20307585|20301149|20246068|20246013
2158099,20451042|20424183|20415723|20406349|20370688|20333225|20307585|20301149|20246068|20246013
2158112,20424183|20415723|20406349|20370688|20333225|20332419|20307585|20301149|20246068|20246013
2158129,20424183|20415723|20406349|20370688|20333225|20332419|20307585|20301149|20246068|20246013
2158143,20424183|20415723|20406349|20370688|20333225|20332419|20307585|20301149|20246068|20246013
2158150,4711686006090|4710998000802|4710731060124|4710363382045|4710032601194|4710015103370|4711128668787|4710960892077|4710247005206|4710467221516
2158174,20424183|20415723|20406349|20370688|20333225|20332419|20307585|20301149|20246068|20246013
2158181,20424183|20415723|20406349|20370688|20333225|20332419|20307585|20301149|20246068|20246013
2158198,20424183|20415723|20406349|20370688|20333225|20332419|20307585|20301149|20246068|20246013
2158266,4711686006090|4710998000802|4710731060124|4710363382045|4710032601194|4710015103370|4711128668787|4710960892077|4710247005206|4710467221516
2158273,20424183|20415723|20406349|20370688|20333225|20332419|20307585|20301149|20246068|20246013
2158297,20424183|20415723|20406349|20370688|20333225|20332419|20307585|20301149|20246068|20246013
2158303,4711686006090|4710998000802|4710731060124|4710363382045|4710032601194|4710015103370|4711128668787|4710960892077|4710247005206|4710467221516
2158310,20424183|20415723|20406349|20370688|20333225|20332419|20307585|20301149|20246068|20246013
2158327,20424183|20415723|20406349|20370688|20333225|20332419|20307585|20301149|20246068|20246013
2158341,4711686006090|4710998000802|4710731060124|4710363382045|4710032601194|4710015103370|4711128668787|4710960892077|4710247005206|4710467221516
2158365,4711686006090|4710998000802|4710731060124|4710363382045|4710032601194|4710015103370|4711128668787|4710960892077|4710247005206|4710467221516
2158372,20451042|20424183|20415723|20406349|20370688|20333225|20332419|20307585|20301149|20246013
2158389,20424183|20415723|20406349|20370688|20333225|20332419|20307585|20301149|20246068|20246013
2158396,4711686006090|4710998000802|4710731060124|4710363382045|4710032601194|4710015103370|4711128668787|4710960892077|4710247005206|4710467221516
2158419,20424183|20415723|20406349|20370688|20333225|20332419|20307585|20301149|20246068|20246013
2158457,4711686006090|4710998000802|4710731060124|4710363382045|4710032601194|4710015103370|4711128668787|4710960892077|4710247005206|4710467221516
20002000,20424183|20415723|20406349|20370688|20333225|20332419|20307585|20301149|20246068|20246013
